age,workclass,education,marital_status,occupation,race,gender,hours_per_week,income,AL_prediction,AL_prediction_proba,GL_prediction,GL_prediction_proba,GD_prediction,GD_prediction_proba
27,2,7,0,5,1,0,44,0.0,0.0,0.9260155,0.0,0.9327261,0,0.99905425
27,2,1,3,2,1,0,40,0.0,0.0,0.9309616,0.0,0.97744465,0,0.99948263
25,2,0,1,3,1,1,40,0.0,0.0,0.80201757,0.0,0.78328145,0,0.8663779
46,2,6,1,0,0,1,40,0.0,0.0,0.88125694,0.0,0.94410664,0,0.9986376
45,2,6,0,0,1,1,76,1.0,0.0,0.9510587,0.0,0.9282862,0,0.9987987
29,2,1,1,2,1,1,75,0.0,1.0,0.35751128,1.0,0.32397914,1,0.038921222
42,0,3,2,4,0,0,60,0.0,0.0,0.95198935,0.0,0.9097903,0,0.9980459
34,2,7,0,5,1,0,50,0.0,0.0,0.8729533,0.0,0.90180486,0,0.99623114
60,0,0,0,2,1,1,40,1.0,0.0,0.86476105,0.0,0.6879245,0,0.99943954
19,2,7,3,5,1,0,40,0.0,0.0,0.996159,0.0,0.96562135,0,0.99942124
21,2,0,3,5,1,0,8,0.0,0.0,0.9987623,0.0,0.9823627,0,0.99951696
31,2,4,3,2,1,0,46,0.0,0.0,0.8006327,0.0,0.84383893,0,0.86198175
53,2,4,1,5,1,1,45,1.0,1.0,0.1288777,1.0,0.15022832,1,1.3488735e-05
35,1,3,1,1,1,0,25,0.0,0.0,0.8377173,0.0,0.93692803,0,0.9159922
51,0,4,0,5,1,0,40,0.0,0.0,0.693032,0.0,0.8528671,0,0.9991578
31,0,1,0,4,1,1,50,1.0,0.0,0.7818206,0.0,0.83821535,0,0.9996321
37,2,7,1,0,1,1,52,0.0,0.0,0.56033266,0.0,0.5068413,0,0.7061386
29,2,2,1,2,0,1,60,0.0,1.0,0.20748323,1.0,0.2751612,1,0.0028157749
68,1,3,1,1,1,1,15,0.0,0.0,0.85403305,0.0,0.77306235,0,0.8912021
24,2,3,1,0,1,1,40,0.0,0.0,0.9075246,0.0,0.89008653,0,0.9077956
46,2,6,2,0,1,0,40,0.0,0.0,0.9952007,0.0,0.9788517,0,0.99886525
53,2,7,1,0,0,1,40,1.0,0.0,0.6828893,0.0,0.5561448,0,0.6497512
54,2,7,1,2,1,1,40,1.0,1.0,0.38933444,1.0,0.47033566,1,0.0031556482
21,2,7,3,0,1,1,55,0.0,0.0,0.98068386,0.0,0.9424384,0,0.92007184
56,2,2,1,2,1,1,50,0.0,1.0,0.112564266,1.0,0.16595465,1,1.2263496e-05
35,3,5,1,2,1,1,65,1.0,1.0,0.08198792,1.0,0.22208512,1,0.0013316523
46,2,7,1,5,1,1,40,0.0,1.0,0.37659347,0.0,0.6501149,1,0.0037915115
36,3,7,0,3,1,0,35,0.0,0.0,0.9297825,0.0,0.96786964,0,0.9993954
20,2,7,3,0,1,0,40,0.0,0.0,0.99664086,0.0,0.9767444,0,0.99921453
29,2,3,3,0,1,1,40,0.0,0.0,0.9721936,0.0,0.98070955,0,0.9992423
37,2,7,0,4,0,0,40,0.0,0.0,0.9787108,0.0,0.97612673,0,0.99907386
17,2,6,3,0,1,1,16,0.0,0.0,0.9999997,0.0,0.9860642,0,0.999335
32,2,3,0,0,1,0,38,0.0,0.0,0.97920156,0.0,0.97676367,0,0.9991002
23,2,3,3,5,1,1,40,0.0,0.0,0.9848685,0.0,0.9807776,0,0.9992912
45,3,4,0,3,1,0,42,1.0,0.0,0.58943284,0.0,0.8375706,0,0.99943525
26,2,3,3,0,1,1,40,0.0,0.0,0.98171496,0.0,0.98048747,0,0.9992466
31,2,3,0,4,1,0,99,1.0,0.0,0.96069586,0.0,0.66015184,0,0.8707257
79,2,7,1,2,1,1,20,0.0,0.0,0.5976467,0.0,0.6097954,1,0.23420642
49,2,3,0,4,1,0,40,0.0,0.0,0.9680714,0.0,0.93924004,0,0.9984409
42,2,1,1,3,1,1,40,1.0,1.0,0.25280988,1.0,0.22131765,1,1.24831095e-05
67,2,4,1,3,1,1,30,1.0,1.0,0.36353272,1.0,0.09349233,1,3.7982127e-06
35,2,2,1,5,1,1,45,1.0,1.0,0.11968684,1.0,0.19665468,1,0.00032382092
44,2,1,0,5,1,1,50,1.0,0.0,0.63743675,0.0,0.58050805,0,0.7368688
31,2,3,1,0,1,1,40,0.0,0.0,0.8111576,0.0,0.88446635,0,0.90845007
37,0,1,0,2,1,0,55,0.0,0.0,0.6878161,0.0,0.8216932,0,0.9993622
22,0,0,3,5,1,1,40,0.0,0.0,0.9822276,0.0,0.99137026,0,0.99965274
34,2,7,1,0,1,1,40,0.0,0.0,0.699442,0.0,0.7605884,0,0.85904264
45,2,3,0,0,1,1,40,0.0,0.0,0.94382787,0.0,0.9781515,0,0.9989542
51,2,3,1,0,0,1,40,0.0,0.0,0.7837989,0.0,0.6369114,0,0.85584056
28,2,6,1,5,1,0,40,0.0,0.0,0.8429868,0.0,0.9255032,0,0.9991585
38,2,0,0,5,0,0,40,0.0,0.0,0.90746033,0.0,0.96179456,0,0.99938655
40,2,6,0,0,1,0,40,0.0,0.0,0.9858811,0.0,0.97602147,0,0.9990702
50,2,7,1,4,1,1,60,1.0,1.0,0.4059518,1.0,0.35417908,1,0.062141187
33,2,6,0,0,1,1,40,0.0,0.0,0.98642766,0.0,0.9812134,0,0.99924004
49,2,1,1,5,1,1,40,0.0,1.0,0.21773803,1.0,0.30491722,1,4.9989203e-06
44,2,0,0,0,1,0,45,0.0,0.0,0.9045744,0.0,0.90658706,0,0.9982249
23,2,3,1,4,1,1,50,0.0,0.0,0.8793805,0.0,0.8504028,0,0.88395107
20,2,3,3,0,1,1,40,0.0,0.0,0.99505836,0.0,0.97973067,0,0.9992518
32,2,3,1,4,1,0,20,0.0,0.0,0.9344551,0.0,0.9428635,0,0.99851686
64,2,6,0,4,1,0,12,0.0,0.0,0.9959772,0.0,0.94556653,0,0.99849045
28,2,1,1,2,1,1,40,0.0,1.0,0.43825972,1.0,0.36029077,1,0.2547741
47,0,6,1,0,1,1,40,0.0,0.0,0.89798605,0.0,0.9229541,0,0.9981577
37,2,7,0,5,1,0,40,0.0,0.0,0.904147,0.0,0.94133383,0,0.99937147
47,3,3,1,0,1,1,48,0.0,0.0,0.71119726,0.0,0.63690686,0,0.8558405
59,1,6,0,1,1,0,40,0.0,0.0,0.9681814,0.0,0.94761163,0,0.998447
22,2,7,3,2,1,0,20,0.0,0.0,0.99643034,0.0,0.9662002,0,0.9996455
47,2,6,1,0,1,1,40,1.0,0.0,0.86322963,0.0,0.94382703,0,0.998574
26,2,0,3,4,1,1,40,0.0,0.0,0.9791355,0.0,0.97941196,0,0.9992482
44,2,0,1,2,1,1,50,1.0,1.0,0.31579775,1.0,0.31190032,1,0.0009888031
33,2,3,3,0,1,0,40,0.0,0.0,0.9768351,0.0,0.97605664,0,0.9991062
46,2,7,0,5,1,0,40,0.0,0.0,0.89257544,0.0,0.87686676,0,0.99844813
50,2,1,1,0,1,1,40,0.0,1.0,0.41125143,0.0,0.50650954,1,0.4983557
44,2,5,1,2,1,1,50,1.0,1.0,0.059271157,1.0,0.15213674,1,8.2223836e-05
21,2,3,3,0,1,1,40,0.0,0.0,0.9932848,0.0,0.97983325,0,0.9992518
33,2,7,0,0,1,1,40,0.0,0.0,0.9393909,0.0,0.98691064,0,0.9993926
28,2,7,3,0,1,1,50,0.0,0.0,0.94887596,0.0,0.9464066,0,0.9984267
29,2,1,1,5,1,1,50,1.0,1.0,0.33914804,0.0,0.5388741,1,0.12741238
41,0,3,1,0,0,1,40,0.0,0.0,0.71599865,0.0,0.6832906,0,0.86685914
19,2,6,3,4,1,0,40,0.0,0.0,0.9996419,0.0,0.97872394,0,0.99922097
62,2,1,1,3,1,1,20,1.0,0.0,0.5208547,1.0,0.2686063,1,0.0011554499
50,2,3,1,0,1,1,45,1.0,0.0,0.6252215,0.0,0.6311078,0,0.8551123
21,0,7,3,4,1,1,40,0.0,0.0,0.9938556,0.0,0.96910673,0,0.99964976
60,2,3,1,3,1,1,40,1.0,0.0,0.5516827,0.0,0.58716047,0,0.84224814
30,2,7,1,0,1,1,40,0.0,0.0,0.77059436,0.0,0.8513597,0,0.86306804
47,2,3,1,3,1,1,50,1.0,1.0,0.47578824,0.0,0.50222886,0,0.6603431
52,0,1,4,5,1,0,55,0.0,0.0,0.6483452,0.0,0.5318717,1,0.48267663
36,2,5,3,5,1,1,50,1.0,1.0,0.32984644,0.0,0.50972706,1,0.017177442
67,1,6,4,1,0,0,40,0.0,0.0,0.9815965,0.0,0.9063085,0,0.99847215
25,2,1,1,5,1,1,40,1.0,0.0,0.50196874,0.0,0.5971983,0,0.6980357
22,2,6,2,4,1,0,35,0.0,0.0,0.99959666,0.0,0.97954583,0,0.9992525
49,2,6,2,0,1,1,38,0.0,0.0,0.99634993,0.0,0.9760071,0,0.99908257
38,2,4,1,0,0,1,40,1.0,1.0,0.30260658,1.0,0.35601234,1,0.0055256314
54,3,3,1,3,0,1,40,0.0,0.0,0.6906582,0.0,0.5889705,0,0.8437368
63,2,1,1,5,1,1,40,0.0,1.0,0.23498553,1.0,0.38034183,1,4.47381e-06
67,1,6,4,1,1,0,35,0.0,0.0,0.9731251,0.0,0.8950377,0,0.9985446
22,2,7,3,0,1,1,35,0.0,0.0,0.9954761,0.0,0.98099875,0,0.9992655
39,0,1,3,5,1,1,45,0.0,0.0,0.6520231,0.0,0.5823286,0,0.540965
31,2,1,1,3,1,1,60,0.0,1.0,0.31540805,1.0,0.32670605,1,0.041654266
57,2,7,1,0,1,1,40,1.0,0.0,0.60496867,0.0,0.56801945,0,0.6571431
22,2,1,3,2,1,1,40,0.0,0.0,0.93695617,0.0,0.97844076,0,0.99951804
42,2,0,1,5,1,1,40,1.0,1.0,0.35343784,0.0,0.5133262,1,0.032027025
19,2,3,3,4,1,0,20,0.0,0.0,0.9994745,0.0,0.9795755,0,0.9992582
17,0,6,3,4,1,1,30,0.0,0.0,0.9999989,0.0,0.9808762,0,0.9992706
28,3,7,1,0,1,1,55,0.0,0.0,0.72206956,0.0,0.7966674,0,0.8605473
46,0,3,0,2,1,0,40,0.0,0.0,0.8487756,0.0,0.92871034,0,0.9992699
45,2,7,0,0,1,1,56,1.0,0.0,0.88141316,0.0,0.6354738,0,0.9733878
20,2,7,2,3,0,0,40,0.0,0.0,0.99790317,0.0,0.9804185,0,0.99951744
32,2,3,3,4,0,0,40,0.0,0.0,0.9894765,0.0,0.97871,0,0.9992204
67,2,3,4,5,1,0,16,1.0,0.0,0.93077743,0.0,0.9282439,0,0.9979165
52,2,3,1,0,0,1,40,1.0,0.0,0.7817092,0.0,0.6369081,0,0.85584056
35,2,3,1,3,1,1,44,0.0,0.0,0.60807776,0.0,0.6908381,0,0.8590874
43,2,3,0,5,1,0,58,0.0,0.0,0.8803146,0.0,0.8224837,0,0.9789153
29,2,0,3,0,1,1,40,0.0,0.0,0.95906216,0.0,0.9791774,0,0.9992337
42,2,7,1,2,1,1,40,1.0,1.0,0.42319775,0.0,0.5280646,1,0.0027405133
68,1,3,4,1,1,1,32,0.0,0.0,0.9287045,0.0,0.95040417,0,0.99833244
29,2,3,2,4,0,0,30,0.0,0.0,0.99794453,0.0,0.9791622,0,0.99923325
40,2,7,0,5,1,1,40,0.0,0.0,0.8446827,0.0,0.9874376,0,0.99949646
30,2,1,1,3,1,1,20,0.0,0.0,0.7385995,0.0,0.85332704,0,0.8618651
61,3,7,1,5,1,1,50,1.0,1.0,0.36573422,1.0,0.4476332,1,0.00022552449
46,2,7,1,0,0,1,40,0.0,0.0,0.69797266,0.0,0.55818105,0,0.67467815
51,2,3,1,0,1,1,40,0.0,0.0,0.653708,0.0,0.6369114,0,0.85584056
42,2,1,1,5,1,1,40,1.0,1.0,0.23657548,1.0,0.21985018,1,1.169191e-05
25,2,6,3,0,0,1,40,0.0,0.0,0.9963205,0.0,0.9791064,0,0.99923
49,2,1,1,3,1,1,50,1.0,1.0,0.18622762,1.0,0.18933171,1,8.000244e-06
58,2,6,1,0,1,1,40,1.0,0.0,0.8398074,0.0,0.92838216,0,0.9022861
56,3,1,1,3,1,1,50,1.0,1.0,0.2259934,1.0,0.14612985,1,8.60336e-06
51,3,1,0,0,1,1,50,0.0,0.0,0.86218554,0.0,0.82362556,0,0.91950244
66,1,6,3,1,1,1,30,0.0,0.0,0.98579454,0.0,0.89969873,0,0.9985416
38,2,3,1,3,1,1,55,1.0,0.0,0.5299406,0.0,0.50745153,0,0.7217375
53,3,7,4,3,1,0,60,0.0,0.0,0.83330727,0.0,0.6950662,0,0.85749197
17,2,6,3,4,1,0,30,0.0,0.0,0.9999997,0.0,0.97901607,0,0.9992291
28,0,0,1,5,1,1,60,0.0,0.0,0.55508757,0.0,0.6543838,0,0.56487876
37,3,5,1,2,1,1,50,1.0,1.0,0.07440758,1.0,0.16081327,1,0.0005354191
29,2,3,1,0,1,1,40,0.0,0.0,0.8437966,0.0,0.8819859,0,0.9083108
57,2,0,4,2,1,0,40,0.0,0.0,0.8406439,0.0,0.8333757,0,0.9054264
27,0,4,3,2,1,0,40,0.0,0.0,0.9545122,0.0,0.92118526,0,0.9996375
28,2,3,1,0,1,1,40,0.0,0.0,0.85827374,0.0,0.88115406,0,0.9083622
31,2,6,3,4,1,1,40,0.0,0.0,0.9903801,0.0,0.97871107,0,0.99922085
37,2,7,1,0,0,1,40,0.0,0.0,0.72830856,0.0,0.6372109,0,0.85575575
39,2,3,0,5,1,0,40,0.0,0.0,0.91148746,0.0,0.9760412,0,0.99909365
34,3,0,1,0,1,1,45,0.0,0.0,0.6212332,0.0,0.63155067,0,0.8576237
32,2,0,1,4,1,1,40,0.0,0.0,0.64696,0.0,0.64414126,0,0.8739245
59,3,4,1,5,1,1,80,1.0,1.0,0.16105103,1.0,0.12706417,1,1.4324781e-05
42,2,3,1,0,1,1,40,0.0,0.0,0.7166563,0.0,0.63731813,0,0.8558458
47,0,2,0,2,1,1,50,1.0,0.0,0.5084638,1.0,0.3826114,1,0.05091542
26,0,1,3,2,0,0,35,0.0,0.0,0.9784714,0.0,0.9544999,0,0.99965394
39,2,3,3,3,0,0,40,0.0,0.0,0.97148883,0.0,0.9763664,0,0.99905115
37,2,3,3,4,1,0,35,1.0,0.0,0.98809403,0.0,0.97593457,0,0.99908614
33,2,4,1,4,1,1,15,0.0,0.0,0.61887014,0.0,0.747931,0,0.9990496
45,2,7,1,0,1,1,40,1.0,0.0,0.6368487,0.0,0.5601181,0,0.69370157
62,1,3,1,1,1,1,18,0.0,0.0,0.8361944,0.0,0.7774924,0,0.8900521
58,0,6,1,0,1,1,40,0.0,0.0,0.88264173,0.0,0.88412833,0,0.93188894
50,3,3,1,5,1,1,32,0.0,0.0,0.57781273,0.0,0.636179,0,0.8557295
26,2,1,3,3,0,1,20,0.0,0.0,0.9910332,0.0,0.9854464,0,0.9995877
41,0,3,1,0,1,1,40,1.0,0.0,0.7061045,0.0,0.6832906,0,0.86685914
36,2,7,3,4,0,0,40,0.0,0.0,0.98699886,0.0,0.94219613,0,0.99907684
47,1,3,2,1,0,0,32,0.0,0.0,0.9889574,0.0,0.946874,0,0.99872595
48,0,1,0,2,1,0,60,0.0,0.0,0.68582815,0.0,0.9499603,0,0.9650935
63,3,3,1,0,1,1,45,0.0,0.0,0.6738303,0.0,0.61909187,0,0.85232586
31,2,6,3,4,1,0,20,0.0,0.0,0.99930793,0.0,0.979046,0,0.9992267
23,2,7,3,5,1,1,20,0.0,0.0,0.99525946,0.0,0.98804975,0,0.99966896
36,2,6,1,0,1,1,40,0.0,0.0,0.90003806,0.0,0.92811596,0,0.998926
27,2,3,3,0,0,1,40,0.0,0.0,0.98755926,0.0,0.98059523,0,0.99924505
24,2,3,3,4,1,1,35,0.0,0.0,0.9937585,0.0,0.98025084,0,0.9992556
41,3,3,1,3,1,0,40,0.0,0.0,0.66027796,0.0,0.6369216,0,0.85583913
25,2,3,3,0,1,0,40,0.0,0.0,0.9910192,0.0,0.9786993,0,0.9992205
55,2,3,1,0,1,1,40,1.0,0.0,0.63006794,0.0,0.6369059,0,0.8558405
51,2,4,1,5,1,1,50,1.0,1.0,0.120370865,1.0,0.14914006,1,1.3589031e-05
20,2,7,3,2,1,0,40,0.0,0.0,0.9935868,0.0,0.9885597,0,0.9995995
19,2,3,3,4,1,0,40,0.0,0.0,0.9982713,0.0,0.97850704,0,0.9992204
42,3,3,0,0,1,1,40,0.0,0.0,0.9553843,0.0,0.9781338,0,0.99905914
36,2,1,3,5,0,0,40,0.0,0.0,0.93291247,0.0,0.7533283,0,0.9311792
46,2,3,1,4,1,1,50,0.0,0.0,0.5372187,0.0,0.63325906,0,0.85539645
19,1,3,3,1,1,1,30,0.0,0.0,0.9983032,0.0,0.9895399,0,0.999353
22,2,7,3,4,0,0,32,0.0,0.0,0.9985988,0.0,0.9825826,0,0.99928695
33,0,3,0,5,1,0,40,0.0,0.0,0.8584806,0.0,0.9913881,0,0.99943846
20,2,3,3,0,1,1,40,0.0,0.0,0.99505836,0.0,0.97973067,0,0.9992518
44,2,7,1,5,1,0,45,1.0,1.0,0.33315015,1.0,0.24339408,1,0.35893652
39,2,1,3,5,0,0,35,0.0,0.0,0.9474044,0.0,0.8450547,0,0.9990245
62,2,0,0,4,1,1,40,0.0,0.0,0.9125733,0.0,0.9678412,0,0.9758292
55,2,1,1,5,1,1,42,1.0,1.0,0.18267703,1.0,0.26670378,1,4.0900823e-06
24,1,1,3,1,1,1,40,0.0,0.0,0.96315664,0.0,0.97191125,0,0.9996896
34,2,6,3,4,0,1,40,0.0,0.0,0.9933074,0.0,0.9785791,0,0.99922025
38,3,4,1,2,0,1,60,1.0,1.0,0.23469222,1.0,0.16130155,1,0.00015529612
51,2,6,1,0,1,1,40,0.0,0.0,0.85414225,0.0,0.8996122,0,0.99798346
42,2,4,3,5,1,1,45,1.0,0.0,0.5895518,0.0,0.50497067,1,0.2848981
17,1,6,3,1,0,1,20,0.0,0.0,0.99999934,0.0,0.9898312,0,0.9993594
26,1,1,3,1,1,0,80,0.0,0.0,0.9082223,0.0,0.8782697,0,0.8815334
31,3,6,1,0,1,1,40,0.0,0.0,0.94049025,0.0,0.965113,0,0.9990676
52,2,0,0,4,1,0,40,0.0,0.0,0.9486584,0.0,0.9434933,0,0.99866104
53,2,4,1,5,1,1,55,1.0,1.0,0.121715665,1.0,0.1488834,1,1.3325742e-05
29,2,1,1,3,1,1,40,1.0,1.0,0.4869321,1.0,0.3391645,1,0.2850835
67,1,3,4,1,1,0,8,0.0,0.0,0.9743297,0.0,0.95166445,0,0.9979431
20,3,3,0,3,1,0,30,0.0,0.0,0.99044174,0.0,0.9891686,0,0.9993876
31,2,3,3,0,1,1,40,1.0,0.0,0.96479124,0.0,0.9809449,0,0.999236
31,2,7,3,5,0,0,35,0.0,0.0,0.98797685,0.0,0.98988295,0,0.99947125
42,0,7,1,5,1,0,40,0.0,1.0,0.42571902,1.0,0.3932585,1,0.25760427
23,2,0,1,0,1,0,30,0.0,0.0,0.88581264,0.0,0.9581123,0,0.91916454
24,2,7,3,3,1,1,20,0.0,0.0,0.99549484,0.0,0.98772985,0,0.9996724
18,0,3,3,4,1,1,60,0.0,0.0,0.9920264,0.0,0.94072765,0,0.9992473
23,2,3,3,0,1,1,40,0.0,0.0,0.98917454,0.0,0.98004127,0,0.9992508
57,0,2,0,2,1,1,60,1.0,0.0,0.50564367,1.0,0.25251132,1,0.009091246
34,2,2,1,2,1,1,60,1.0,1.0,0.14651066,1.0,0.15440583,1,0.0001234354
44,2,7,1,0,1,1,40,1.0,0.0,0.6408484,0.0,0.5630344,0,0.70317185
22,2,0,3,2,1,1,30,0.0,0.0,0.98746896,0.0,0.9731394,0,0.9996922
52,2,7,1,5,1,1,45,1.0,1.0,0.32035148,1.0,0.43001473,1,2.126768e-05
47,2,3,0,0,1,0,43,0.0,0.0,0.9468909,0.0,0.93876094,0,0.99843067
24,2,7,3,0,1,1,50,0.0,0.0,0.9697611,0.0,0.94698876,0,0.998587
36,0,7,0,5,1,0,65,0.0,0.0,0.84851974,0.0,0.5771285,0,0.8945573
32,3,7,0,4,1,0,35,0.0,0.0,0.9548276,0.0,0.962825,0,0.99934644
70,3,7,1,5,1,1,30,0.0,0.0,0.6111455,0.0,0.50393254,1,0.3377668
31,2,3,3,3,1,1,48,0.0,0.0,0.9375674,0.0,0.9769712,0,0.9992156
52,2,7,1,5,1,1,55,1.0,1.0,0.31367987,1.0,0.37301874,1,3.6940012e-06
40,2,1,3,3,1,0,45,0.0,0.0,0.8079853,0.0,0.5645137,0,0.89941096
61,1,6,1,1,1,1,40,1.0,0.0,0.8695293,0.0,0.8998786,0,0.9238487
50,0,1,1,5,1,1,40,1.0,1.0,0.23533165,1.0,0.20826787,1,1.0590236e-05
53,2,7,1,5,1,1,50,1.0,1.0,0.31332976,1.0,0.24328667,1,4.4849553e-06
36,2,3,3,4,1,1,40,0.0,0.0,0.9556775,0.0,0.9788667,0,0.99922025
57,2,7,3,0,1,1,42,0.0,0.0,0.8147461,0.0,0.8430246,0,0.87214535
28,2,3,1,4,1,1,40,0.0,0.0,0.8676675,0.0,0.88495505,0,0.9096774
49,2,1,1,5,1,1,40,1.0,1.0,0.21773803,1.0,0.30491722,1,4.9989203e-06
33,2,6,3,0,0,1,40,0.0,0.0,0.99169225,0.0,0.9789049,0,0.9992199
39,3,2,0,5,0,1,40,0.0,0.0,0.6620883,1.0,0.41701722,1,0.46023157
62,2,6,4,0,1,0,40,0.0,0.0,0.97531825,0.0,0.9211571,0,0.99839145
54,2,6,1,4,0,0,40,1.0,0.0,0.9167074,0.0,0.90056664,0,0.9205361
46,2,3,1,0,1,1,35,0.0,0.0,0.78789955,0.0,0.7891893,0,0.8701041
42,0,7,1,0,1,1,40,1.0,0.0,0.7518145,0.0,0.6455134,0,0.7424577
24,2,1,3,3,1,1,40,0.0,0.0,0.9300084,0.0,0.9934379,0,0.99954706
52,2,2,1,5,1,1,57,1.0,1.0,0.102947414,1.0,0.1445539,1,1.47536075e-05
44,2,3,3,5,1,0,43,0.0,0.0,0.86378366,0.0,0.85599685,0,0.98215204
41,3,7,0,0,1,0,40,0.0,0.0,0.94909585,0.0,0.96907616,0,0.9986634
19,2,3,3,0,1,1,30,0.0,0.0,0.9984924,0.0,0.98219955,0,0.99925023
69,0,3,1,4,1,1,40,0.0,0.0,0.58992255,0.0,0.5887847,0,0.8436657
59,0,6,4,4,0,0,30,0.0,0.0,0.9813976,0.0,0.94486177,0,0.99853575
31,2,3,1,3,1,1,50,1.0,0.0,0.6626719,0.0,0.6830389,0,0.87142175
21,2,7,3,5,1,0,40,0.0,0.0,0.99224985,0.0,0.9668317,0,0.9993907
55,2,7,1,4,0,1,40,1.0,0.0,0.6574317,0.0,0.5622361,0,0.5125477
45,2,3,1,5,0,1,40,1.0,0.0,0.62740725,0.0,0.5004615,0,0.7143096
26,2,3,1,0,1,1,50,0.0,0.0,0.83718526,0.0,0.81427705,0,0.8724159
48,0,4,1,2,1,0,40,1.0,1.0,0.2921859,1.0,0.3820389,1,0.003827373
43,2,0,1,5,1,1,48,1.0,1.0,0.30620062,1.0,0.32801896,1,0.011847258
42,2,4,1,2,1,1,50,1.0,1.0,0.1428715,1.0,0.21946704,1,3.4316203e-05
32,2,3,1,0,0,1,40,0.0,0.0,0.87638867,0.0,0.8852514,0,0.908285
31,2,1,1,0,0,1,36,0.0,0.0,0.8098468,0.0,0.65675807,0,0.85878354
57,2,3,1,0,1,1,40,0.0,0.0,0.62061435,0.0,0.6369058,0,0.8558405
38,2,7,1,3,1,0,40,1.0,0.0,0.65860426,1.0,0.31069463,1,0.43630156
39,0,1,0,5,1,0,35,0.0,0.0,0.8485603,0.0,0.7778626,0,0.9995492
51,2,1,1,5,1,1,55,0.0,1.0,0.16645944,1.0,0.2743984,1,3.2028315e-06
35,0,7,1,4,1,1,40,0.0,0.0,0.60746026,0.0,0.5604042,1,0.13725533
25,2,7,3,4,1,0,40,0.0,0.0,0.9935876,0.0,0.9775847,0,0.99922943
31,2,1,3,2,0,0,40,0.0,0.0,0.9189875,0.0,0.9279262,0,0.99946994
43,2,6,0,0,1,0,40,0.0,0.0,0.98466796,0.0,0.97970825,0,0.99887353
38,0,1,1,5,1,1,40,1.0,1.0,0.28447437,1.0,0.2378999,1,2.2413647e-05
64,3,3,1,5,1,1,45,1.0,1.0,0.42382073,0.0,0.59797347,0,0.565391
45,3,1,1,5,1,1,51,0.0,1.0,0.20700514,1.0,0.15966839,1,1.3299715e-05
48,3,0,1,4,1,0,15,0.0,0.0,0.8384882,0.0,0.8230709,0,0.8784261
25,2,1,3,2,1,1,40,0.0,0.0,0.9001795,0.0,0.9720798,0,0.99953246
38,0,1,1,2,1,0,20,1.0,1.0,0.4642257,1.0,0.4031458,1,0.0016860537
38,2,1,1,4,1,1,35,0.0,0.0,0.51708114,1.0,0.3983748,1,0.026115298
24,2,0,3,5,1,1,40,0.0,0.0,0.96766937,0.0,0.9753358,0,0.99945706
45,2,3,0,5,1,0,46,0.0,0.0,0.8810178,0.0,0.89745307,0,0.9945956
51,2,3,1,4,1,1,50,1.0,0.0,0.51202554,0.0,0.5802083,0,0.8350209
22,2,3,3,0,1,1,35,0.0,0.0,0.99506307,0.0,0.98195314,0,0.9992453
44,2,3,2,5,1,0,40,0.0,0.0,0.92431974,0.0,0.9538374,0,0.99860626
50,2,3,1,0,1,1,40,1.0,0.0,0.66112244,0.0,0.63691396,0,0.8558407
47,0,7,3,4,0,1,40,0.0,0.0,0.9414631,0.0,0.90387374,0,0.9991966
24,2,4,3,5,1,1,56,0.0,0.0,0.8286279,0.0,0.651629,0,0.8645046
44,2,3,1,0,1,1,41,0.0,0.0,0.6748788,0.0,0.63690543,0,0.8558405
23,0,3,3,4,1,0,40,0.0,0.0,0.9929848,0.0,0.9793843,0,0.9992478
32,2,1,1,0,1,1,40,1.0,0.0,0.5812392,0.0,0.5122959,0,0.73678344
27,3,7,1,5,1,1,40,0.0,0.0,0.626382,0.0,0.6655574,0,0.7162914
35,2,3,1,4,0,0,20,0.0,0.0,0.9496698,0.0,0.9310895,0,0.99260485
24,2,6,1,3,1,1,40,0.0,0.0,0.93266654,0.0,0.9245875,0,0.99916923
27,2,3,1,0,1,1,40,0.0,0.0,0.871626,0.0,0.8812948,0,0.90835494
61,0,5,1,2,1,1,50,1.0,1.0,0.09466916,1.0,0.11321998,1,4.0720584e-05
35,0,1,1,2,1,1,50,0.0,1.0,0.30944884,1.0,0.16900474,1,0.00015015778
27,2,1,3,2,1,0,20,0.0,0.0,0.9758341,0.0,0.9780034,0,0.99966264
43,2,1,1,2,1,1,40,1.0,1.0,0.2724669,1.0,0.21724385,1,2.5086974e-05
26,2,3,3,5,0,1,40,0.0,0.0,0.9839935,0.0,0.9800086,0,0.99928397
32,2,6,1,0,1,1,40,1.0,0.0,0.9163003,0.0,0.9120696,0,0.9990368
45,2,6,1,4,1,0,32,0.0,0.0,0.93122494,0.0,0.94122815,0,0.99852777
51,2,3,1,5,0,0,38,0.0,0.0,0.73459864,0.0,0.5521665,0,0.7773313
41,3,0,0,3,1,1,60,0.0,0.0,0.77839583,0.0,0.9436155,0,0.9988778
43,3,1,1,2,1,1,21,0.0,1.0,0.46485668,0.0,0.78825206,1,0.025371052
34,0,1,3,2,1,1,48,0.0,0.0,0.8004761,0.0,0.91595745,0,0.8993484
17,2,6,3,4,1,1,48,0.0,0.0,0.9999948,0.0,0.94925946,0,0.9991716
50,3,4,1,2,1,0,40,1.0,1.0,0.23695087,1.0,0.37133962,1,0.038508773
20,1,6,3,1,1,1,40,0.0,0.0,0.99863523,0.0,0.9796581,0,0.9992514
73,0,6,0,4,0,0,40,0.0,0.0,0.9894471,0.0,0.9010149,0,0.9986141
44,0,4,1,2,0,1,60,1.0,1.0,0.2784506,1.0,0.15141028,1,1.6993248e-05
33,2,3,3,0,1,1,40,0.0,0.0,0.9563334,0.0,0.98138624,0,0.99921834
67,3,2,1,3,1,1,40,1.0,1.0,0.190907,1.0,0.123203754,1,5.04982e-05
29,2,3,1,0,1,1,50,0.0,0.0,0.79092145,0.0,0.8152878,0,0.87195337
47,2,4,0,3,1,1,60,1.0,0.0,0.5473752,1.0,0.31030214,1,7.920471e-05
22,2,7,0,0,1,0,40,0.0,0.0,0.9856223,0.0,0.9797918,0,0.9992607
43,2,1,0,5,1,1,35,0.0,0.0,0.7798147,0.0,0.9375962,0,0.99957603
37,2,1,1,2,1,1,39,1.0,1.0,0.3702492,0.0,0.50650275,1,0.006060612
18,2,6,3,4,0,1,8,0.0,0.0,0.9999644,0.0,0.98448175,0,0.9992668
31,2,3,1,0,1,1,65,0.0,0.0,0.73522353,0.0,0.8417902,0,0.86310685
41,3,7,1,0,1,1,50,1.0,0.0,0.658041,0.0,0.5781478,0,0.79854983
47,2,3,0,4,1,0,32,0.0,0.0,0.9792655,0.0,0.9577589,0,0.9989299
34,2,3,1,5,1,1,40,0.0,0.0,0.5912255,0.0,0.66450524,0,0.87247044
47,2,3,1,0,1,1,40,1.0,0.0,0.6805662,0.0,0.6369356,0,0.85584104
54,0,3,1,0,1,1,40,0.0,0.0,0.63126063,0.0,0.63700294,0,0.85585856
55,2,3,1,4,1,1,40,0.0,0.0,0.65326774,0.0,0.6369064,0,0.8558405
48,2,7,0,2,1,0,20,0.0,0.0,0.90739936,0.0,0.91189754,0,0.99924767
63,3,3,1,5,1,1,40,0.0,1.0,0.4865619,0.0,0.57919186,0,0.7315504
52,2,6,1,0,1,1,40,0.0,0.0,0.8521984,0.0,0.8974318,0,0.9979436
26,2,3,1,2,0,1,40,0.0,0.0,0.7784762,0.0,0.8759862,0,0.8813122
60,2,7,0,0,1,1,47,0.0,0.0,0.8894998,0.0,0.9199875,0,0.9626376
34,3,7,3,0,1,1,60,0.0,0.0,0.9298074,0.0,0.90622634,0,0.9046915
43,3,5,1,2,0,1,99,1.0,1.0,0.24240822,1.0,0.14840221,1,7.5486816e-05
43,2,3,0,5,1,0,40,0.0,0.0,0.9035704,0.0,0.9774846,0,0.9989573
62,2,2,1,2,1,1,40,1.0,1.0,0.14056027,1.0,0.10250056,1,2.5687512e-05
43,2,4,1,2,1,0,45,1.0,1.0,0.17526382,1.0,0.19557941,1,0.0132020945
41,2,0,1,4,1,0,38,1.0,0.0,0.6852997,0.0,0.63691664,0,0.8558178
31,2,7,3,2,1,1,40,0.0,0.0,0.9267196,0.0,0.9472602,0,0.9996823
35,2,6,2,0,0,1,40,0.0,0.0,0.99685526,0.0,0.9788804,0,0.99922
24,3,3,0,0,1,1,50,0.0,0.0,0.960113,0.0,0.98348945,0,0.999213
29,0,1,1,2,1,1,50,1.0,1.0,0.40848207,1.0,0.2982952,1,0.01702648
60,2,7,1,3,1,1,55,0.0,1.0,0.35288268,1.0,0.27522063,1,0.00013693172
31,2,3,1,5,1,0,40,1.0,0.0,0.65179944,0.0,0.5231795,0,0.8453641
27,2,3,1,2,1,1,45,1.0,0.0,0.6459775,0.0,0.7842369,0,0.86992776
24,2,7,3,3,1,0,15,0.0,0.0,0.99903965,0.0,0.97556,0,0.9995316
19,2,7,3,0,1,1,55,0.0,0.0,0.9892399,0.0,0.93286204,0,0.92918634
41,0,1,1,5,1,1,50,1.0,1.0,0.17833066,1.0,0.15515363,1,1.5197273e-05
22,2,0,3,0,1,1,50,0.0,0.0,0.9742366,0.0,0.9460662,0,0.99884486
37,2,1,0,5,1,1,40,0.0,0.0,0.6886233,0.0,0.9736674,0,0.9994862
61,2,6,1,0,1,1,40,0.0,0.0,0.8365391,0.0,0.92443097,0,0.9025736
18,2,7,3,3,1,0,25,0.0,0.0,0.9997011,0.0,0.9904113,0,0.9994894
47,0,7,0,2,1,0,40,0.0,0.0,0.90357614,0.0,0.7320859,0,0.9994097
34,2,3,1,4,1,0,65,0.0,0.0,0.740846,0.0,0.63662374,0,0.8575335
47,2,3,1,0,1,1,40,1.0,0.0,0.6805662,0.0,0.6369356,0,0.85584104
36,3,2,1,2,1,1,35,0.0,1.0,0.24643606,1.0,0.1989131,1,0.00438818
65,2,1,1,4,1,1,20,0.0,0.0,0.62190497,0.0,0.5545156,0,0.59410954
44,2,1,1,2,0,1,50,1.0,1.0,0.24379635,1.0,0.22763461,1,1.6419055e-05
17,2,6,3,3,1,0,12,0.0,0.0,0.9999999,0.0,0.9901855,0,0.99936205
53,2,1,1,3,1,1,50,1.0,1.0,0.18223172,1.0,0.2182967,1,5.695896e-06
42,2,7,1,4,1,1,20,1.0,0.0,0.78235555,0.0,0.77128404,0,0.8748382
37,2,3,3,0,0,1,40,0.0,0.0,0.9671167,0.0,0.9788682,0,0.99921906
33,3,1,1,2,1,1,60,0.0,1.0,0.3574828,1.0,0.2746787,1,0.006447226
29,2,3,3,5,1,1,40,0.0,0.0,0.9632155,0.0,0.97959024,0,0.9992737
29,2,3,0,4,1,0,45,0.0,0.0,0.9742814,0.0,0.9771465,0,0.99916005
38,3,7,1,0,1,1,38,0.0,0.0,0.8041435,0.0,0.77380717,0,0.85996336
70,2,6,1,0,1,1,32,0.0,0.0,0.9201477,0.0,0.91112936,0,0.8940895
47,2,3,1,0,1,1,48,0.0,0.0,0.64062536,0.0,0.63483685,0,0.85559225
20,3,7,3,0,1,1,10,0.0,0.0,0.9995598,0.0,0.9923792,0,0.9995289
33,2,1,1,5,1,1,60,1.0,1.0,0.26075798,1.0,0.28098732,1,0.014941373
33,2,3,1,4,1,1,40,0.0,0.0,0.79557025,0.0,0.8778016,0,0.9092314
57,0,3,0,5,1,0,40,0.0,0.0,0.81993145,0.0,0.94226044,0,0.99894506
39,3,1,1,5,1,1,40,1.0,1.0,0.27628702,1.0,0.311163,1,1.9605915e-05
27,2,6,3,5,1,0,45,0.0,0.0,0.98873115,0.0,0.97621,0,0.99921286
26,2,4,3,2,0,1,20,0.0,0.0,0.9490254,0.0,0.9659859,0,0.999559
38,3,7,1,0,1,0,15,0.0,0.0,0.87467504,0.0,0.8827094,0,0.88272184
34,3,0,3,0,1,1,50,0.0,0.0,0.9432727,0.0,0.9411111,0,0.9987822
56,0,1,1,2,1,1,40,1.0,1.0,0.3356886,1.0,0.21091855,1,1.5391992e-05
25,2,3,1,0,1,1,40,0.0,0.0,0.895826,0.0,0.8833736,0,0.90789014
62,0,3,1,4,1,1,40,0.0,0.0,0.5705067,0.0,0.5887778,0,0.84366643
39,0,7,0,2,1,0,45,0.0,0.0,0.89516664,0.0,0.9390369,0,0.9995067
38,2,3,3,2,1,1,40,0.0,0.0,0.86959475,0.0,0.98328316,0,0.99929523
51,3,3,3,3,1,1,40,0.0,0.0,0.82685447,0.0,0.93027705,0,0.9984968
22,1,7,3,1,1,1,72,0.0,0.0,0.96427846,0.0,0.93465865,0,0.99081576
33,0,2,1,2,0,1,50,0.0,1.0,0.23939008,1.0,0.15971643,1,0.000105393185
50,3,7,1,5,1,1,50,1.0,1.0,0.36993885,1.0,0.40631908,1,1.6177612e-05
46,2,6,1,4,0,1,37,0.0,0.0,0.9384056,0.0,0.9391106,0,0.9987859
37,0,3,1,0,1,1,40,0.0,0.0,0.7305925,0.0,0.69288886,0,0.86692256
29,0,7,3,4,1,0,10,0.0,0.0,0.9990613,0.0,0.97435474,0,0.9995161
50,2,3,1,0,1,1,40,1.0,0.0,0.66112244,0.0,0.63691396,0,0.8558407
40,3,7,1,0,1,1,50,0.0,0.0,0.6632384,0.0,0.5615072,0,0.8141153
24,2,1,3,3,1,0,15,0.0,0.0,0.9971198,0.0,0.98353,0,0.9996488
38,0,3,1,0,1,1,20,0.0,0.0,0.8966344,0.0,0.9487393,0,0.9505426
35,2,1,1,5,1,1,47,1.0,1.0,0.24773341,1.0,0.17067397,1,0.00076770235
51,2,0,0,4,1,1,40,0.0,0.0,0.9049259,0.0,0.93701714,0,0.9984091
31,3,1,3,4,1,0,40,0.0,0.0,0.9683802,0.0,0.9809164,0,0.99939656
29,2,1,1,2,1,1,40,1.0,1.0,0.4170767,1.0,0.48239946,1,0.107332006
40,2,1,1,5,1,1,50,1.0,1.0,0.20638794,1.0,0.2151761,1,1.1581856e-05
46,2,0,2,0,0,0,40,0.0,0.0,0.97474444,0.0,0.9485435,0,0.998432
37,2,3,0,5,1,0,12,0.0,0.0,0.9598484,0.0,0.98008376,0,0.9993309
29,2,3,3,0,1,1,50,0.0,0.0,0.9634391,0.0,0.9194368,0,0.9989563
61,2,3,1,0,1,1,40,1.0,0.0,0.6043407,0.0,0.6368996,0,0.8558398
31,2,3,3,4,1,0,40,0.0,0.0,0.9866339,0.0,0.97872686,0,0.99922097
20,1,7,3,1,1,0,40,0.0,0.0,0.992576,0.0,0.9891066,0,0.9993542
37,2,4,2,5,1,1,60,1.0,0.0,0.6323337,1.0,0.40335917,0,0.546847
72,1,6,4,1,1,0,20,0.0,0.0,0.98072314,0.0,0.89696485,0,0.99854785
41,0,3,0,2,0,0,40,0.0,0.0,0.85215294,0.0,0.93748146,0,0.99937516
55,0,7,3,5,1,1,40,0.0,0.0,0.8296763,0.0,0.7489533,0,0.9217818
27,2,7,3,0,0,1,40,0.0,0.0,0.983726,0.0,0.979222,0,0.99923646
53,0,7,3,4,1,0,40,0.0,0.0,0.9396743,0.0,0.9263188,0,0.99583757
46,2,1,1,5,1,1,35,1.0,1.0,0.3087185,1.0,0.40109473,1,8.018308e-06
35,0,3,3,4,1,1,40,0.0,0.0,0.96297514,0.0,0.9805498,0,0.9992668
45,0,4,0,2,1,0,55,0.0,0.0,0.7252812,0.0,0.80779934,0,0.999318
41,0,2,1,2,1,1,50,1.0,1.0,0.19023877,1.0,0.14389163,1,7.5962256e-05
36,2,3,1,0,1,1,40,1.0,0.0,0.76022047,0.0,0.9239036,0,0.87502086
62,3,4,0,2,1,0,32,0.0,0.0,0.6574081,1.0,0.4810257,0,0.9993333
25,1,3,1,1,1,0,4,0.0,0.0,0.9677893,0.0,0.9747108,0,0.99923563
47,2,6,3,4,1,0,40,0.0,0.0,0.98842734,0.0,0.95283824,0,0.99883395
45,1,3,2,1,1,0,10,0.0,0.0,0.98357475,0.0,0.9757438,0,0.99901307
55,2,3,1,3,1,1,40,0.0,0.0,0.5634248,0.0,0.58877784,0,0.8436659
58,2,3,1,0,1,1,20,0.0,0.0,0.80735654,0.0,0.7741755,0,0.8775616
48,2,6,1,4,1,0,40,0.0,0.0,0.8560474,0.0,0.92281246,0,0.99433523
22,3,3,3,4,1,1,40,0.0,0.0,0.9934768,0.0,0.9801353,0,0.9992549
64,3,3,1,0,1,1,45,1.0,0.0,0.67208874,0.0,0.60286546,0,0.84774286
52,3,4,1,5,0,1,40,0.0,1.0,0.283284,1.0,0.12931073,1,1.1821768e-05
32,2,1,1,5,0,0,40,1.0,0.0,0.5493378,1.0,0.3563254,1,0.20041165
60,2,3,1,4,1,0,40,1.0,0.0,0.7700991,0.0,0.63690925,0,0.85584056
54,2,4,1,2,0,1,40,1.0,1.0,0.19178611,1.0,0.14567375,1,1.5310332e-05
50,0,6,3,4,1,1,40,0.0,0.0,0.9658242,0.0,0.9761318,0,0.9990429
31,2,3,3,4,1,1,50,0.0,0.0,0.9498031,0.0,0.9166271,0,0.9989906
45,2,3,0,5,0,0,40,0.0,0.0,0.9435172,0.0,0.9759714,0,0.9989268
27,0,3,1,0,1,1,40,0.0,0.0,0.8650185,0.0,0.90908915,0,0.90093
36,2,3,1,5,1,1,50,1.0,1.0,0.481654,1.0,0.49577355,0,0.7448426
38,2,6,1,3,1,1,50,0.0,0.0,0.67167175,0.0,0.96354926,0,0.9973156
57,2,4,1,2,1,0,40,0.0,1.0,0.19975883,1.0,0.44020963,1,0.04095192
52,0,7,2,5,1,0,40,0.0,0.0,0.9178352,0.0,0.9549024,0,0.97077954
53,2,5,3,2,1,0,40,0.0,1.0,0.41780913,0.0,0.55949885,1,0.0007328646
36,2,6,2,4,0,0,35,0.0,0.0,0.99913615,0.0,0.9787117,0,0.99922013
19,2,6,3,0,1,1,40,0.0,0.0,0.998673,0.0,0.97928774,0,0.9992391
27,3,1,3,2,1,0,40,0.0,0.0,0.9233663,0.0,0.94659954,0,0.9996055
45,0,0,0,5,0,1,40,0.0,0.0,0.86227334,0.0,0.9378893,0,0.9995646
40,2,2,1,5,0,1,40,1.0,1.0,0.21619433,1.0,0.15022004,1,8.311854e-05
34,2,3,3,5,1,0,40,0.0,0.0,0.9530243,0.0,0.94145525,0,0.99924314
60,3,1,0,2,1,0,30,0.0,0.0,0.78275967,0.0,0.90494835,0,0.9992824
51,2,3,1,3,0,1,50,0.0,0.0,0.5768543,1.0,0.49190015,0,0.64673984
22,3,3,3,2,1,0,40,1.0,0.0,0.9842029,0.0,0.9910489,0,0.9994123
57,2,6,1,0,0,1,40,1.0,0.0,0.87753797,0.0,0.92954993,0,0.91316086
23,2,3,3,5,1,0,40,0.0,0.0,0.9891935,0.0,0.98019683,0,0.9993782
50,2,0,1,0,1,1,45,0.0,1.0,0.4099093,0.0,0.5554744,0,0.64690644
32,2,7,1,2,1,1,38,1.0,0.0,0.62829906,0.0,0.5338546,0,0.7245204
46,2,1,3,3,1,1,40,0.0,0.0,0.5855603,0.0,0.89210105,0,0.9995233
21,1,7,3,1,1,0,40,0.0,0.0,0.9904879,0.0,0.989491,0,0.99935716
21,2,6,2,3,0,0,38,0.0,0.0,0.99978024,0.0,0.9795441,0,0.99925774
31,2,1,1,5,1,1,40,0.0,1.0,0.36555088,1.0,0.47833902,1,0.086224295
22,2,3,3,3,1,1,55,0.0,0.0,0.9796559,0.0,0.9394252,0,0.9992192
34,2,6,0,0,1,1,40,0.0,0.0,0.9860301,0.0,0.98052293,0,0.9992455
37,2,6,1,4,1,1,40,0.0,0.0,0.861375,0.0,0.9341086,0,0.99882954
18,2,6,3,3,1,1,15,0.0,0.0,0.999885,0.0,0.9880046,0,0.99934155
47,2,0,1,0,1,1,40,0.0,1.0,0.45746392,0.0,0.52495813,0,0.77315986
53,0,4,1,2,1,1,36,1.0,1.0,0.35286188,1.0,0.24005073,1,3.8288767e-05
32,3,1,1,4,0,1,50,1.0,0.0,0.5629448,1.0,0.37614948,1,0.00315679
48,2,7,3,5,1,0,40,1.0,0.0,0.8950448,0.0,0.90361047,0,0.9059823
45,0,4,1,2,1,1,50,1.0,1.0,0.2771592,1.0,0.15099579,1,1.894335e-05
34,3,1,1,3,0,1,55,0.0,1.0,0.35987002,1.0,0.16900402,1,0.00082959543
19,1,3,3,1,0,1,30,0.0,0.0,0.9991504,0.0,0.9895399,0,0.999353
30,2,3,1,0,1,1,40,0.0,0.0,0.8282283,0.0,0.88408715,0,0.9084467
38,2,1,3,3,1,0,45,1.0,0.0,0.83099264,0.0,0.6103717,0,0.91998804
49,3,6,1,4,1,1,70,0.0,0.0,0.7467934,0.0,0.9062253,0,0.8789356
37,2,3,1,5,1,1,50,1.0,1.0,0.47429413,0.0,0.53521866,0,0.75776154
25,2,3,0,5,1,1,40,0.0,0.0,0.9407793,0.0,0.9899462,0,0.99936026
49,2,6,1,0,0,1,42,1.0,0.0,0.8353643,0.0,0.92964894,0,0.99408686
37,0,1,3,2,1,0,45,0.0,0.0,0.8485006,0.0,0.88121927,0,0.99931645
22,0,0,3,4,1,1,20,0.0,0.0,0.9980345,0.0,0.96268487,0,0.99962926
42,2,4,3,2,1,0,50,1.0,0.0,0.62601256,0.0,0.7766713,0,0.5554658
28,3,7,1,5,1,0,30,1.0,0.0,0.6736157,0.0,0.636559,0,0.8752125
48,2,7,0,5,1,0,40,0.0,0.0,0.8907524,0.0,0.90106237,0,0.9983876
34,2,3,1,0,1,1,40,0.0,0.0,0.7777099,0.0,0.8846189,0,0.9028459
22,2,7,3,0,1,1,30,0.0,0.0,0.9963729,0.0,0.98265857,0,0.9992778
33,2,6,3,0,0,1,60,0.0,0.0,0.98085445,0.0,0.9252869,0,0.99916744
40,2,3,0,5,1,1,40,0.0,0.0,0.8771155,0.0,0.9792175,0,0.99923706
24,2,3,3,5,1,1,40,0.0,0.0,0.98173577,0.0,0.9806544,0,0.9992895
59,2,3,1,0,1,1,40,1.0,0.0,0.61190605,0.0,0.63690543,0,0.8558405
41,2,7,1,5,1,1,50,1.0,1.0,0.34697753,1.0,0.2331298,1,2.2716828e-05
47,3,7,1,3,1,1,80,0.0,1.0,0.40052426,0.0,0.5271933,1,6.644783e-06
34,2,1,3,4,1,1,40,0.0,0.0,0.8634399,0.0,0.9749098,0,0.9995647
34,2,7,2,4,0,0,37,0.0,0.0,0.9952926,0.0,0.9788695,0,0.99922323
21,2,7,3,0,1,1,30,0.0,0.0,0.9971273,0.0,0.98329616,0,0.9992843
71,3,1,1,5,1,1,60,1.0,1.0,0.23096776,1.0,0.19619453,1,3.4535803e-06
30,3,1,1,3,1,1,70,0.0,1.0,0.35021436,1.0,0.32433057,1,0.038869083
48,0,4,2,2,1,1,60,0.0,0.0,0.7756001,1.0,0.3547383,1,0.003321836
45,2,3,1,0,1,1,40,0.0,0.0,0.69538045,0.0,0.6369256,0,0.85584086
47,3,3,1,0,1,1,45,1.0,0.0,0.71506864,0.0,0.6369064,0,0.8558405
30,2,7,1,2,0,0,5,1.0,0.0,0.8940454,0.0,0.9699258,0,0.999446
34,2,1,3,5,1,1,50,0.0,0.0,0.7408579,0.0,0.81275487,0,0.74566627
37,2,7,0,5,1,0,40,1.0,0.0,0.904147,0.0,0.94133383,0,0.99937147
61,2,3,1,5,1,0,5,0.0,0.0,0.8548976,0.0,0.8160088,0,0.8821927
19,0,7,3,3,1,0,16,0.0,0.0,0.9997387,0.0,0.9763723,0,0.9997042
53,2,1,0,5,1,1,70,0.0,0.0,0.6055171,0.0,0.6536995,1,0.0007769002
51,2,3,1,0,1,1,40,0.0,0.0,0.653708,0.0,0.6369114,0,0.85584056
39,2,3,1,0,1,1,40,0.0,0.0,0.7376021,0.0,0.68282413,0,0.86681145
43,2,1,1,0,1,1,48,1.0,1.0,0.3470673,1.0,0.39411634,1,0.35012278
40,1,3,3,1,1,0,4,0.0,0.0,0.989849,0.0,0.9662642,0,0.9992507
42,0,3,0,5,0,0,40,0.0,0.0,0.8687475,0.0,0.95865935,0,0.99931896
51,3,3,1,0,1,1,60,0.0,0.0,0.68066907,0.0,0.6368326,0,0.8558318
43,3,5,1,2,1,1,40,1.0,1.0,0.076352954,1.0,0.1531347,1,0.0003864005
30,2,7,3,0,1,0,40,0.0,0.0,0.98158896,0.0,0.9787222,0,0.99922085
21,2,3,3,0,1,1,40,0.0,0.0,0.9932848,0.0,0.97983325,0,0.9992518
20,2,6,1,0,1,1,40,0.0,0.0,0.9807009,0.0,0.91256946,0,0.99906296
28,2,1,1,2,1,1,45,0.0,1.0,0.39494807,1.0,0.48157156,1,0.09030226
50,2,3,1,0,1,1,15,0.0,0.0,0.85560125,0.0,0.8780771,0,0.88989305
60,2,1,1,5,1,1,35,1.0,1.0,0.3523332,0.0,0.5323895,1,6.4427604e-06
37,2,3,0,3,1,0,40,0.0,0.0,0.9620162,0.0,0.9769471,0,0.99904186
49,2,6,1,4,0,0,16,0.0,0.0,0.97753525,0.0,0.87415165,0,0.99797386
47,2,1,3,3,0,1,60,1.0,0.0,0.6451898,1.0,0.20709449,1,0.0013417822
28,2,3,3,5,1,1,40,0.0,0.0,0.96758527,0.0,0.97968864,0,0.9992779
22,2,7,3,3,1,0,20,0.0,0.0,0.9990325,0.0,0.98906183,0,0.9994856
32,0,7,3,5,0,0,40,0.0,0.0,0.96596444,0.0,0.98720443,0,0.99947435
33,2,3,1,0,1,1,40,0.0,0.0,0.78622675,0.0,0.8898081,0,0.9051291
23,2,3,3,0,1,1,40,0.0,0.0,0.98917454,0.0,0.98004127,0,0.9992508
25,2,7,3,5,1,0,45,0.0,0.0,0.9705006,0.0,0.94779897,0,0.99811304
48,3,7,2,3,1,0,50,0.0,0.0,0.8821392,0.0,0.8792019,0,0.965629
23,2,4,3,2,1,1,40,0.0,0.0,0.9059281,0.0,0.8671982,0,0.9973152
38,2,4,3,5,0,0,35,0.0,0.0,0.9380097,0.0,0.93011373,0,0.9993579
42,2,0,3,0,1,1,44,0.0,0.0,0.85471165,0.0,0.93632704,0,0.9987978
24,2,1,3,5,0,0,16,0.0,0.0,0.9952722,0.0,0.98566955,0,0.9996369
71,0,3,4,5,1,1,9,0.0,0.0,0.9230814,0.0,0.95092475,0,0.9983315
54,2,3,1,3,1,1,40,1.0,0.0,0.566044,0.0,0.5887799,0,0.8436665
57,2,3,0,5,1,0,40,0.0,0.0,0.89126056,0.0,0.962151,0,0.9984168
17,2,6,3,0,1,1,20,0.0,0.0,0.9999996,0.0,0.9833184,0,0.999308
45,3,7,1,5,0,1,40,0.0,0.0,0.5328089,0.0,0.51744413,1,0.01750157
46,2,3,3,4,1,1,15,0.0,0.0,0.97937477,0.0,0.97600734,0,0.99907947
23,0,1,3,2,0,1,30,0.0,0.0,0.98009217,0.0,0.9663921,0,0.9995871
44,2,1,3,2,1,0,45,0.0,0.0,0.6895479,0.0,0.837768,0,0.8545476
44,2,1,3,2,1,0,45,0.0,0.0,0.6895479,0.0,0.837768,0,0.8545476
23,2,1,3,0,1,1,40,0.0,0.0,0.97415924,0.0,0.99093425,0,0.9993773
35,2,3,1,0,1,1,32,0.0,0.0,0.8585283,0.0,0.96908134,0,0.99720263
18,2,6,3,4,0,0,20,0.0,0.0,0.999943,0.0,0.9797413,0,0.9992543
63,2,3,1,3,1,0,35,0.0,0.0,0.79211307,0.0,0.7279359,0,0.86809295
17,2,6,3,4,1,0,8,0.0,0.0,0.99999994,0.0,0.9805031,0,0.99926525
46,2,6,1,4,1,0,24,0.0,0.0,0.9494052,0.0,0.94097304,0,0.99854374
36,0,0,1,4,0,1,37,0.0,0.0,0.7999648,0.0,0.6885681,0,0.87729114
44,2,3,1,5,1,0,30,0.0,0.0,0.63588655,0.0,0.6645894,0,0.8556633
57,3,6,0,5,1,1,60,1.0,0.0,0.92569906,0.0,0.85592794,0,0.9979157
32,2,1,1,5,1,0,35,1.0,1.0,0.48503923,1.0,0.3236159,1,0.32150716
54,2,6,1,0,1,1,40,0.0,0.0,0.8480666,0.0,0.91493946,0,0.99732566
33,2,3,1,0,1,1,40,0.0,0.0,0.78622675,0.0,0.8898081,0,0.9051291
25,0,3,3,5,1,1,40,0.0,0.0,0.97904515,0.0,0.99080074,0,0.9994659
27,2,1,3,2,1,1,45,0.0,0.0,0.8214623,0.0,0.75389904,0,0.9975563
67,0,1,0,5,0,0,35,0.0,0.0,0.9226849,0.0,0.682878,0,0.99908125
34,3,1,3,2,0,1,60,0.0,0.0,0.8112372,0.0,0.8247502,0,0.73468643
46,2,1,3,0,1,0,8,0.0,0.0,0.97891057,0.0,0.93453616,0,0.9988122
44,2,6,0,5,1,0,40,0.0,0.0,0.9485502,0.0,0.97597057,0,0.99908566
46,2,5,2,2,1,1,50,1.0,1.0,0.34275198,1.0,0.32250774,1,0.017128116
29,2,6,1,0,0,0,14,0.0,0.0,0.9863269,0.0,0.97121507,0,0.9991522
46,2,1,1,2,1,1,45,1.0,1.0,0.22423649,1.0,0.2251392,1,1.5642549e-05
42,3,1,1,0,1,1,50,0.0,1.0,0.43830556,1.0,0.49042273,1,0.49834117
29,2,3,3,0,1,1,50,0.0,0.0,0.9634391,0.0,0.9194368,0,0.9989563
40,0,3,3,5,1,0,40,0.0,0.0,0.92994195,0.0,0.9679393,0,0.99926466
35,2,3,1,0,1,1,40,0.0,0.0,0.76904327,0.0,0.8805417,0,0.8909434
31,2,0,0,5,1,1,40,0.0,0.0,0.88865775,0.0,0.98469156,0,0.9995065
30,0,1,1,4,1,1,40,0.0,1.0,0.49532384,0.0,0.6758485,1,0.29979625
35,0,6,1,0,0,1,40,0.0,0.0,0.89579576,0.0,0.9252483,0,0.9989779
65,2,3,1,3,1,1,40,1.0,0.0,0.5569129,0.0,0.528669,0,0.78145814
33,2,3,0,5,1,1,40,0.0,0.0,0.89643854,0.0,0.9793933,0,0.9992482
47,0,3,0,5,1,0,40,0.0,0.0,0.80778956,0.0,0.9440203,0,0.99914765
41,2,5,1,2,1,1,50,1.0,1.0,0.059176207,1.0,0.15368521,1,9.867988e-05
44,0,1,1,2,0,1,38,1.0,0.0,0.5513425,1.0,0.26287216,1,3.8100632e-05
19,2,7,3,3,1,0,35,0.0,0.0,0.99924916,0.0,0.9911692,0,0.9994661
17,2,6,3,3,1,0,15,0.0,0.0,0.9999999,0.0,0.98976064,0,0.99935824
28,2,6,0,4,1,0,40,0.0,0.0,0.99002665,0.0,0.9787444,0,0.99922085
41,2,7,1,0,0,1,40,1.0,0.0,0.7138834,0.0,0.52641064,0,0.7762102
42,2,0,1,5,1,1,60,1.0,1.0,0.31162018,1.0,0.12262285,1,6.230439e-05
47,2,0,1,0,1,1,40,0.0,1.0,0.45746392,0.0,0.52495813,0,0.77315986
27,2,4,3,5,1,0,40,0.0,0.0,0.93121994,0.0,0.9330282,0,0.9991721
37,2,3,3,5,1,1,42,0.0,0.0,0.89246374,0.0,0.95761466,0,0.9989176
53,2,7,0,5,1,0,40,0.0,0.0,0.88904047,0.0,0.9052329,0,0.99637574
51,2,6,1,0,1,1,45,0.0,0.0,0.7767223,0.0,0.8968575,0,0.913289
35,0,7,1,4,1,1,40,0.0,0.0,0.6074606,0.0,0.56040406,1,0.13725533
58,3,3,1,3,1,1,55,1.0,1.0,0.41176516,0.0,0.5988626,0,0.7310371
41,0,0,1,2,1,1,40,1.0,0.0,0.5485035,1.0,0.40685558,1,0.011272433
33,2,7,3,5,0,0,40,0.0,0.0,0.97173244,0.0,0.95144594,0,0.9990658
20,2,7,3,0,0,1,40,0.0,0.0,0.99499524,0.0,0.97910154,0,0.9992317
46,2,7,0,4,1,0,10,0.0,0.0,0.9869916,0.0,0.9605316,0,0.99912816
19,2,6,3,4,1,1,40,0.0,0.0,0.9988286,0.0,0.978896,0,0.99922574
64,3,4,0,2,1,1,50,0.0,0.0,0.5457515,0.0,0.5630247,1,0.016801849
53,0,4,1,5,1,1,38,1.0,1.0,0.32346255,1.0,0.19922554,1,1.06142e-05
34,2,7,1,0,1,1,40,1.0,0.0,0.699442,0.0,0.7605884,0,0.85904264
26,2,0,3,4,1,0,40,0.0,0.0,0.99142087,0.0,0.97688377,0,0.99921536
20,2,3,3,4,0,0,25,0.0,0.0,0.9989472,0.0,0.97956574,0,0.99925774
28,2,1,1,3,1,1,60,1.0,1.0,0.374269,1.0,0.47759068,1,0.08546596
19,2,7,3,4,1,0,30,0.0,0.0,0.99944395,0.0,0.99028593,0,0.99936455
48,2,4,1,4,1,1,40,1.0,1.0,0.18717939,0.0,0.7173313,1,1.4923558e-05
66,3,7,1,0,1,1,7,0.0,0.0,0.8976682,0.0,0.80138564,0,0.88163686
50,2,3,1,3,1,1,40,0.0,0.0,0.5849331,0.0,0.5888089,0,0.84367335
42,3,1,1,5,1,1,60,1.0,1.0,0.20859122,1.0,0.18760145,1,1.2784462e-05
49,2,3,1,0,1,1,45,0.0,0.0,0.6330315,0.0,0.6359126,0,0.85572135
74,2,6,4,4,0,0,6,0.0,0.0,0.99544704,0.0,0.89446855,0,0.9985649
58,2,7,1,3,0,1,40,0.0,0.0,0.57429874,1.0,0.4926496,1,0.011136523
64,2,7,4,5,1,0,40,0.0,0.0,0.89249796,0.0,0.83247244,0,0.8739687
49,0,4,3,2,1,0,40,0.0,0.0,0.7913536,0.0,0.94259524,0,0.9989868
39,0,3,1,4,1,1,40,1.0,0.0,0.6119782,0.0,0.6981667,0,0.8629989
20,2,6,3,4,1,1,35,0.0,0.0,0.9992029,0.0,0.9799241,0,0.99925655
48,2,7,1,5,1,0,37,0.0,0.0,0.52084374,1.0,0.42200762,0,0.50852525
40,2,7,0,0,1,1,40,0.0,0.0,0.92663574,0.0,0.97750676,0,0.99909306
63,2,6,1,5,1,1,40,0.0,0.0,0.7265059,0.0,0.8908154,0,0.87526363
28,1,7,1,1,1,0,40,1.0,0.0,0.66373384,0.0,0.69751453,0,0.86502546
51,3,7,1,0,1,1,20,0.0,0.0,0.84095544,0.0,0.8269256,0,0.8771082
48,2,7,1,0,1,1,40,0.0,0.0,0.6258031,0.0,0.5578983,0,0.6688291
39,2,6,2,0,1,1,35,0.0,0.0,0.997586,0.0,0.9789172,0,0.9992217
22,2,6,3,0,1,1,45,0.0,0.0,0.9938392,0.0,0.9756308,0,0.9992118
22,0,3,3,0,1,1,50,0.0,0.0,0.98919785,0.0,0.97855574,0,0.9992204
51,2,7,1,5,1,1,40,1.0,1.0,0.3641132,0.0,0.6123993,1,0.0056379
53,2,7,1,4,1,1,40,0.0,1.0,0.4805522,0.0,0.5569128,0,0.51175284
35,2,1,1,3,1,1,40,1.0,1.0,0.34556633,1.0,0.37105894,1,0.05236952
62,2,7,1,3,1,1,40,1.0,1.0,0.4518988,1.0,0.45533055,1,0.009750458
36,2,3,0,0,1,1,40,0.0,0.0,0.95469683,0.0,0.9808776,0,0.99924004
40,2,1,1,0,1,1,40,0.0,1.0,0.46020287,1.0,0.4898358,1,0.49939927
26,2,3,2,3,0,0,37,0.0,0.0,0.9980067,0.0,0.9873396,0,0.9993374
76,2,7,0,5,1,0,20,0.0,0.0,0.95573264,0.0,0.9376146,0,0.9979964
22,2,0,3,0,1,1,40,0.0,0.0,0.9850548,0.0,0.97911584,0,0.99923134
41,2,1,1,5,1,1,60,1.0,1.0,0.18991017,1.0,0.21607155,1,1.062827e-05
59,3,6,1,0,1,1,40,0.0,0.0,0.8995197,0.0,0.8380861,0,0.98761034
54,3,3,1,4,0,1,45,0.0,0.0,0.810022,0.0,0.636816,0,0.8558298
60,2,4,1,5,1,1,50,1.0,1.0,0.137829,1.0,0.120839894,1,8.921401e-06
62,2,6,1,4,0,1,42,0.0,0.0,0.83564645,0.0,0.89103353,0,0.87609595
47,0,0,1,0,1,1,40,0.0,0.0,0.6124079,0.0,0.52579075,0,0.77816755
25,2,3,3,5,1,0,48,0.0,0.0,0.9749505,0.0,0.9545518,0,0.99884975
52,0,2,1,2,1,1,40,1.0,1.0,0.21432644,1.0,0.17433512,1,0.00013908088
39,2,3,0,5,1,0,40,0.0,0.0,0.91148746,0.0,0.9760412,0,0.99909365
20,2,7,3,4,1,1,25,0.0,0.0,0.9983722,0.0,0.9908894,0,0.9993723
39,2,3,3,5,0,0,40,0.0,0.0,0.9554431,0.0,0.94558734,0,0.9989724
50,2,0,0,0,1,1,40,0.0,0.0,0.8875844,0.0,0.9410784,0,0.9983516
48,2,3,1,5,1,0,40,1.0,0.0,0.5236719,1.0,0.4911673,0,0.6480338
17,1,6,3,1,1,1,40,0.0,0.0,0.9999971,0.0,0.97898287,0,0.9992281
43,2,7,0,5,0,0,40,0.0,0.0,0.9359661,0.0,0.8875849,0,0.99858284
35,2,6,0,0,1,1,50,0.0,0.0,0.9676214,0.0,0.97843605,0,0.99921906
50,0,4,0,2,1,0,40,0.0,0.0,0.7013116,0.0,0.9071953,0,0.9994894
23,0,7,3,5,1,1,30,0.0,0.0,0.9950636,0.0,0.96182686,0,0.9997079
30,2,3,0,4,1,0,40,0.0,0.0,0.9822802,0.0,0.97873974,0,0.99922025
32,2,1,1,4,1,1,40,1.0,1.0,0.45570737,1.0,0.36047697,1,0.055174444
29,1,3,1,1,1,0,27,0.0,0.0,0.8748645,0.0,0.92980677,0,0.9989537
43,2,1,3,2,1,1,45,1.0,0.0,0.53271735,1.0,0.49543124,0,0.5591607
35,3,1,3,2,1,0,40,0.0,0.0,0.8473406,0.0,0.9521027,0,0.9994665
38,2,7,0,3,1,1,60,0.0,0.0,0.8150294,0.0,0.9193468,0,0.9634844
24,2,7,3,2,0,1,40,0.0,0.0,0.9758803,0.0,0.9341011,0,0.99968374
18,2,6,3,3,1,0,24,0.0,0.0,0.99992925,0.0,0.9795739,0,0.9992588
38,2,3,1,0,1,1,40,0.0,0.0,0.74490047,0.0,0.7645339,0,0.8678929
41,2,7,0,0,1,1,40,0.0,0.0,0.9258222,0.0,0.9772477,0,0.99905485
64,2,7,4,3,1,0,40,0.0,0.0,0.9183015,0.0,0.8362882,0,0.91529536
69,2,2,1,2,1,1,40,1.0,1.0,0.14083111,1.0,0.106166184,1,2.272049e-05
34,2,7,3,4,1,1,40,0.0,0.0,0.9676459,0.0,0.9791767,0,0.9992349
30,2,7,1,0,1,1,40,0.0,0.0,0.77059436,0.0,0.8513597,0,0.86306804
41,2,3,1,0,1,1,35,0.0,0.0,0.8144345,0.0,0.88465106,0,0.8815782
21,2,3,3,4,1,1,22,0.0,0.0,0.99785846,0.0,0.98078674,0,0.9992576
65,2,6,1,0,1,1,40,0.0,0.0,0.840941,0.0,0.9008925,0,0.8861683
41,2,3,1,5,1,1,40,0.0,0.0,0.523702,0.0,0.59063005,0,0.7700366
22,2,6,3,0,1,1,30,0.0,0.0,0.998895,0.0,0.98189485,0,0.99924374
31,2,7,1,5,0,1,50,0.0,0.0,0.6033668,0.0,0.6658488,1,0.28546116
20,2,3,3,0,1,0,40,0.0,0.0,0.9968664,0.0,0.97872967,0,0.99922097
44,2,3,1,0,1,1,48,0.0,0.0,0.6641631,0.0,0.63690567,0,0.85584044
19,2,7,3,5,1,1,10,0.0,0.0,0.999319,0.0,0.9871002,0,0.999673
33,2,1,1,5,1,1,50,1.0,1.0,0.2722987,1.0,0.29543233,1,0.019295674
51,2,7,0,5,1,0,40,0.0,0.0,0.8897231,0.0,0.9198536,0,0.9975344
51,0,7,1,4,1,1,40,1.0,1.0,0.43586487,1.0,0.36966127,1,0.12087758
28,2,1,3,0,1,1,40,0.0,0.0,0.94779813,0.0,0.9909938,0,0.9993849
62,2,5,1,0,1,1,45,1.0,1.0,0.06892115,1.0,0.24180514,1,6.981152e-07
26,0,3,0,5,1,0,25,0.0,0.0,0.9565829,0.0,0.9596994,0,0.9995227
21,2,3,3,0,1,1,40,0.0,0.0,0.9932848,0.0,0.97983325,0,0.9992518
27,2,3,1,0,1,1,40,0.0,0.0,0.871626,0.0,0.8812948,0,0.90835494
35,0,7,2,5,0,0,40,0.0,0.0,0.9686231,0.0,0.9517739,0,0.9995066
40,2,7,2,5,1,0,60,0.0,0.0,0.83734655,0.0,0.77763426,0,0.87618333
58,1,7,1,1,0,1,30,0.0,0.0,0.8220079,0.0,0.7248554,0,0.87557024
71,0,7,1,5,1,1,40,1.0,1.0,0.47899008,1.0,0.2014339,1,2.6800879e-05
45,2,1,1,2,0,1,40,0.0,1.0,0.2996512,1.0,0.20940286,1,1.7900618e-05
59,2,3,1,4,1,1,24,1.0,0.0,0.8446331,0.0,0.7771957,0,0.87648046
67,2,6,1,0,0,1,40,0.0,0.0,0.8857076,0.0,0.89120626,0,0.8844115
25,2,6,2,0,1,1,40,0.0,0.0,0.9981162,0.0,0.9796441,0,0.99924976
25,1,6,3,1,1,0,32,0.0,0.0,0.9983994,0.0,0.9797218,0,0.99924445
28,2,0,1,0,0,1,40,0.0,0.0,0.7886999,0.0,0.8274108,0,0.87331164
45,2,7,1,0,0,1,40,0.0,0.0,0.7008939,0.0,0.5601181,0,0.69370157
35,2,7,1,0,1,1,45,0.0,0.0,0.6083871,0.0,0.66792667,0,0.80858934
38,2,1,3,4,1,0,35,0.0,0.0,0.9735564,0.0,0.9725408,0,0.99934477
19,2,3,1,4,0,0,16,0.0,0.0,0.992066,0.0,0.9279784,0,0.9990551
59,2,6,1,4,1,0,99,0.0,0.0,0.8263593,0.0,0.63610786,0,0.8561657
18,2,7,3,3,1,0,20,0.0,0.0,0.99977493,0.0,0.99032617,0,0.99949336
36,2,7,1,0,1,1,44,0.0,0.0,0.6088848,0.0,0.66569936,0,0.77973974
40,2,3,1,2,1,1,40,1.0,1.0,0.49329662,1.0,0.4105453,0,0.75288826
65,3,7,1,5,1,1,40,0.0,1.0,0.43391812,1.0,0.4827416,1,0.0042450046
50,2,1,1,5,1,1,40,1.0,1.0,0.21599668,1.0,0.29673535,1,4.5797156e-06
32,2,7,3,5,1,0,50,0.0,0.0,0.9258502,0.0,0.948943,0,0.89426863
42,2,7,1,5,1,0,40,1.0,1.0,0.42496365,1.0,0.24561638,1,0.36217678
32,0,4,1,2,1,1,48,0.0,1.0,0.3771121,1.0,0.27126032,1,0.001098061
28,2,1,3,2,1,1,40,0.0,0.0,0.8588809,0.0,0.9579048,0,0.9994918
21,2,7,3,0,1,1,40,0.0,0.0,0.99161375,0.0,0.9791143,0,0.9992318
34,2,1,3,4,1,1,40,0.0,0.0,0.8634399,0.0,0.9749098,0,0.9995647
19,2,7,3,0,1,1,20,0.0,0.0,0.9990671,0.0,0.9888616,0,0.9993968
26,2,3,0,5,1,0,50,0.0,0.0,0.9348795,0.0,0.94228446,0,0.99920756
38,2,6,1,0,1,1,40,0.0,0.0,0.89261234,0.0,0.9366871,0,0.99885404
54,2,0,1,3,1,1,50,0.0,1.0,0.38113892,0.0,0.53471005,1,0.012495747
29,2,6,1,4,1,0,40,0.0,0.0,0.9248097,0.0,0.9419224,0,0.9987801
21,2,3,3,5,1,0,40,0.0,0.0,0.9930807,0.0,0.9802904,0,0.9993789
22,0,3,3,4,1,1,56,0.0,0.0,0.97836494,0.0,0.93948984,0,0.9991623
40,2,4,1,5,1,1,65,1.0,1.0,0.113108695,1.0,0.20232159,1,1.8385625e-05
43,2,6,1,0,1,0,25,0.0,0.0,0.9413598,0.0,0.9430929,0,0.99864274
69,1,3,1,1,1,1,24,0.0,0.0,0.81867486,0.0,0.78873724,0,0.8823949
40,0,1,1,2,1,1,66,1.0,1.0,0.3068878,1.0,0.18126291,1,2.2387241e-05
51,0,7,0,2,1,0,40,0.0,0.0,0.89987236,0.0,0.82773644,0,0.9992742
50,2,7,1,0,1,1,70,1.0,1.0,0.4796384,0.0,0.5081514,0,0.53421
50,2,1,0,2,1,0,45,0.0,0.0,0.6705138,0.0,0.6156435,0,0.95102596
43,2,4,0,5,1,0,40,1.0,0.0,0.6677674,0.0,0.8014694,0,0.994265
40,2,0,1,5,1,1,40,1.0,1.0,0.3729444,0.0,0.5243267,1,0.03472932
34,2,3,3,4,0,0,35,0.0,0.0,0.9928726,0.0,0.97871524,0,0.99922013
35,2,1,3,5,1,0,40,0.0,0.0,0.88626397,0.0,0.78381073,0,0.97975165
23,0,7,3,5,1,1,15,0.0,0.0,0.9979804,0.0,0.926757,0,0.99972194
38,0,7,3,4,1,1,12,0.0,0.0,0.99407566,0.0,0.9799637,0,0.99958986
53,2,3,1,0,1,1,40,0.0,0.0,0.6414137,0.0,0.6369066,0,0.8558405
29,0,4,3,2,1,0,35,0.0,0.0,0.97111416,0.0,0.98147315,0,0.9996947
29,2,3,3,3,1,0,10,0.0,0.0,0.99755186,0.0,0.990856,0,0.999371
63,2,3,1,0,0,1,40,0.0,0.0,0.77710474,0.0,0.63679874,0,0.8558277
31,2,4,3,2,0,1,40,0.0,0.0,0.8249152,0.0,0.8017031,0,0.99701
69,2,6,1,4,1,1,20,0.0,0.0,0.95004547,0.0,0.9199426,0,0.9079059
28,2,1,3,2,1,0,40,0.0,0.0,0.922709,0.0,0.9791333,0,0.9994649
56,2,1,3,5,1,0,45,1.0,0.0,0.61290896,0.0,0.6316409,0,0.65418565
17,1,6,3,1,0,0,20,0.0,0.0,0.9999993,0.0,0.97959375,0,0.9992538
28,2,3,1,0,1,1,35,0.0,0.0,0.91956276,0.0,0.9614466,0,0.998159
36,0,3,1,2,1,1,40,1.0,0.0,0.57070965,1.0,0.35111684,0,0.518281
22,2,3,3,0,1,1,40,0.0,0.0,0.991375,0.0,0.9799272,0,0.99925154
18,0,7,3,4,1,0,40,0.0,0.0,0.9986911,0.0,0.9914018,0,0.9994535
42,2,3,0,0,1,1,40,0.0,0.0,0.9475615,0.0,0.9766739,0,0.99905497
50,0,7,2,4,0,0,28,0.0,0.0,0.9832293,0.0,0.92150044,0,0.99913377
87,1,3,4,1,1,1,2,0.0,0.0,0.9829085,0.0,0.92507946,0,0.9981346
37,3,4,0,5,1,0,70,0.0,0.0,0.65371644,0.0,0.8625866,0,0.8000671
22,2,3,3,4,1,0,48,0.0,0.0,0.9932284,0.0,0.9347229,0,0.99915814
51,3,5,0,2,1,1,60,1.0,1.0,0.3659038,1.0,0.23317009,1,0.017143404
28,2,6,3,0,0,1,40,0.0,0.0,0.99473757,0.0,0.9789303,0,0.9992237
32,2,3,0,0,1,1,50,0.0,0.0,0.94444597,0.0,0.9782443,0,0.9992106
49,3,6,0,4,1,0,20,0.0,0.0,0.99363226,0.0,0.9767467,0,0.99901307
19,1,7,3,1,1,1,35,0.0,0.0,0.99720794,0.0,0.9848766,0,0.9994444
28,0,1,3,5,1,1,40,0.0,0.0,0.8871794,0.0,0.9708177,0,0.9992737
51,2,6,1,0,1,1,40,1.0,0.0,0.85414225,0.0,0.8996122,0,0.99798346
23,2,6,3,4,1,0,15,0.0,0.0,0.9998122,0.0,0.98003423,0,0.9992544
34,2,6,3,0,1,1,40,0.0,0.0,0.983759,0.0,0.9789112,0,0.99921966
29,2,3,3,0,1,1,48,0.0,0.0,0.9646492,0.0,0.91979945,0,0.99896884
29,0,7,0,5,1,0,40,0.0,0.0,0.9221876,0.0,0.9791304,0,0.9995338
33,2,1,1,2,0,1,40,1.0,1.0,0.37134635,1.0,0.33524275,1,0.04220842
21,2,0,3,4,1,0,5,0.0,0.0,0.99975574,0.0,0.9900823,0,0.99936134
44,2,7,1,0,1,1,40,0.0,0.0,0.6408484,0.0,0.5630344,0,0.70317185
41,2,1,1,5,1,1,40,1.0,1.0,0.23986214,1.0,0.21987039,1,1.1934704e-05
28,2,1,1,5,1,1,40,1.0,1.0,0.42892265,1.0,0.41872168,1,0.31376413
40,2,3,0,0,1,1,40,0.0,0.0,0.9499206,0.0,0.9765421,0,0.99907935
66,2,1,1,3,1,1,5,1.0,0.0,0.76167053,1.0,0.3723895,0,0.8626621
49,2,4,1,2,1,0,50,1.0,1.0,0.16319424,1.0,0.2642951,1,0.008607325
61,2,3,4,0,0,0,50,0.0,0.0,0.941764,0.0,0.91049343,0,0.8784687
32,2,7,1,0,1,1,50,1.0,0.0,0.614162,0.0,0.67235935,0,0.84285516
22,2,7,3,3,1,0,20,0.0,0.0,0.9990325,0.0,0.98906183,0,0.9994856
28,2,7,3,5,1,0,52,0.0,0.0,0.9464074,0.0,0.9413905,0,0.99380916
33,2,1,1,4,1,0,24,0.0,0.0,0.7916869,1.0,0.4721691,0,0.740597
25,2,3,3,0,1,1,45,0.0,0.0,0.9793158,0.0,0.9433529,0,0.9991769
37,3,7,1,5,1,0,15,0.0,0.0,0.61126196,0.0,0.65896946,0,0.8251083
32,2,3,3,0,1,1,60,0.0,0.0,0.947425,0.0,0.9241607,0,0.992078
25,2,1,3,5,1,1,35,0.0,0.0,0.9579896,0.0,0.99948245,0,0.9995338
17,2,6,3,4,1,0,25,0.0,0.0,0.99999976,0.0,0.9791382,0,0.99923325
33,0,3,1,0,1,1,40,1.0,0.0,0.77942336,0.0,0.87063533,0,0.8704219
50,2,6,1,0,1,1,70,1.0,0.0,0.7536527,0.0,0.8882153,0,0.8730892
46,0,3,1,4,1,1,43,1.0,0.0,0.5259703,0.0,0.53730786,0,0.78952587
62,2,1,1,0,1,1,50,1.0,1.0,0.29075748,0.0,0.50382996,1,0.39599738
47,2,1,1,5,1,1,60,1.0,1.0,0.1693235,1.0,0.28595978,1,4.649999e-06
38,1,1,1,1,0,0,50,1.0,0.0,0.6380439,1.0,0.2611516,1,0.341586
36,2,3,0,5,1,1,40,0.0,0.0,0.8874804,0.0,0.9795003,0,0.99925524
39,0,3,2,5,1,1,40,0.0,0.0,0.9167088,0.0,0.99043906,0,0.99947387
39,2,6,1,0,1,1,60,0.0,0.0,0.7836784,0.0,0.9370804,0,0.89894426
23,2,7,3,0,1,1,32,0.0,0.0,0.9950158,0.0,0.9817378,0,0.99927
52,3,3,0,0,1,1,65,0.0,0.0,0.92845637,0.0,0.8713192,0,0.874236
46,0,1,1,2,0,1,40,1.0,1.0,0.4463429,1.0,0.21339464,1,1.8614875e-05
24,2,3,1,4,1,1,40,0.0,0.0,0.91302514,0.0,0.91623217,0,0.9134355
24,2,3,3,4,1,1,35,0.0,0.0,0.9937585,0.0,0.98025084,0,0.9992556
66,0,3,1,0,1,1,40,0.0,0.0,0.5705333,0.0,0.5890191,0,0.84374034
31,2,6,3,0,1,1,40,0.0,0.0,0.98744607,0.0,0.97888005,0,0.9992205
68,2,6,1,4,1,1,30,0.0,0.0,0.9320359,0.0,0.91091007,0,0.89702207
60,0,7,1,4,0,1,60,0.0,0.0,0.5209055,1.0,0.49835455,1,0.0112561295
26,2,7,1,5,1,0,42,0.0,0.0,0.6412196,0.0,0.54494905,0,0.75914544
25,2,3,1,0,1,1,40,0.0,0.0,0.895826,0.0,0.8833736,0,0.90789014
41,2,1,1,3,1,1,40,0.0,1.0,0.25900596,1.0,0.22443444,1,1.4327758e-05
36,2,0,1,4,1,1,40,1.0,0.0,0.5528126,0.0,0.6420163,0,0.85754365
31,2,6,0,4,1,1,40,0.0,0.0,0.98412216,0.0,0.9813988,0,0.99924445
21,2,0,3,5,1,0,40,0.0,0.0,0.99037176,0.0,0.9692344,0,0.9993284
69,2,6,1,0,1,1,40,0.0,0.0,0.8477907,0.0,0.88742435,0,0.8832398
58,2,6,4,0,1,0,45,0.0,0.0,0.96612567,0.0,0.9036927,0,0.99804616
40,2,7,0,0,1,1,40,0.0,0.0,0.92663574,0.0,0.97750676,0,0.99909306
25,0,7,1,5,1,0,19,0.0,0.0,0.9188899,0.0,0.9760408,0,0.99905473
32,3,3,1,3,1,1,65,1.0,0.0,0.5500425,0.0,0.66989124,0,0.8575165
30,2,0,1,0,1,1,40,1.0,0.0,0.6815797,0.0,0.835253,0,0.869941
30,2,7,0,0,1,1,50,0.0,0.0,0.91447365,0.0,0.978608,0,0.99922025
38,2,4,1,5,1,1,60,1.0,1.0,0.12079376,1.0,0.13604176,1,4.3461212e-05
48,2,7,0,3,1,1,45,0.0,0.0,0.829539,0.0,0.9542029,0,0.9988456
83,3,1,1,5,1,1,55,1.0,1.0,0.3198642,1.0,0.1901725,1,3.856687e-06
19,2,3,3,4,0,1,30,0.0,0.0,0.99890846,0.0,0.9800368,0,0.999257
39,2,1,1,3,1,0,30,0.0,0.0,0.63189626,1.0,0.373778,1,0.41275296
47,2,3,1,0,1,1,55,1.0,0.0,0.6239188,0.0,0.59424955,0,0.8455884
48,2,7,0,5,1,0,38,0.0,0.0,0.91339123,0.0,0.9411148,0,0.99900323
55,1,3,1,1,0,0,40,0.0,0.0,0.9039018,0.0,0.6804546,0,0.86684096
56,2,3,1,0,1,1,40,0.0,0.0,0.6245427,0.0,0.6369058,0,0.8558405
38,2,1,1,3,1,1,40,1.0,1.0,0.28647423,1.0,0.26490235,1,0.00010939231
60,2,1,1,5,1,1,45,1.0,1.0,0.17449373,1.0,0.27368867,1,4.63767e-06
57,2,3,4,4,1,0,25,0.0,0.0,0.9717003,0.0,0.91838413,0,0.99854374
31,2,7,3,4,1,1,40,0.0,0.0,0.974597,0.0,0.9795254,0,0.9992526
68,3,2,1,2,1,1,50,0.0,1.0,0.18859929,1.0,0.10357249,1,2.638425e-05
35,2,3,3,0,1,1,40,0.0,0.0,0.946717,0.0,0.9796116,0,0.99921525
65,2,1,1,5,1,1,40,1.0,1.0,0.24682707,1.0,0.38577825,1,5.6506165e-06
45,2,1,1,4,1,1,50,1.0,1.0,0.2054258,1.0,0.23495561,1,6.6913894e-06
17,2,6,3,4,1,0,20,0.0,0.0,0.9999998,0.0,0.9793518,0,0.99924386
33,3,3,1,0,1,1,40,0.0,0.0,0.813955,0.0,0.911198,0,0.89102924
62,2,0,1,4,1,1,40,1.0,1.0,0.4732092,0.0,0.5944997,0,0.5649976
56,2,7,1,3,1,1,40,1.0,1.0,0.43630725,0.0,0.5082245,1,0.011872606
40,2,0,1,0,1,1,60,0.0,1.0,0.4742483,0.0,0.502417,0,0.66034204
24,2,3,2,0,0,0,40,0.0,0.0,0.99730265,0.0,0.9787874,0,0.9992212
27,2,0,1,3,1,1,60,0.0,0.0,0.62012005,0.0,0.7041401,0,0.7543765
20,2,7,3,4,1,1,20,0.0,0.0,0.998785,0.0,0.9908145,0,0.9993787
67,1,6,1,1,1,1,40,0.0,0.0,0.87943155,0.0,0.91129905,0,0.8884153
35,2,7,1,3,1,1,45,0.0,1.0,0.48536336,1.0,0.3202051,1,0.0015963474
49,1,6,2,1,1,1,40,0.0,0.0,0.9915724,0.0,0.9758055,0,0.9990809
39,2,1,3,5,1,1,50,1.0,0.0,0.6438906,1.0,0.2551247,1,0.47303903
26,2,6,1,0,1,1,40,0.0,0.0,0.9471317,0.0,0.9102583,0,0.9990381
36,3,1,3,3,0,0,50,0.0,0.0,0.9035506,0.0,0.7509153,0,0.9071739
32,2,7,1,5,0,0,40,0.0,0.0,0.7135816,1.0,0.43155575,0,0.5247025
36,3,3,1,0,1,1,57,0.0,0.0,0.75057983,0.0,0.63525724,0,0.8565277
34,2,3,1,4,1,1,20,0.0,0.0,0.9086893,0.0,0.9390136,0,0.999
44,3,1,1,5,1,1,60,0.0,1.0,0.2021473,1.0,0.17469484,1,1.2889672e-05
37,2,3,1,0,1,1,40,0.0,0.0,0.75252205,0.0,0.89029473,0,0.87185764
46,0,1,1,2,1,1,38,1.0,1.0,0.4477238,1.0,0.23461622,1,2.7673104e-05
23,2,0,3,3,1,1,30,0.0,0.0,0.9932915,0.0,0.97190964,0,0.999647
38,2,1,1,2,1,0,40,0.0,1.0,0.27650142,0.0,0.533924,1,0.11013937
41,2,5,1,2,1,1,50,1.0,1.0,0.059176207,1.0,0.15368521,1,9.867988e-05
28,2,7,1,0,0,1,40,0.0,0.0,0.84580576,0.0,0.82958186,0,0.8729175
53,0,1,0,2,1,0,54,0.0,0.0,0.69141734,0.0,0.87474,0,0.989618
46,2,3,1,5,1,0,40,1.0,0.0,0.52818835,1.0,0.497504,0,0.66045624
18,1,7,3,1,1,1,30,0.0,0.0,0.99861723,0.0,0.98368657,0,0.9994661
42,2,0,1,4,1,1,45,0.0,1.0,0.40266287,1.0,0.4696173,0,0.62313503
26,1,3,2,1,1,0,40,0.0,0.0,0.98162824,0.0,0.97885746,0,0.9992225
44,0,0,1,0,1,1,40,1.0,0.0,0.6264328,0.0,0.52571356,0,0.7789711
55,2,1,4,5,1,0,40,0.0,0.0,0.7136284,0.0,0.61000586,0,0.86765444
46,2,6,1,2,1,0,45,0.0,0.0,0.62914884,0.0,0.7805728,0,0.8903281
25,0,3,3,4,1,1,40,0.0,0.0,0.9866553,0.0,0.98018104,0,0.99926406
50,0,7,0,5,0,0,40,0.0,0.0,0.9156691,0.0,0.91063625,0,0.9992467
28,2,3,1,0,1,1,40,0.0,0.0,0.85827374,0.0,0.88115406,0,0.9083622
31,2,7,1,3,1,1,40,0.0,0.0,0.6662742,0.0,0.7019694,0,0.711272
48,2,1,1,2,1,1,45,1.0,1.0,0.2180264,1.0,0.18547177,1,1.3357856e-05
59,2,7,1,0,1,1,50,0.0,1.0,0.48737723,0.0,0.6150911,0,0.6035868
52,3,3,1,5,1,0,40,1.0,1.0,0.44226456,0.0,0.52556276,0,0.7717861
55,1,6,1,1,1,1,40,0.0,0.0,0.86197793,0.0,0.7268393,0,0.99732107
41,3,3,0,0,1,1,40,0.0,0.0,0.95622236,0.0,0.9776022,0,0.99909043
36,0,4,3,2,1,1,40,0.0,0.0,0.83644193,0.0,0.6305052,0,0.99836355
28,2,1,3,3,1,1,40,0.0,0.0,0.87800753,0.0,0.9919493,0,0.99957687
22,0,1,3,5,1,0,10,0.0,0.0,0.9979317,0.0,0.9521686,0,0.9996886
52,3,3,0,3,0,1,40,0.0,0.0,0.938662,0.0,0.9235531,0,0.99862635
65,3,7,1,3,1,1,35,1.0,0.0,0.5562806,1.0,0.2847258,0,0.63592196
41,2,4,4,2,1,0,55,0.0,0.0,0.6115012,0.0,0.6472459,0,0.58982664
53,2,3,1,0,1,1,40,0.0,0.0,0.6414137,0.0,0.6369066,0,0.8558405
41,2,3,0,3,0,0,38,0.0,0.0,0.9830275,0.0,0.97678334,0,0.99902356
52,0,1,1,5,1,1,45,1.0,1.0,0.16634595,1.0,0.17648327,1,1.271501e-05
38,2,0,1,2,1,1,42,0.0,1.0,0.36198163,0.0,0.56441164,1,0.017657941
61,2,3,1,0,1,1,40,0.0,0.0,0.6043407,0.0,0.6368996,0,0.8558398
43,3,1,1,3,1,1,45,1.0,1.0,0.26198345,1.0,0.158001,1,1.7221913e-05
46,3,7,2,2,1,1,20,0.0,0.0,0.96148837,0.0,0.934063,0,0.999579
33,2,7,3,0,1,1,55,0.0,0.0,0.91337544,0.0,0.95765144,0,0.9159476
44,2,7,1,0,1,1,56,1.0,0.0,0.513297,1.0,0.49932992,0,0.6586749
33,2,1,3,5,1,1,40,0.0,0.0,0.8181126,0.0,0.9270801,0,0.99895203
39,0,1,0,5,0,0,40,0.0,0.0,0.86775035,0.0,0.92045,0,0.9994431
59,2,7,1,5,1,0,14,1.0,0.0,0.71294224,1.0,0.37910438,0,0.68692315
47,2,3,1,0,1,1,40,0.0,0.0,0.6805662,0.0,0.6369356,0,0.85584104
46,2,1,1,0,1,1,40,1.0,1.0,0.42419702,1.0,0.49003738,1,0.49937794
31,1,6,2,1,0,1,40,0.0,0.0,0.99773604,0.0,0.9797035,0,0.9992384
51,3,0,1,3,1,1,60,0.0,1.0,0.32815057,1.0,0.33702135,1,0.0025486008
24,1,6,1,1,0,0,24,0.0,0.0,0.986362,0.0,0.9752212,0,0.9992091
45,2,7,1,2,1,1,50,1.0,1.0,0.3550619,0.0,0.5593673,1,9.60295e-06
36,3,0,1,0,1,1,99,0.0,0.0,0.665303,1.0,0.24355716,1,0.42616156
41,2,3,1,5,1,1,40,1.0,0.0,0.523702,0.0,0.59063005,0,0.7700366
37,2,0,0,4,1,0,40,0.0,0.0,0.95524645,0.0,0.9760271,0,0.9990828
26,2,1,1,2,1,1,40,0.0,1.0,0.4840746,0.0,0.59656405,0,0.52680075
32,2,1,0,0,1,1,50,1.0,0.0,0.8534357,0.0,0.9506513,0,0.99894303
36,2,1,3,3,1,0,40,0.0,0.0,0.9042535,0.0,0.93204534,0,0.9993063
37,2,3,0,4,0,0,40,0.0,0.0,0.9839189,0.0,0.97648305,0,0.9990445
58,2,1,1,2,1,1,40,1.0,1.0,0.25093383,1.0,0.19509423,1,1.1388289e-05
56,2,3,0,2,1,0,40,0.0,0.0,0.869637,0.0,0.9622653,0,0.9984005
28,2,1,1,2,1,0,40,1.0,1.0,0.45517993,0.0,0.52883637,1,0.07991356
51,2,3,1,0,1,1,50,0.0,0.0,0.6018333,0.0,0.58913624,0,0.8437483
22,2,3,3,5,0,0,40,0.0,0.0,0.9921007,0.0,0.98028016,0,0.9993789
22,2,7,3,4,1,0,24,0.0,0.0,0.99895316,0.0,0.9904405,0,0.9993648
29,3,3,1,0,1,1,37,0.0,0.0,0.8888405,0.0,0.9535931,0,0.99800354
23,0,3,1,5,1,1,40,0.0,0.0,0.7521037,0.0,0.8363199,0,0.87361306
21,2,3,3,4,1,0,40,0.0,0.0,0.9966965,0.0,0.9787356,0,0.9992211
47,2,7,0,5,1,0,40,0.0,0.0,0.8913159,0.0,0.8862469,0,0.99842167
24,2,1,1,5,1,1,55,1.0,1.0,0.4373002,0.0,0.5793139,0,0.69242096
50,2,1,0,3,1,1,45,0.0,0.0,0.6490632,0.0,0.853503,0,0.9993923
20,1,3,3,1,1,0,28,0.0,0.0,0.9964957,0.0,0.9795812,0,0.99925834
48,3,4,1,3,1,1,50,0.0,1.0,0.16463023,1.0,0.15743113,1,1.5614722e-05
57,0,3,3,5,1,1,40,0.0,0.0,0.7499247,0.0,0.9622319,0,0.9787723
24,2,3,3,3,1,0,30,0.0,0.0,0.9966452,0.0,0.990607,0,0.99936646
37,0,3,1,5,1,1,40,0.0,1.0,0.44862688,1.0,0.44057906,0,0.5727233
18,2,6,3,0,1,1,6,0.0,0.0,0.99996436,0.0,0.9859869,0,0.99927694
49,2,3,0,0,1,1,40,0.0,0.0,0.93820167,0.0,0.98198414,0,0.9986345
39,3,3,1,5,1,1,16,0.0,0.0,0.7541068,0.0,0.7869245,0,0.9968177
67,2,3,3,5,1,0,35,0.0,0.0,0.8486011,0.0,0.8808999,0,0.9398151
48,2,7,1,0,1,1,40,1.0,0.0,0.6258031,0.0,0.5578983,0,0.6688291
22,2,7,3,0,1,1,40,0.0,0.0,0.98946905,0.0,0.9791717,0,0.99923444
33,1,7,1,1,1,0,50,0.0,1.0,0.46744376,0.0,0.504089,0,0.67354184
26,1,6,2,1,1,1,40,0.0,0.0,0.99664676,0.0,0.97979295,0,0.99925095
45,3,0,0,3,1,0,30,0.0,0.0,0.94831854,0.0,0.93316555,0,0.9992262
20,0,7,3,4,0,0,20,0.0,0.0,0.99929607,0.0,0.9625973,0,0.9995521
44,2,0,1,0,0,1,40,0.0,0.0,0.5826298,0.0,0.5345185,0,0.78683513
26,2,6,3,0,0,1,48,0.0,0.0,0.992204,0.0,0.9726168,0,0.9992054
59,2,6,3,4,0,1,50,0.0,0.0,0.94633234,0.0,0.9155451,0,0.9980513
28,2,3,1,4,1,0,37,0.0,0.0,0.92954904,0.0,0.95803154,0,0.9607468
39,2,3,1,0,1,1,40,1.0,0.0,0.7376021,0.0,0.68282413,0,0.86681145
26,2,1,3,5,1,1,35,0.0,0.0,0.95139366,0.0,0.9995531,0,0.99953675
73,1,6,1,1,1,1,3,0.0,0.0,0.97492874,0.0,0.9403982,0,0.9904107
30,2,2,3,2,1,1,20,0.0,0.0,0.8187745,0.0,0.89706707,0,0.9983419
30,3,3,3,0,1,1,50,1.0,0.0,0.96930325,0.0,0.9279382,0,0.99897873
38,2,1,1,3,1,1,50,1.0,1.0,0.21914572,1.0,0.26001835,1,2.1193595e-05
36,3,3,3,4,1,0,70,0.0,0.0,0.956246,0.0,0.8630486,0,0.9081553
33,2,3,1,0,1,1,45,0.0,0.0,0.75287366,0.0,0.81919914,0,0.87146765
41,2,3,1,0,1,1,40,0.0,0.0,0.72370905,0.0,0.6379037,0,0.85585743
30,2,1,3,5,1,1,55,1.0,0.0,0.7945059,0.0,0.7706881,0,0.81928134
54,1,3,1,1,1,1,40,1.0,0.0,0.6816733,0.0,0.6972755,0,0.867031
83,3,3,4,5,1,1,8,0.0,0.0,0.94665754,0.0,0.9231414,0,0.9983266
41,3,3,1,3,1,1,62,0.0,1.0,0.4897315,0.0,0.5688834,0,0.70766664
42,2,6,1,4,1,0,40,0.0,0.0,0.861083,0.0,0.937216,0,0.9985531
41,2,6,1,4,0,1,40,0.0,0.0,0.8969469,0.0,0.94209987,0,0.9987808
41,3,1,1,2,1,1,50,0.0,1.0,0.3209914,1.0,0.2326318,1,5.901615e-05
30,2,0,0,2,1,0,36,0.0,0.0,0.91941017,0.0,0.9637476,0,0.9995223
32,2,6,1,0,0,1,40,0.0,0.0,0.91763765,0.0,0.9120696,0,0.9990368
40,1,1,0,1,1,0,50,0.0,0.0,0.81761664,0.0,0.913491,0,0.998395
61,2,3,3,0,0,0,40,0.0,0.0,0.94392145,0.0,0.9371944,0,0.9825884
48,2,3,1,0,1,1,50,1.0,0.0,0.6249954,0.0,0.6208194,0,0.8528498
51,2,3,0,5,1,0,40,0.0,0.0,0.8918281,0.0,0.96093976,0,0.9984469
36,2,4,1,5,1,1,40,1.0,1.0,0.15168816,1.0,0.26757586,1,0.0035051585
19,1,3,3,1,0,0,40,0.0,0.0,0.99784625,0.0,0.97934794,0,0.9992454
21,2,3,3,3,1,1,30,0.0,0.0,0.99722886,0.0,0.9908896,0,0.9993691
44,2,1,3,4,1,1,48,0.0,0.0,0.6349238,0.0,0.863019,0,0.8573385
29,2,0,1,2,1,1,50,0.0,0.0,0.55339634,0.0,0.6315347,0,0.6434202
42,2,3,0,0,1,1,75,1.0,0.0,0.9256814,0.0,0.8617771,0,0.9084234
25,1,1,3,1,0,1,28,0.0,0.0,0.9945974,0.0,0.98668885,0,0.99968493
50,0,1,1,5,1,1,38,1.0,1.0,0.36601287,1.0,0.25248355,1,1.4126294e-05
49,2,3,1,5,1,1,30,0.0,0.0,0.6260017,0.0,0.62792826,0,0.8545185
28,2,7,0,5,1,0,40,0.0,0.0,0.9452958,0.0,0.9914562,0,0.9994554
65,1,0,1,1,1,1,50,1.0,1.0,0.47784096,0.0,0.53945035,1,0.49640742
32,2,1,1,3,0,1,50,1.0,1.0,0.41323298,1.0,0.32691795,1,0.04185276
62,2,3,4,4,1,0,24,0.0,0.0,0.973951,0.0,0.9560162,0,0.9805915
20,2,7,3,4,1,1,35,0.0,0.0,0.99757457,0.0,0.99087864,0,0.99936885
27,2,1,3,4,1,1,40,0.0,0.0,0.9292236,0.0,0.9901335,0,0.9996418
30,2,7,3,3,1,1,45,1.0,0.0,0.93827564,0.0,0.9325375,0,0.99947184
24,2,7,3,0,1,1,24,0.0,0.0,0.9957916,0.0,0.9872097,0,0.99932957
31,0,3,0,4,1,1,47,1.0,0.0,0.91906697,0.0,0.97982293,0,0.99926156
50,3,5,1,2,1,1,30,1.0,1.0,0.09106958,1.0,0.23910403,1,0.0024053506
65,1,3,4,1,1,0,25,0.0,0.0,0.95423776,0.0,0.9409737,0,0.99790597
44,2,3,0,0,1,1,40,0.0,0.0,0.9451455,0.0,0.97727305,0,0.9989949
42,3,3,3,0,1,1,85,0.0,0.0,0.896504,0.0,0.8633358,0,0.8744721
71,2,6,3,4,1,0,75,0.0,0.0,0.9164851,0.0,0.7845448,0,0.8850329
22,2,3,1,3,1,0,40,0.0,0.0,0.9466487,0.0,0.9366273,0,0.9342641
27,0,7,3,2,1,1,16,0.0,0.0,0.9925694,0.0,0.98129666,0,0.9995809
17,2,6,3,5,1,0,10,0.0,0.0,0.9999998,0.0,0.9901017,0,0.9993616
68,2,6,0,0,1,1,20,0.0,0.0,0.9926149,0.0,0.9278543,0,0.9985777
25,2,7,3,5,1,0,40,0.0,0.0,0.982718,0.0,0.95796573,0,0.9993704
49,3,0,0,5,1,1,25,0.0,0.0,0.8682111,0.0,0.94143695,0,0.9993622
55,3,1,4,3,1,0,15,0.0,0.0,0.9185619,0.0,0.93729097,0,0.9984389
40,0,6,2,0,0,1,40,0.0,0.0,0.99606615,0.0,0.9787358,0,0.99922
32,2,1,1,3,1,1,60,1.0,1.0,0.29873133,1.0,0.31291467,1,0.03302894
17,2,6,3,4,0,1,16,0.0,0.0,0.99999964,0.0,0.9808276,0,0.999275
57,2,1,1,5,1,1,40,0.0,1.0,0.20950389,1.0,0.2566839,1,4.410003e-06
40,0,1,0,2,1,1,40,0.0,0.0,0.73527837,0.0,0.9092804,0,0.9995127
54,2,3,3,5,1,1,40,1.0,0.0,0.75203,0.0,0.84291065,0,0.99806136
40,3,1,1,3,1,1,50,1.0,1.0,0.263569,1.0,0.22742504,1,4.058049e-05
43,2,7,3,5,1,1,25,0.0,0.0,0.9488795,0.0,0.9643395,0,0.9995117
32,0,5,1,2,1,1,40,1.0,1.0,0.10461533,1.0,0.2830714,1,0.003340834
38,2,1,1,3,1,1,40,1.0,1.0,0.28647423,1.0,0.26490235,1,0.00010939231
57,2,7,1,0,1,1,40,0.0,0.0,0.60496867,0.0,0.56801945,0,0.6571431
48,2,6,1,0,1,1,40,0.0,0.0,0.8603132,0.0,0.93890834,0,0.9983559
49,2,3,1,0,1,1,40,1.0,0.0,0.6678808,0.0,0.6369151,0,0.8558407
43,2,7,1,3,1,1,40,1.0,1.0,0.47690254,0.0,0.5162045,1,0.029455326
52,0,0,0,4,1,0,30,0.0,0.0,0.9698511,0.0,0.937738,0,0.9987828
49,2,7,1,4,1,1,32,0.0,0.0,0.67480904,0.0,0.57541025,0,0.83067787
18,2,6,3,0,1,1,40,0.0,0.0,0.9992394,0.0,0.97920537,0,0.99923575
25,2,7,3,4,1,1,60,0.0,0.0,0.96858525,0.0,0.96038127,0,0.98286164
51,0,7,1,0,1,1,40,0.0,0.0,0.70493644,0.0,0.5988359,0,0.6768544
36,0,4,3,2,0,0,40,0.0,0.0,0.892158,0.0,0.90817356,0,0.99951077
56,0,1,3,0,0,1,65,0.0,0.0,0.7177983,1.0,0.39853108,1,0.39664635
20,2,7,3,3,0,1,30,0.0,0.0,0.99838996,0.0,0.987767,0,0.9996743
22,3,1,3,5,1,1,40,0.0,0.0,0.942549,0.0,0.999211,0,0.9994838
42,3,3,1,3,1,1,60,0.0,1.0,0.48710418,0.0,0.59761673,0,0.7439135
51,0,7,1,5,1,0,40,0.0,1.0,0.4145441,1.0,0.39180124,1,0.2586309
21,2,7,3,3,0,0,40,0.0,0.0,0.99610966,0.0,0.99155337,0,0.99947315
45,2,3,0,0,1,0,55,0.0,0.0,0.94657856,0.0,0.88589966,0,0.9979887
49,2,3,1,5,1,1,40,0.0,1.0,0.479276,1.0,0.4946326,0,0.65070754
44,2,2,1,5,1,1,60,1.0,1.0,0.099944055,1.0,0.16844648,1,1.3844395e-05
36,2,6,1,0,1,1,40,0.0,0.0,0.90003806,0.0,0.92811596,0,0.998926
31,0,3,1,3,1,1,40,0.0,0.0,0.7084842,0.0,0.900818,0,0.8965167
34,2,3,0,5,1,0,48,0.0,0.0,0.89964527,0.0,0.9582886,0,0.99824166
48,3,3,1,5,1,1,40,1.0,1.0,0.48322105,0.0,0.52898794,0,0.78164726
41,2,0,1,4,1,1,45,1.0,1.0,0.40989822,1.0,0.48225492,0,0.64249355
40,2,7,0,0,0,0,40,0.0,0.0,0.9745291,0.0,0.9792881,0,0.99864656
52,0,7,1,0,1,1,40,0.0,0.0,0.7004559,0.0,0.590396,0,0.6658001
42,2,3,0,0,1,0,40,0.0,0.0,0.9608942,0.0,0.980036,0,0.99871576
40,3,0,0,3,1,0,40,0.0,0.0,0.8957447,0.0,0.96987766,0,0.99923515
31,0,4,3,5,1,1,25,0.0,0.0,0.9573791,0.0,0.96006715,0,0.99949086
46,3,5,1,2,1,1,45,1.0,1.0,0.07118678,1.0,0.15556812,1,0.00010228405
31,2,3,1,4,1,1,35,0.0,0.0,0.8894142,0.0,0.9591362,0,0.9965264
47,2,7,3,3,1,1,70,1.0,0.0,0.64776075,1.0,0.23377746,1,0.03566285
50,3,5,1,2,0,1,50,1.0,1.0,0.09766239,1.0,0.15367353,1,9.0393674e-05
45,2,3,1,0,1,1,40,1.0,0.0,0.69538045,0.0,0.6369256,0,0.85584086
32,2,1,3,2,1,1,45,0.0,0.0,0.73110425,0.0,0.8441222,0,0.88057506
45,0,3,1,4,1,1,78,1.0,1.0,0.490547,0.0,0.54979634,0,0.6110504
56,2,3,0,5,1,0,40,0.0,0.0,0.891219,0.0,0.96152365,0,0.9984347
58,0,1,1,5,1,1,40,0.0,1.0,0.2245115,1.0,0.20998281,1,1.2156312e-05
61,3,4,1,0,1,1,4,0.0,0.0,0.73983765,0.0,0.77919775,0,0.92104816
31,3,1,1,5,1,0,40,1.0,1.0,0.32547188,1.0,0.29588515,1,0.3364061
67,2,7,0,5,1,1,35,0.0,0.0,0.8961498,0.0,0.9371075,0,0.99839634
29,2,7,3,5,1,0,40,0.0,0.0,0.97182155,0.0,0.93269813,0,0.9991302
32,2,3,1,0,1,1,40,0.0,0.0,0.7946254,0.0,0.8852514,0,0.908285
41,2,3,1,0,1,1,40,0.0,0.0,0.72370905,0.0,0.6379037,0,0.85585743
27,0,1,3,0,1,0,40,0.0,0.0,0.9826518,0.0,0.98025113,0,0.99950695
51,2,3,1,0,1,1,50,1.0,0.0,0.6018333,0.0,0.58913624,0,0.8437483
47,2,0,3,5,1,0,40,0.0,0.0,0.83420086,0.0,0.8801944,0,0.9716451
90,1,1,4,1,1,0,10,0.0,0.0,0.9834795,0.0,0.80103797,0,0.99833614
36,2,0,1,5,1,1,40,1.0,1.0,0.44616562,0.0,0.62271386,1,0.27810845
29,2,1,3,2,0,0,40,0.0,0.0,0.9315098,0.0,0.94139194,0,0.9994598
42,3,7,1,0,1,1,40,0.0,0.0,0.70888245,0.0,0.636906,0,0.8558405
47,3,7,0,5,1,0,65,0.0,0.0,0.8144063,0.0,0.72012913,0,0.87171715
22,1,7,3,1,1,1,40,0.0,0.0,0.98754954,0.0,0.9908921,0,0.9993697
27,2,1,3,5,1,1,45,0.0,0.0,0.866334,0.0,0.9360037,0,0.92311317
38,2,7,3,4,1,1,40,0.0,0.0,0.9570492,0.0,0.9787667,0,0.9992212
38,2,3,0,0,1,1,60,0.0,0.0,0.9318036,0.0,0.9304162,0,0.99879813
37,2,1,3,4,1,0,40,0.0,0.0,0.94342893,0.0,0.8896602,0,0.9987166
37,2,3,3,0,0,1,30,0.0,0.0,0.9816842,0.0,0.9825418,0,0.9992256
24,2,3,1,4,0,1,40,0.0,0.0,0.9530481,0.0,0.91623217,0,0.9134355
19,2,0,3,5,0,0,40,0.0,0.0,0.99534047,0.0,0.96744823,0,0.9993892
43,2,1,1,4,1,1,24,1.0,0.0,0.575922,1.0,0.42329687,1,0.45713127
45,2,7,0,3,1,1,40,0.0,0.0,0.8808885,0.0,0.9486002,0,0.9992586
49,0,7,1,4,1,1,40,0.0,1.0,0.4432237,1.0,0.39222848,1,0.12934463
36,2,3,1,0,1,1,40,0.0,0.0,0.76022047,0.0,0.9239036,0,0.87502086
22,2,7,3,0,1,1,24,0.0,0.0,0.9971822,0.0,0.9869611,0,0.99932826
27,2,7,3,3,0,1,40,0.0,0.0,0.98187375,0.0,0.98831797,0,0.9996625
38,2,3,1,0,1,1,40,0.0,0.0,0.74490047,0.0,0.7645339,0,0.8678929
17,1,6,3,1,1,0,20,0.0,0.0,0.9999994,0.0,0.97959375,0,0.9992538
22,3,7,3,2,1,0,3,0.0,0.0,0.9993442,0.0,0.99140465,0,0.9996624
51,2,3,1,5,1,0,40,0.0,0.0,0.51654077,1.0,0.48814917,0,0.6441009
66,0,3,1,5,1,1,40,1.0,1.0,0.3987462,1.0,0.4019748,1,0.4540419
19,1,7,3,1,1,1,40,0.0,0.0,0.99457645,0.0,0.99091035,0,0.9993722
32,1,1,0,1,1,1,50,0.0,0.0,0.741627,0.0,0.9850397,0,0.9995009
31,0,3,2,0,1,0,40,0.0,0.0,0.9888699,0.0,0.9778487,0,0.9991725
40,3,1,1,5,1,1,50,1.0,1.0,0.22667879,1.0,0.21568972,1,1.4775066e-05
53,2,3,1,0,1,1,40,0.0,0.0,0.6414137,0.0,0.6369066,0,0.8558405
26,0,1,3,2,0,1,20,0.0,0.0,0.9773614,0.0,0.9619462,0,0.99956185
46,2,3,0,5,1,0,60,0.0,0.0,0.87428373,0.0,0.87130934,0,0.9235836
41,2,3,2,0,1,0,44,0.0,0.0,0.97645456,0.0,0.92726624,0,0.9987488
54,2,7,1,0,1,1,45,1.0,0.0,0.52124465,0.0,0.5620104,0,0.64359343
38,2,7,0,5,1,0,40,0.0,0.0,0.90248114,0.0,0.925317,0,0.9993299
18,2,6,3,0,1,1,16,0.0,0.0,0.99990326,0.0,0.9841107,0,0.99925333
36,2,7,1,0,1,1,40,1.0,0.0,0.68159837,0.0,0.6369879,0,0.85586566
22,1,7,3,1,1,1,40,0.0,0.0,0.98754954,0.0,0.9908921,0,0.9993697
24,2,1,1,3,1,1,40,0.0,0.0,0.6383178,0.0,0.6467514,0,0.6847596
36,2,1,3,5,1,1,55,0.0,0.0,0.68617165,1.0,0.39037824,0,0.60241807
30,2,0,1,5,1,0,24,0.0,0.0,0.72261775,0.0,0.6126133,0,0.8635876
53,2,7,2,5,1,0,40,0.0,0.0,0.8924014,0.0,0.877828,0,0.98103446
52,3,7,1,3,1,1,45,0.0,1.0,0.3858205,1.0,0.44009936,1,0.0011759099
43,0,4,1,5,1,1,40,1.0,1.0,0.25286186,1.0,0.15900081,1,2.057651e-05
44,0,3,3,0,0,0,40,0.0,0.0,0.9639465,0.0,0.9482654,0,0.99849164
20,2,7,3,0,1,1,72,0.0,0.0,0.97981673,0.0,0.9344229,0,0.90060407
26,0,1,1,2,1,1,28,0.0,0.0,0.69422615,1.0,0.46103716,0,0.82381135
59,2,0,4,5,1,0,40,1.0,0.0,0.8470535,0.0,0.7239522,0,0.8798836
51,2,0,1,4,1,1,50,1.0,1.0,0.3632732,1.0,0.4892674,1,0.49833855
30,2,4,1,2,0,1,50,1.0,1.0,0.24681431,1.0,0.33318943,1,0.04046789
58,0,1,1,5,1,1,40,1.0,1.0,0.2245115,1.0,0.20998281,1,1.2156312e-05
25,2,7,3,3,1,1,40,0.0,0.0,0.9779321,0.0,0.9884549,0,0.9996594
19,2,3,3,5,1,0,26,0.0,0.0,0.9984138,0.0,0.9910078,0,0.99940217
38,2,3,1,0,1,1,65,1.0,0.0,0.6785429,0.0,0.62882364,0,0.85747164
34,2,0,1,2,1,1,55,0.0,1.0,0.42461216,0.0,0.557423,1,0.012991463
39,2,6,1,0,1,1,45,0.0,0.0,0.81805736,0.0,0.9421743,0,0.9987704
49,2,1,0,3,1,0,35,0.0,0.0,0.88586074,0.0,0.79902136,0,0.9994006
55,0,7,1,5,1,0,40,1.0,1.0,0.41808647,1.0,0.39081174,1,0.2593371
56,2,1,1,2,1,1,50,0.0,1.0,0.20464265,1.0,0.17828488,1,1.2206475e-05
39,2,3,1,5,1,0,25,0.0,0.0,0.66921216,0.0,0.66549176,0,0.8589635
20,1,7,3,1,1,0,10,0.0,0.0,0.9988771,0.0,0.98336697,0,0.9994344
30,2,3,1,4,1,1,40,1.0,0.0,0.84148896,0.0,0.87068266,0,0.90896195
31,2,7,3,4,1,1,40,0.0,0.0,0.974597,0.0,0.9795254,0,0.9992526
49,0,3,1,4,1,1,40,1.0,0.0,0.5848037,0.0,0.63688195,0,0.8558368
58,0,6,0,0,0,0,40,1.0,0.0,0.99118084,0.0,0.946716,0,0.99845433
38,2,3,1,5,1,0,40,1.0,0.0,0.55363715,0.0,0.5455667,0,0.7511953
23,2,0,3,0,1,0,40,0.0,0.0,0.9868089,0.0,0.9778546,0,0.9992181
28,2,3,3,0,1,1,40,0.0,0.0,0.9755564,0.0,0.9806631,0,0.99924374
28,2,3,0,0,1,1,70,0.0,0.0,0.94176316,0.0,0.94158745,0,0.9987808
35,2,3,3,4,1,0,40,0.0,0.0,0.9807774,0.0,0.97631055,0,0.99906284
68,1,6,1,1,1,1,30,0.0,0.0,0.923601,0.0,0.9093464,0,0.9207615
33,2,0,1,0,1,1,45,0.0,0.0,0.57654226,0.0,0.75064373,0,0.8589606
49,3,1,4,3,1,0,40,0.0,0.0,0.75123906,0.0,0.86944664,0,0.9977895
35,2,3,3,0,0,1,60,0.0,0.0,0.9582281,0.0,0.9493971,0,0.94797564
46,2,3,0,0,1,1,54,0.0,0.0,0.9244535,0.0,0.90219975,0,0.99802005
61,2,7,1,5,1,1,40,0.0,1.0,0.36891913,0.0,0.5068271,1,0.011094692
67,1,6,0,1,1,1,3,0.0,0.0,0.99413884,0.0,0.89578223,0,0.99902344
25,2,7,1,5,0,0,40,1.0,0.0,0.82060474,0.0,0.8432038,0,0.8637951
52,2,1,1,5,1,1,40,0.0,1.0,0.21247977,1.0,0.27656823,1,4.3871873e-06
43,2,7,0,3,1,0,55,1.0,0.0,0.8822232,0.0,0.87352544,0,0.9819581
32,2,7,0,5,1,0,40,0.0,0.0,0.9277557,0.0,0.99021363,0,0.99945873
18,2,6,3,4,1,1,40,0.0,0.0,0.9992884,0.0,0.9789219,0,0.9992275
32,2,1,1,3,1,1,40,0.0,1.0,0.4143241,1.0,0.4898048,1,0.09334998
41,2,7,2,0,0,1,40,0.0,0.0,0.98117703,0.0,0.9767164,0,0.9990336
23,0,1,3,2,1,1,40,0.0,0.0,0.9471612,0.0,0.9518825,0,0.9994832
32,2,3,1,0,1,1,50,0.0,0.0,0.75668395,0.0,0.87806726,0,0.8637087
64,0,1,1,0,1,1,45,1.0,1.0,0.30889142,0.0,0.58521473,1,0.097832344
23,2,7,3,0,1,1,40,0.0,0.0,0.9869767,0.0,0.9792097,0,0.9992361
30,2,3,3,0,0,1,40,0.0,0.0,0.982518,0.0,0.9807764,0,0.9992403
75,2,6,3,4,0,0,48,0.0,0.0,0.971126,0.0,0.7658304,0,0.99625105
36,2,7,1,0,1,1,50,1.0,0.0,0.5794302,0.0,0.51128405,0,0.72337073
59,2,3,4,4,1,0,40,0.0,0.0,0.95611835,0.0,0.9407071,0,0.9873581
55,0,3,1,4,1,1,40,0.0,0.0,0.5786224,0.0,0.5920442,0,0.84485376
28,2,3,3,4,1,1,40,0.0,0.0,0.97812086,0.0,0.9796158,0,0.9992505
37,2,4,3,5,1,1,40,1.0,0.0,0.7297969,0.0,0.7314676,0,0.87916946
22,2,3,3,0,1,1,42,0.0,0.0,0.9888468,0.0,0.97562295,0,0.9992118
27,2,3,1,0,1,1,45,0.0,0.0,0.83439064,0.0,0.836124,0,0.88358414
30,2,1,3,3,1,0,45,0.0,0.0,0.91240335,0.0,0.9569047,0,0.99382174
24,0,1,3,2,1,1,40,0.0,0.0,0.93734896,0.0,0.9579541,0,0.999495
29,0,0,3,4,1,1,56,1.0,0.0,0.94323003,0.0,0.9697677,0,0.99887747
51,2,3,0,2,1,0,43,0.0,0.0,0.8664133,0.0,0.9613949,0,0.9984459
51,2,7,1,5,1,1,45,1.0,1.0,0.32132614,1.0,0.3916158,1,1.3104643e-05
59,2,7,1,4,1,1,50,1.0,1.0,0.39826345,1.0,0.37519187,1,0.2898256
63,0,3,1,5,1,0,32,0.0,0.0,0.559318,0.0,0.57204926,0,0.76569855
27,2,0,3,4,0,0,40,0.0,0.0,0.992048,0.0,0.97676617,0,0.999215
44,2,3,1,0,1,1,40,1.0,0.0,0.70244366,0.0,0.6369424,0,0.8558411
63,0,7,1,4,1,1,18,1.0,0.0,0.77443767,0.0,0.7503121,0,0.89442897
48,2,6,1,5,1,1,45,1.0,0.0,0.6296706,0.0,0.8805656,0,0.89837027
36,2,4,1,2,1,1,55,1.0,1.0,0.15113008,1.0,0.15244609,1,0.0002904033
30,2,7,0,5,0,0,40,0.0,0.0,0.956565,0.0,0.99178815,0,0.9994696
33,2,7,3,5,1,1,45,0.0,0.0,0.90062267,0.0,0.8471511,0,0.8977867
49,2,3,1,3,1,1,40,1.0,0.0,0.5892405,0.0,0.5889001,0,0.84370434
63,2,6,4,0,1,0,44,0.0,0.0,0.9697795,0.0,0.7732041,0,0.997914
19,2,3,3,4,1,0,40,0.0,0.0,0.9982713,0.0,0.97850704,0,0.9992204
23,2,3,3,5,1,0,40,0.0,0.0,0.9891935,0.0,0.98019683,0,0.9993782
45,2,3,4,5,1,0,35,0.0,0.0,0.89155173,0.0,0.96342444,0,0.9987948
61,2,6,1,0,1,1,50,1.0,0.0,0.73236,0.0,0.8842459,0,0.874612
39,3,1,1,5,1,1,60,1.0,1.0,0.21766895,1.0,0.19702202,1,2.3284802e-05
21,1,7,3,1,1,0,35,0.0,0.0,0.995268,0.0,0.9908782,0,0.9993691
46,2,1,1,3,1,1,50,1.0,1.0,0.19182092,1.0,0.21217567,1,1.1403091e-05
71,1,1,1,1,1,1,30,1.0,0.0,0.65005517,1.0,0.46160603,0,0.62082237
26,2,7,1,0,1,1,55,1.0,0.0,0.72508085,0.0,0.6756673,0,0.8580333
46,2,7,1,5,1,1,50,1.0,1.0,0.32945597,1.0,0.1436798,1,8.87462e-06
31,2,0,2,0,1,1,45,0.0,0.0,0.9711254,0.0,0.9787192,0,0.99922097
53,0,1,1,2,1,0,50,1.0,1.0,0.2431699,1.0,0.49354905,1,0.008204908
51,2,7,0,5,1,0,36,0.0,0.0,0.9123534,0.0,0.9605657,0,0.99875677
37,2,3,1,0,1,1,40,0.0,0.0,0.75252205,0.0,0.89029473,0,0.87185764
51,0,1,1,2,1,1,40,1.0,1.0,0.34088105,1.0,0.21370214,1,1.8317161e-05
19,2,7,3,5,1,0,8,0.0,0.0,0.9996344,0.0,0.9748352,0,0.99955183
39,2,3,1,0,0,1,40,0.0,0.0,0.823268,0.0,0.68282413,0,0.86681145
52,2,0,1,5,1,1,40,0.0,1.0,0.30892634,1.0,0.4778067,1,0.02610946
41,2,7,1,5,1,1,50,1.0,1.0,0.34697753,1.0,0.2331298,1,2.2716828e-05
35,2,3,3,5,1,1,40,1.0,0.0,0.9295721,0.0,0.9785599,0,0.9992316
27,0,3,1,0,1,1,60,0.0,0.0,0.7490141,0.0,0.8396983,0,0.862817
40,2,3,3,0,1,1,40,0.0,0.0,0.9188764,0.0,0.97846603,0,0.9992065
90,2,3,4,0,1,1,99,0.0,0.0,0.93821996,0.0,0.55544233,0,0.65153486
41,2,7,1,5,1,1,40,0.0,1.0,0.4024644,1.0,0.34692383,1,0.0013373893
37,2,7,1,0,1,1,40,0.0,0.0,0.67594254,0.0,0.6372109,0,0.85575575
26,2,1,3,0,1,1,20,0.0,0.0,0.98964477,0.0,0.9824934,0,0.99947864
35,2,3,1,4,1,1,40,0.0,0.0,0.7617306,0.0,0.88126355,0,0.9058403
68,2,7,1,5,1,1,40,0.0,1.0,0.40030652,1.0,0.47865945,1,0.0066285976
65,1,7,1,1,1,1,30,1.0,0.0,0.69167626,0.0,0.77273786,0,0.8747613
56,2,6,0,0,1,1,45,0.0,0.0,0.96331376,0.0,0.97663116,0,0.9986985
35,2,1,1,5,1,1,40,1.0,1.0,0.29408848,1.0,0.2977082,1,0.019211084
30,2,7,1,0,1,1,40,1.0,0.0,0.77059436,0.0,0.8513597,0,0.86306804
32,2,3,0,5,1,0,40,0.0,0.0,0.9277989,0.0,0.9788212,0,0.99922323
30,2,0,3,2,1,0,40,0.0,0.0,0.95431143,0.0,0.97951734,0,0.9995209
20,2,7,3,4,1,1,12,0.0,0.0,0.9993081,0.0,0.98510563,0,0.9994362
23,2,3,3,3,1,0,40,0.0,0.0,0.9931749,0.0,0.9804525,0,0.99927217
21,1,7,3,1,1,1,20,0.0,0.0,0.99699724,0.0,0.98686254,0,0.99950624
36,2,6,1,0,1,1,40,1.0,0.0,0.90003806,0.0,0.92811596,0,0.998926
26,2,7,1,5,1,1,40,0.0,0.0,0.7169764,0.0,0.8147816,0,0.80037487
38,2,6,1,4,1,1,40,0.0,0.0,0.85866886,0.0,0.93912697,0,0.99879396
62,0,7,4,4,1,0,40,0.0,0.0,0.9386518,0.0,0.90477484,0,0.9981659
65,1,6,1,1,1,1,70,0.0,0.0,0.76907754,0.0,0.7432604,0,0.86791605
79,3,1,1,3,1,1,20,1.0,0.0,0.6422835,1.0,0.33439463,1,0.004884914
34,2,1,1,2,1,1,40,1.0,1.0,0.32582664,1.0,0.33624136,1,0.04573872
57,2,7,1,0,1,1,40,1.0,0.0,0.60496867,0.0,0.56801945,0,0.6571431
44,3,3,1,0,1,1,96,0.0,0.0,0.68618286,0.0,0.6368696,0,0.85583013
59,2,3,1,5,1,1,40,1.0,1.0,0.4672348,0.0,0.56160927,0,0.5765162
49,2,3,1,0,1,1,44,0.0,0.0,0.6381626,0.0,0.6367563,0,0.8558226
39,2,7,0,5,1,0,40,0.0,0.0,0.9010234,0.0,0.9116899,0,0.9991881
27,2,7,0,0,1,0,40,0.0,0.0,0.975268,0.0,0.9788868,0,0.9992236
22,2,1,3,4,1,1,30,0.0,0.0,0.98589253,0.0,0.9614426,0,0.99963725
26,2,7,3,0,0,0,38,0.0,0.0,0.99428236,0.0,0.97946054,0,0.9992505
24,2,3,1,0,1,1,40,0.0,0.0,0.9075246,0.0,0.89008653,0,0.9077956
29,2,0,1,0,1,1,44,1.0,0.0,0.668059,0.0,0.8121649,0,0.86334795
30,2,1,1,4,0,0,40,0.0,0.0,0.8159474,1.0,0.43197906,0,0.5253054
26,3,1,0,3,1,1,40,0.0,0.0,0.8830683,0.0,0.9516855,0,0.9997235
64,2,7,1,5,1,0,35,0.0,0.0,0.5278521,1.0,0.4187469,0,0.5062457
26,1,0,1,1,1,0,40,0.0,0.0,0.6524905,0.0,0.90648603,0,0.9083525
19,2,7,3,3,1,1,35,0.0,0.0,0.9978943,0.0,0.9872918,0,0.9996712
57,3,4,1,4,1,1,38,1.0,1.0,0.34648025,1.0,0.45000666,1,0.00014362301
41,2,6,1,4,1,1,55,0.0,0.0,0.695444,0.0,0.94073915,0,0.90419465
30,2,0,2,2,1,0,40,0.0,0.0,0.9715653,0.0,0.9792074,0,0.99951744
38,2,3,1,4,1,1,35,0.0,0.0,0.82256764,0.0,0.90526134,0,0.91507214
35,2,1,1,5,0,0,40,0.0,1.0,0.48742938,1.0,0.37353265,1,0.1904372
22,2,3,3,0,1,1,40,0.0,0.0,0.991375,0.0,0.9799272,0,0.99925154
30,2,3,1,0,1,1,40,1.0,0.0,0.8282283,0.0,0.88408715,0,0.9084467
41,2,3,0,5,1,0,43,0.0,0.0,0.89020985,0.0,0.9537078,0,0.99860126
68,2,1,1,3,1,1,30,0.0,1.0,0.46281862,0.0,0.8642292,1,1.5164974e-05
59,2,7,1,5,1,1,12,0.0,0.0,0.72260416,0.0,0.6250805,0,0.61371475
52,2,3,1,0,1,1,40,1.0,0.0,0.647069,0.0,0.6369081,0,0.85584056
48,3,3,1,0,1,1,60,0.0,0.0,0.6908525,0.0,0.6369048,0,0.85584044
20,2,3,2,3,1,0,26,0.0,0.0,0.99923635,0.0,0.9908901,0,0.99936956
28,2,0,1,4,1,1,40,1.0,0.0,0.7390835,0.0,0.7064265,0,0.87714714
30,2,3,3,0,1,1,40,0.0,0.0,0.96868885,0.0,0.9807764,0,0.9992403
52,2,3,0,5,1,0,38,0.0,0.0,0.9156377,0.0,0.953326,0,0.9986205
44,2,6,1,4,0,1,60,0.0,0.0,0.77156806,0.0,0.9088089,0,0.899238
35,3,7,1,0,0,1,60,0.0,0.0,0.7321757,0.0,0.6732756,0,0.8127397
51,2,3,1,4,1,1,40,1.0,0.0,0.6537794,0.0,0.63690984,0,0.85584056
20,2,3,3,4,1,1,8,0.0,0.0,0.9993624,0.0,0.9858411,0,0.9992899
21,2,3,3,4,1,1,35,0.0,0.0,0.9967208,0.0,0.9800011,0,0.9992562
36,3,3,1,0,1,1,40,0.0,0.0,0.79528826,0.0,0.8958377,0,0.8695287
24,1,3,1,1,1,0,25,0.0,0.0,0.9263405,0.0,0.9675563,0,0.9990709
70,3,7,1,5,1,1,40,1.0,1.0,0.45269138,1.0,0.4268273,1,0.0037795997
44,2,7,1,0,1,1,72,1.0,0.0,0.50212425,0.0,0.5157274,0,0.5492388
18,2,6,3,0,1,1,12,0.0,0.0,0.9999319,0.0,0.98510057,0,0.99926287
47,0,7,1,0,1,1,40,0.0,0.0,0.7248722,0.0,0.61772716,0,0.72791445
27,2,1,3,5,0,0,40,0.0,0.0,0.968742,0.0,0.9820235,0,0.99886024
34,0,7,3,5,0,0,72,0.0,0.0,0.9111261,0.0,0.863258,0,0.8329964
51,0,3,1,5,1,0,32,0.0,0.0,0.5123433,1.0,0.4615714,0,0.68942016
29,3,0,1,0,1,1,50,0.0,0.0,0.6841712,0.0,0.7841416,0,0.8613525
24,0,7,3,4,1,1,50,0.0,0.0,0.9746912,0.0,0.96036875,0,0.99952674
56,2,6,0,0,1,1,49,0.0,0.0,0.9609063,0.0,0.9760502,0,0.9986957
69,2,6,2,0,1,0,28,0.0,0.0,0.997567,0.0,0.92123824,0,0.9984994
35,1,6,0,1,1,1,99,0.0,0.0,0.95299697,0.0,0.9590476,0,0.91338456
77,1,3,1,1,1,1,15,0.0,0.0,0.86548537,0.0,0.7429345,0,0.8890619
74,2,6,4,4,0,0,15,0.0,0.0,0.9939707,0.0,0.89360696,0,0.9985349
21,2,3,1,5,1,1,40,0.0,0.0,0.8665174,0.0,0.886321,0,0.9014823
45,2,4,1,3,1,1,40,1.0,1.0,0.20300311,1.0,0.19035798,1,1.6707252e-05
45,0,1,1,5,1,1,60,1.0,1.0,0.15489566,1.0,0.15047288,1,1.4283119e-05
27,2,1,3,5,1,0,35,0.0,0.0,0.97289205,0.0,0.99505925,0,0.99950826
38,2,3,1,0,1,1,48,1.0,0.0,0.70950145,0.0,0.633031,0,0.85721403
28,2,3,1,0,1,1,38,0.0,0.0,0.9114904,0.0,0.95852053,0,0.9963857
43,2,7,0,2,1,1,40,0.0,0.0,0.8196771,0.0,0.9392499,0,0.9995608
32,2,1,0,5,1,0,50,1.0,0.0,0.7967094,0.0,0.69755316,0,0.8954783
28,0,3,1,0,1,1,40,0.0,0.0,0.8522855,0.0,0.9101362,0,0.90245813
37,3,1,1,2,1,1,55,1.0,1.0,0.33425725,1.0,0.1601004,1,0.00015291321
42,1,6,3,1,0,1,35,0.0,0.0,0.9956526,0.0,0.97890556,0,0.9992218
31,0,7,1,0,1,1,35,1.0,0.0,0.9175136,0.0,0.8870429,0,0.88459253
23,2,3,3,0,0,1,40,0.0,0.0,0.99331677,0.0,0.98004127,0,0.9992508
18,2,6,3,2,1,0,16,0.0,0.0,0.999817,0.0,0.98975414,0,0.9993581
31,3,1,1,3,1,1,48,0.0,1.0,0.35263038,1.0,0.38878912,1,0.053181734
29,2,7,1,0,1,1,40,0.0,0.0,0.7878647,0.0,0.875162,0,0.8644262
20,2,7,3,3,1,1,30,0.0,0.0,0.99740624,0.0,0.987767,0,0.9996743
35,2,3,0,4,1,0,35,0.0,0.0,0.98300207,0.0,0.97667074,0,0.9990308
33,2,3,0,0,1,1,20,0.0,0.0,0.98538864,0.0,0.988689,0,0.9993949
24,0,7,1,5,1,0,44,0.0,0.0,0.64408255,0.0,0.7326317,0,0.7717263
45,2,3,3,3,0,1,40,0.0,0.0,0.92879075,0.0,0.976785,0,0.999009
50,2,3,1,4,1,1,40,1.0,0.0,0.6548009,0.0,0.6369105,0,0.85584056
48,3,1,2,0,1,1,50,0.0,0.0,0.91414416,0.0,0.7947935,0,0.8808243
28,2,1,3,2,1,1,45,0.0,0.0,0.80436623,0.0,0.78603613,0,0.9899747
69,0,7,1,4,1,1,40,0.0,0.0,0.50713634,0.0,0.5529103,1,0.36915725
72,2,3,4,4,1,0,16,0.0,0.0,0.9810934,0.0,0.9421655,0,0.997888
51,2,7,1,0,1,1,50,0.0,0.0,0.5053671,0.0,0.5374391,0,0.6529215
17,2,6,3,4,1,1,16,0.0,0.0,0.9999997,0.0,0.9808276,0,0.999275
20,2,6,3,0,1,1,40,0.0,0.0,0.99800235,0.0,0.9793184,0,0.99924076
17,1,6,3,1,1,1,12,0.0,0.0,0.9999996,0.0,0.990386,0,0.99937683
32,2,0,0,0,1,1,46,0.0,0.0,0.91853034,0.0,0.97875607,0,0.99922097
35,2,7,1,3,1,1,50,0.0,1.0,0.45807445,0.0,0.59702396,1,0.00065575814
35,2,7,0,5,1,0,40,0.0,0.0,0.911911,0.0,0.95747584,0,0.9993818
43,2,1,1,5,1,1,40,0.0,1.0,0.23339915,1.0,0.22071326,1,1.1513323e-05
26,0,3,3,5,0,0,40,0.0,0.0,0.98446256,0.0,0.9912941,0,0.9994491
32,2,7,1,0,1,1,50,1.0,0.0,0.614162,0.0,0.67235935,0,0.84285516
35,2,7,3,3,1,0,40,0.0,0.0,0.9740122,0.0,0.9778118,0,0.9994111
38,3,1,1,5,1,0,28,1.0,1.0,0.3714919,1.0,0.35419852,1,0.4383739
40,2,3,1,0,1,1,60,0.0,0.0,0.66952765,0.0,0.63691014,0,0.85583913
28,2,1,1,2,1,0,24,1.0,0.0,0.55328715,1.0,0.49338317,1,0.39903757
20,2,7,3,4,1,0,16,0.0,0.0,0.99959975,0.0,0.9908833,0,0.99936897
18,2,3,3,0,0,1,35,0.0,0.0,0.99925345,0.0,0.98096645,0,0.9992519
33,3,6,1,0,1,1,50,1.0,0.0,0.8821036,0.0,0.94227195,0,0.9987777
43,2,7,1,2,1,1,40,0.0,1.0,0.41750997,1.0,0.32834452,1,0.0014163386
35,2,1,1,5,1,1,70,1.0,1.0,0.22096258,1.0,0.17267346,1,1.3837437e-05
30,0,5,3,5,1,1,55,0.0,1.0,0.41864485,0.0,0.5553217,1,0.47017202
37,0,7,0,2,1,0,30,0.0,0.0,0.9359912,0.0,0.9156278,0,0.9995846
50,2,6,0,0,1,1,60,0.0,0.0,0.9550108,0.0,0.92929333,0,0.9987903
31,2,7,3,0,1,1,40,0.0,0.0,0.9621148,0.0,0.979041,0,0.9992286
40,3,3,1,0,0,1,66,0.0,0.0,0.80321217,0.0,0.63690746,0,0.8558399
39,2,3,1,0,1,1,40,0.0,0.0,0.7376021,0.0,0.68282413,0,0.86681145
45,2,6,1,0,1,1,42,0.0,0.0,0.80876005,0.0,0.9388196,0,0.9985678
39,2,3,1,0,1,1,40,1.0,0.0,0.7376021,0.0,0.68282413,0,0.86681145
49,3,7,1,0,1,1,40,0.0,0.0,0.68460655,0.0,0.5891191,0,0.8437914
32,2,1,3,2,1,1,40,1.0,0.0,0.7988025,0.0,0.9653467,0,0.9994697
43,2,3,1,0,1,1,40,1.0,0.0,0.70952773,0.0,0.6369934,0,0.8558419
39,2,7,1,5,1,1,62,1.0,1.0,0.35764676,1.0,0.46029198,1,3.7229784e-05
56,0,3,0,5,1,0,40,0.0,0.0,0.8171861,0.0,0.9562861,0,0.99892884
37,2,1,3,2,1,0,42,0.0,0.0,0.7908311,0.0,0.7317784,0,0.9276851
52,3,1,1,3,1,1,50,1.0,1.0,0.22276896,1.0,0.13248438,1,1.3700835e-05
35,2,3,3,0,1,1,70,0.0,0.0,0.92852825,0.0,0.95777243,0,0.9138009
50,2,1,3,5,1,1,50,1.0,1.0,0.4772324,1.0,0.16490865,1,0.00041559772
23,2,7,3,4,1,1,30,0.0,0.0,0.99604475,0.0,0.99083656,0,0.99936837
22,2,7,3,2,1,1,12,0.0,0.0,0.99575186,0.0,0.9822863,0,0.9997111
51,2,7,1,3,1,1,60,0.0,1.0,0.35309374,1.0,0.3853022,1,9.360098e-06
47,2,3,1,0,1,1,35,0.0,0.0,0.782326,0.0,0.7763697,0,0.8685895
52,2,3,1,3,1,1,45,1.0,1.0,0.48155278,0.0,0.5396893,0,0.68898135
34,3,1,1,3,1,1,50,1.0,1.0,0.29433358,1.0,0.16941279,1,0.00078213715
25,2,1,3,5,1,0,40,0.0,0.0,0.9577615,0.0,0.98250425,0,0.9991704
53,2,7,1,5,1,1,55,0.0,1.0,0.3119623,1.0,0.37493747,1,3.4170353e-06
46,0,7,3,5,1,0,40,0.0,0.0,0.9267977,0.0,0.89829934,0,0.9490466
50,2,6,0,4,1,0,40,0.0,0.0,0.982192,0.0,0.97689795,0,0.99874806
30,1,3,3,1,1,1,40,0.0,0.0,0.9763881,0.0,0.9808285,0,0.99924916
53,2,7,2,5,0,0,15,0.0,0.0,0.9801218,0.0,0.9311351,0,0.9991923
27,2,7,3,3,1,1,22,0.0,0.0,0.99166,0.0,0.98625815,0,0.99966383
52,0,1,1,2,1,1,40,0.0,1.0,0.3395602,1.0,0.21282989,1,1.7580063e-05
53,2,7,0,5,1,0,34,0.0,0.0,0.9160282,0.0,0.9361342,0,0.99911064
26,2,3,1,5,1,0,40,1.0,0.0,0.7595537,0.0,0.7985206,0,0.87980944
64,2,2,1,2,1,1,60,1.0,1.0,0.11444521,1.0,0.1608271,1,1.1912155e-05
35,1,0,3,1,1,1,55,0.0,0.0,0.8755285,0.0,0.9288587,0,0.9988224
58,2,3,1,0,0,1,20,1.0,0.0,0.8888235,0.0,0.7741755,0,0.8775616
41,0,1,1,2,1,1,38,1.0,1.0,0.4562543,1.0,0.3627053,1,6.2446496e-05
64,2,3,1,0,1,1,16,0.0,0.0,0.83245575,0.0,0.7895119,0,0.87981826
21,2,3,3,2,1,0,55,0.0,0.0,0.9786753,0.0,0.9550552,0,0.998836
56,0,3,1,0,1,1,38,1.0,0.0,0.7274835,0.0,0.7787186,0,0.87554675
18,1,7,3,1,1,1,10,0.0,0.0,0.99949926,0.0,0.98962694,0,0.9995902
28,2,7,3,3,1,1,45,0.0,0.0,0.9501139,0.0,0.9232844,0,0.9994748
39,2,0,1,5,1,1,40,0.0,1.0,0.39039272,0.0,0.56970584,1,0.056670416
17,3,6,3,4,1,0,24,0.0,0.0,0.99999964,0.0,0.97976,0,0.99925977
53,0,7,0,0,1,1,40,0.0,0.0,0.9496273,0.0,0.95009315,0,0.9980775
36,2,7,0,0,1,1,40,0.0,0.0,0.9312559,0.0,0.97306734,0,0.99930847
32,2,7,1,0,1,1,55,0.0,0.0,0.5962517,0.0,0.6508056,0,0.8413401
50,2,7,1,0,1,1,40,1.0,0.0,0.61960304,0.0,0.5577834,0,0.655874
38,2,7,1,5,1,0,35,1.0,0.0,0.61078334,1.0,0.3412664,1,0.47533992
56,3,5,1,2,1,1,32,1.0,1.0,0.09509009,1.0,0.2283184,1,0.00081082457
53,2,3,0,4,1,0,40,0.0,0.0,0.96736157,0.0,0.8947143,0,0.9985617
41,0,0,1,0,1,1,40,0.0,0.0,0.64149714,0.0,0.5394672,0,0.7914937
17,2,3,3,0,0,1,40,0.0,0.0,0.99998397,0.0,0.9782419,0,0.9992223
27,2,1,3,2,0,1,40,0.0,0.0,0.91865176,0.0,0.95782185,0,0.9994856
18,2,7,3,4,1,0,16,0.0,0.0,0.99983525,0.0,0.9908841,0,0.9993691
36,2,3,1,5,1,0,40,0.0,0.0,0.56768584,1.0,0.47299457,0,0.7748839
33,3,6,3,0,0,1,32,0.0,0.0,0.9980504,0.0,0.9840227,0,0.9992119
50,2,3,1,2,1,0,40,1.0,1.0,0.41276264,1.0,0.41889793,0,0.70367026
67,3,1,1,0,1,1,40,0.0,0.0,0.50170577,0.0,0.56527156,0,0.5366418
51,2,0,1,3,1,1,50,0.0,1.0,0.38315243,0.0,0.5458046,1,0.006835291
41,3,3,0,0,1,1,20,0.0,0.0,0.9796562,0.0,0.97495633,0,0.99928373
38,2,0,1,5,1,1,45,1.0,1.0,0.3622846,1.0,0.1311965,1,0.033930678
40,2,1,3,2,1,0,45,0.0,0.0,0.74442226,0.0,0.82738316,0,0.86414737
29,2,3,1,0,1,1,45,0.0,0.0,0.80252403,0.0,0.82511723,0,0.8780516
56,2,6,0,0,1,1,56,0.0,0.0,0.9550408,0.0,0.96498287,0,0.998645
49,2,7,0,4,1,0,40,0.0,0.0,0.94558007,0.0,0.9545746,0,0.998585
34,2,3,3,4,1,0,40,0.0,0.0,0.9823846,0.0,0.9779904,0,0.99918765
24,2,6,3,4,1,1,30,0.0,0.0,0.998469,0.0,0.9803624,0,0.99925333
53,2,3,4,0,0,0,38,0.0,0.0,0.96883273,0.0,0.903385,0,0.9984945
39,2,3,3,5,1,0,40,1.0,0.0,0.9256377,0.0,0.94558734,0,0.9989724
71,1,3,1,1,1,1,40,0.0,0.0,0.7183254,0.0,0.7288489,0,0.8671059
44,2,6,3,4,0,0,40,0.0,0.0,0.9921581,0.0,0.966025,0,0.9988482
66,3,1,1,5,1,1,40,1.0,1.0,0.30870152,1.0,0.16306317,1,1.1810617e-06
45,2,7,0,5,1,0,40,0.0,0.0,0.893985,0.0,0.88123,0,0.99848574
35,3,0,1,0,1,1,40,0.0,0.0,0.6644217,0.0,0.63840073,0,0.8558918
30,1,7,3,1,1,0,25,0.0,0.0,0.987662,0.0,0.98855525,0,0.9993961
38,3,3,2,0,1,1,40,0.0,0.0,0.98276854,0.0,0.9794306,0,0.9992067
44,0,0,0,4,0,1,40,0.0,0.0,0.9279116,0.0,0.9597331,0,0.9992138
42,2,2,3,2,1,1,50,0.0,1.0,0.39210618,1.0,0.31110716,1,0.014051413
52,2,3,3,4,1,1,40,0.0,0.0,0.86057335,0.0,0.90772974,0,0.99846244
31,2,6,0,0,1,1,38,0.0,0.0,0.9933049,0.0,0.98369545,0,0.9992387
43,2,7,0,5,1,1,45,0.0,0.0,0.79997176,0.0,0.8691108,0,0.9681627
19,2,3,3,0,1,0,40,0.0,0.0,0.9978745,0.0,0.9787267,0,0.99922097
37,2,7,0,3,0,1,40,0.0,0.0,0.94007623,0.0,0.9594665,0,0.9994978
36,0,0,3,4,0,0,60,1.0,0.0,0.9361682,0.0,0.86123,0,0.9602926
38,2,1,1,2,1,1,50,1.0,1.0,0.25197953,1.0,0.17878926,1,0.00017486302
64,3,3,1,3,1,1,15,1.0,0.0,0.82384956,0.0,0.7306037,0,0.88642615
24,2,0,3,4,1,0,35,0.0,0.0,0.9971959,0.0,0.97953963,0,0.99925786
27,3,7,1,5,1,1,30,0.0,0.0,0.74695903,0.0,0.7925197,0,0.8699487
20,1,3,3,1,0,1,43,0.0,0.0,0.99609977,0.0,0.9789471,0,0.9992261
43,2,4,3,5,1,0,45,0.0,0.0,0.69435775,0.0,0.54064894,0,0.5441729
54,2,7,1,0,1,1,40,1.0,0.0,0.6089194,0.0,0.55651885,0,0.6495886
24,2,6,3,0,1,1,55,0.0,0.0,0.98856306,0.0,0.9703018,0,0.9992009
41,1,3,0,1,0,0,28,0.0,0.0,0.98069215,0.0,0.975732,0,0.9990201
76,3,7,4,3,1,1,8,0.0,0.0,0.96194285,0.0,0.953149,0,0.9972029
56,2,3,3,0,1,1,40,0.0,0.0,0.85598505,0.0,0.8921235,0,0.99825865
60,0,7,1,4,1,1,40,0.0,1.0,0.44150072,1.0,0.41035318,1,0.22359565
41,2,1,1,2,1,1,40,0.0,1.0,0.2827916,1.0,0.2659272,1,7.134454e-05
42,3,1,1,5,1,1,60,1.0,1.0,0.20859122,1.0,0.18760145,1,1.2784462e-05
35,2,3,1,0,1,1,60,0.0,0.0,0.71020246,0.0,0.753675,0,0.85898125
38,2,0,1,0,1,1,40,1.0,0.0,0.5091185,0.0,0.63692266,0,0.8558356
62,2,1,1,0,1,1,40,0.0,1.0,0.39416754,0.0,0.54984915,1,0.49449748
28,0,2,0,2,1,0,40,0.0,0.0,0.5647626,0.0,0.81347144,0,0.9952495
42,3,4,1,2,1,1,65,0.0,1.0,0.22281164,1.0,0.15849638,1,0.000107715525
75,3,5,1,2,1,1,35,0.0,1.0,0.12723243,1.0,0.24449486,1,0.0008068841
41,2,4,1,5,1,1,50,1.0,1.0,0.11050224,1.0,0.2132476,1,2.8044782e-05
63,1,1,4,1,1,0,40,1.0,0.0,0.8873298,0.0,0.92573,0,0.9978523
21,2,7,3,0,1,1,40,0.0,0.0,0.99161375,0.0,0.9791143,0,0.9992318
29,2,0,1,4,1,1,40,0.0,0.0,0.71598196,0.0,0.67236304,0,0.8775006
25,2,7,0,4,1,0,40,0.0,0.0,0.9811144,0.0,0.979128,0,0.9992322
59,2,4,4,5,1,0,40,1.0,0.0,0.67474484,0.0,0.5270372,0,0.7816422
49,2,5,1,2,1,1,48,0.0,1.0,0.05987513,1.0,0.14258265,1,6.0921357e-05
33,0,0,0,4,1,1,40,0.0,0.0,0.91921175,0.0,0.98098564,0,0.9994661
18,2,6,3,4,1,0,20,0.0,0.0,0.99995005,0.0,0.9797413,0,0.9992543
38,3,4,1,5,1,1,70,1.0,1.0,0.14888096,1.0,0.15572828,1,0.0003137887
29,2,1,1,3,1,1,40,0.0,1.0,0.4869321,1.0,0.3391645,1,0.2850835
30,2,1,3,5,1,0,45,0.0,0.0,0.8968378,0.0,0.7049513,0,0.8745285
35,3,7,3,0,1,1,40,0.0,0.0,0.9698833,0.0,0.9843277,0,0.999203
34,2,7,3,3,1,1,35,0.0,0.0,0.9689867,0.0,0.9571103,0,0.9996463
22,2,7,3,3,1,0,15,0.0,0.0,0.9993605,0.0,0.97876376,0,0.999532
26,2,0,2,5,1,0,35,0.0,0.0,0.9879609,0.0,0.9789008,0,0.9995049
43,2,7,1,5,1,1,55,1.0,1.0,0.33749437,1.0,0.2715974,1,2.1923702e-06
30,2,1,1,5,1,1,70,0.0,1.0,0.29265672,1.0,0.32554162,1,0.042137403
33,2,7,1,0,1,1,40,0.0,0.0,0.7176521,0.0,0.7698627,0,0.85912883
26,0,3,1,5,0,1,40,0.0,0.0,0.764902,0.0,0.84243727,0,0.8681507
25,2,6,3,0,1,1,40,0.0,0.0,0.9940788,0.0,0.9791064,0,0.99923
18,2,3,3,0,1,1,40,0.0,0.0,0.9980409,0.0,0.97940874,0,0.99924564
60,0,7,1,5,1,0,35,0.0,0.0,0.5454501,1.0,0.46109682,0,0.50721335
36,2,4,3,5,1,1,50,1.0,0.0,0.63482463,0.0,0.5196986,0,0.6046193
33,0,3,3,4,0,1,40,0.0,0.0,0.9798395,0.0,0.9798378,0,0.9992612
24,1,3,1,1,1,0,40,0.0,0.0,0.86961335,0.0,0.9622622,0,0.94939935
21,2,7,3,5,1,1,40,0.0,0.0,0.9871514,0.0,0.94755673,0,0.9995536
42,0,1,1,5,1,1,48,1.0,1.0,0.18428743,1.0,0.16688997,1,1.5031526e-05
37,3,7,1,5,1,1,60,0.0,1.0,0.41154718,0.0,0.5203378,1,0.0006492537
30,0,1,1,2,1,1,40,1.0,1.0,0.45374626,0.0,0.51191294,1,0.06427346
26,2,3,2,5,1,0,40,0.0,0.0,0.9840519,0.0,0.98288095,0,0.99936384
36,2,5,1,2,1,1,55,1.0,1.0,0.059680402,1.0,0.17830718,1,0.00039053557
53,3,7,4,5,1,1,40,1.0,0.0,0.7313889,0.0,0.8089642,0,0.91249436
23,0,3,3,1,1,1,8,0.0,0.0,0.99818885,0.0,0.9889235,0,0.99941826
33,2,1,1,5,0,0,30,0.0,0.0,0.6680724,1.0,0.3167451,1,0.32757625
43,2,3,0,0,1,0,40,0.0,0.0,0.9600628,0.0,0.9804624,0,0.9986854
56,3,7,1,2,0,1,50,0.0,0.0,0.5368202,0.0,0.5408789,1,1.52262855e-05
42,2,4,3,5,1,0,40,0.0,0.0,0.7936177,0.0,0.63601613,0,0.8588036
50,2,3,1,0,1,1,40,0.0,0.0,0.66112244,0.0,0.63691396,0,0.8558407
31,2,2,3,2,1,0,28,0.0,0.0,0.83666974,0.0,0.6468148,0,0.8686967
39,2,4,1,5,0,1,40,1.0,1.0,0.19821525,1.0,0.16659999,1,0.00015707429
54,2,0,1,0,0,1,40,0.0,0.0,0.56553245,0.0,0.6030117,0,0.7546588
24,2,1,3,2,1,1,40,0.0,0.0,0.9127437,0.0,0.97508794,0,0.99953675
34,2,1,3,3,1,1,40,0.0,0.0,0.7883711,0.0,0.9595184,0,0.99959654
27,0,4,3,2,1,0,50,0.0,0.0,0.9104253,0.0,0.8256427,0,0.9983766
56,3,7,1,3,1,1,45,0.0,1.0,0.38044786,1.0,0.3912701,1,0.0012175135
21,2,7,3,5,1,1,35,0.0,0.0,0.9939705,0.0,0.97851676,0,0.99966776
20,2,7,3,5,1,0,40,0.0,0.0,0.9942637,0.0,0.966545,0,0.9994072
40,2,1,0,3,1,1,40,1.0,0.0,0.73760444,0.0,0.91291726,0,0.9996105
37,2,0,1,4,1,0,25,0.0,0.0,0.81560874,0.0,0.6822132,0,0.8668526
26,2,7,1,5,1,1,42,0.0,0.0,0.6530589,0.0,0.67592776,0,0.76558816
20,2,6,3,0,1,0,60,0.0,0.0,0.9963249,0.0,0.93344414,0,0.99916863
22,2,6,3,0,1,0,40,0.0,0.0,0.99823004,0.0,0.97873497,0,0.99922097
29,1,3,1,1,1,1,40,0.0,0.0,0.75552225,0.0,0.9537804,0,0.9967805
29,2,3,0,0,1,1,40,0.0,0.0,0.96956265,0.0,0.98273486,0,0.999241
31,2,3,3,0,0,0,35,0.0,0.0,0.99231607,0.0,0.97871226,0,0.99921906
34,2,1,1,3,1,1,60,1.0,1.0,0.26801783,1.0,0.2334683,1,0.0020496098
38,2,6,1,0,1,1,36,0.0,0.0,0.9414262,0.0,0.9172209,0,0.99903584
42,2,0,1,2,1,1,50,0.0,1.0,0.32532954,1.0,0.27131814,1,0.000689064
40,3,0,3,2,0,0,2,0.0,0.0,0.9926551,0.0,0.9678472,0,0.9995347
29,2,3,1,0,1,1,40,0.0,0.0,0.8437966,0.0,0.8819859,0,0.9083108
84,2,6,1,2,0,1,10,0.0,0.0,0.9501655,0.0,0.9387468,0,0.98119056
36,2,7,1,0,1,1,56,1.0,0.0,0.5615687,0.0,0.50460315,0,0.69991654
27,0,1,3,4,1,0,35,0.0,0.0,0.99251866,0.0,0.9881154,0,0.9996346
48,1,0,0,1,1,0,40,1.0,0.0,0.87297165,0.0,0.9432145,0,0.99869066
68,3,7,1,3,1,1,40,1.0,1.0,0.45232403,1.0,0.43468708,1,0.11015976
31,3,3,1,0,1,1,45,0.0,0.0,0.8093252,0.0,0.893387,0,0.87232256
46,0,6,4,5,1,0,40,0.0,0.0,0.9234855,0.0,0.9767635,0,0.9990074
47,3,4,1,5,1,1,50,1.0,1.0,0.14548874,1.0,0.1555605,1,1.5414085e-05
65,3,1,1,5,1,1,65,1.0,1.0,0.19898385,1.0,0.2883883,1,2.2791646e-06
37,2,1,3,2,1,1,45,1.0,0.0,0.6390648,0.0,0.55618584,0,0.773153
49,0,3,1,0,0,1,40,1.0,0.0,0.6866405,0.0,0.636963,0,0.85585546
70,3,4,1,5,1,1,8,1.0,0.0,0.5633162,1.0,0.49810058,1,0.028993366
54,2,3,1,3,1,1,40,0.0,0.0,0.566044,0.0,0.5887799,0,0.8436665
21,0,3,3,5,1,0,43,0.0,0.0,0.9850147,0.0,0.9911143,0,0.9994456
31,2,3,1,4,1,1,40,0.0,0.0,0.82671803,0.0,0.8715611,0,0.9089662
69,1,6,1,1,1,1,48,0.0,0.0,0.8337363,0.0,0.88785875,0,0.8830877
50,3,6,3,0,1,1,25,0.0,0.0,0.9938545,0.0,0.9760084,0,0.9990835
52,2,0,2,2,1,0,50,0.0,0.0,0.8664667,0.0,0.8667144,0,0.90846276
37,2,3,1,0,1,1,50,0.0,0.0,0.71141255,0.0,0.6402566,0,0.8576266
47,0,7,1,0,1,1,40,1.0,0.0,0.7248722,0.0,0.61772716,0,0.72791445
25,2,6,3,5,0,0,40,0.0,0.0,0.9966508,0.0,0.9787055,0,0.99922085
77,0,3,1,5,1,1,6,0.0,0.0,0.8728702,0.0,0.85120964,0,0.93258506
58,3,3,1,3,1,1,50,0.0,1.0,0.4261821,0.0,0.52213496,0,0.7702785
54,1,6,1,1,1,0,40,0.0,0.0,0.8755248,0.0,0.8763013,0,0.92869115
37,3,1,1,5,1,1,80,1.0,1.0,0.23502249,1.0,0.09817028,1,2.9230756e-05
56,2,3,1,3,1,1,36,1.0,0.0,0.6837741,0.0,0.7940136,0,0.8680793
57,2,1,1,3,1,1,55,1.0,1.0,0.17305231,1.0,0.24097764,1,4.408645e-06
37,2,3,1,5,1,0,40,0.0,0.0,0.55970174,0.0,0.5773252,0,0.76097023
35,0,1,4,5,1,1,40,1.0,0.0,0.6225971,1.0,0.49160242,0,0.99921167
27,2,0,3,3,1,0,40,0.0,0.0,0.98447686,0.0,0.9913837,0,0.9994542
41,1,3,2,1,0,0,32,0.0,0.0,0.9897529,0.0,0.97678685,0,0.9990097
21,2,7,3,2,0,0,20,0.0,0.0,0.9965461,0.0,0.97559386,0,0.99964964
42,2,3,3,5,0,0,25,0.0,0.0,0.9689178,0.0,0.97680473,0,0.99900997
59,2,7,1,3,1,1,40,1.0,1.0,0.44404042,1.0,0.48355043,1,0.010766661
37,3,7,1,5,1,1,50,1.0,1.0,0.42031634,1.0,0.37165207,1,0.0011751691
17,1,6,3,1,1,0,25,0.0,0.0,0.9999992,0.0,0.97945076,0,0.99924904
27,2,3,1,0,1,1,70,0.0,0.0,0.7740071,0.0,0.887773,0,0.8668997
32,2,7,0,0,0,1,40,0.0,0.0,0.9682549,0.0,0.9875023,0,0.99939704
25,2,7,1,3,1,1,43,0.0,0.0,0.7465689,0.0,0.73710144,0,0.77855575
46,2,0,1,0,1,1,40,1.0,1.0,0.46247107,0.0,0.52547145,0,0.7768107
31,2,6,3,0,1,0,30,0.0,0.0,0.99715453,0.0,0.9787941,0,0.9992207
20,2,7,3,4,1,0,20,0.0,0.0,0.9994769,0.0,0.9908755,0,0.99936897
27,2,3,1,0,1,1,40,0.0,0.0,0.871626,0.0,0.8812948,0,0.90835494
52,2,3,4,3,1,0,40,0.0,0.0,0.9150888,0.0,0.9537085,0,0.99707246
58,2,7,1,5,1,1,40,1.0,1.0,0.35979712,0.0,0.522926,1,0.013083432
60,3,7,1,5,1,1,50,1.0,1.0,0.3606683,1.0,0.405326,1,0.00014565034
17,2,6,3,3,1,0,5,0.0,0.0,0.99999994,0.0,0.9907306,0,0.99936706
28,2,1,3,2,0,1,40,0.0,0.0,0.91013396,0.0,0.9579048,0,0.9994918
37,0,1,1,2,1,1,55,1.0,1.0,0.29812533,1.0,0.24298668,1,6.0030987e-05
44,2,3,0,4,1,0,33,0.0,0.0,0.97975785,0.0,0.9773501,0,0.9989992
44,2,0,0,0,1,1,40,0.0,0.0,0.90010333,0.0,0.97849905,0,0.9989893
31,0,4,0,5,1,0,50,1.0,0.0,0.7909963,0.0,0.6103309,0,0.9992698
26,2,0,3,2,1,0,36,0.0,0.0,0.98143464,0.0,0.9676328,0,0.99955314
20,2,3,3,0,1,1,40,0.0,0.0,0.99505836,0.0,0.97973067,0,0.9992518
48,2,6,0,0,0,0,40,0.0,0.0,0.99161106,0.0,0.9752058,0,0.99898463
21,2,3,3,0,1,1,24,0.0,0.0,0.9974117,0.0,0.984613,0,0.9992465
54,3,0,1,3,1,1,50,1.0,1.0,0.32837784,1.0,0.4952696,1,0.01131354
34,2,0,1,2,1,1,50,1.0,1.0,0.43284118,1.0,0.299348,1,0.038858715
35,2,3,1,0,1,1,30,0.0,0.0,0.8658593,0.0,0.9738022,0,0.9973242
28,2,7,1,5,1,0,40,0.0,0.0,0.6805834,1.0,0.4945051,0,0.74213225
27,0,1,3,2,1,1,40,0.0,0.0,0.91012543,0.0,0.9354202,0,0.9993814
23,2,7,3,4,1,1,40,0.0,0.0,0.9896882,0.0,0.9803301,0,0.99926084
51,3,5,0,2,1,1,80,1.0,1.0,0.39845031,1.0,0.2591514,1,0.003838038
63,3,1,1,2,1,1,40,1.0,1.0,0.3281535,1.0,0.20869654,1,3.4524148e-06
38,1,3,0,1,0,0,40,0.0,0.0,0.9679033,0.0,0.97684145,0,0.9990079
74,3,2,1,2,1,1,25,1.0,1.0,0.30822188,1.0,0.2426495,1,0.00073011563
21,2,7,3,4,1,0,25,0.0,0.0,0.99908364,0.0,0.99044156,0,0.99936527
34,2,6,1,0,1,1,40,0.0,0.0,0.90810347,0.0,0.9135919,0,0.9990269
46,3,2,3,2,1,0,45,0.0,1.0,0.45907432,1.0,0.37127495,1,8.848752e-06
17,2,6,3,4,1,1,30,0.0,0.0,0.9999994,0.0,0.9793007,0,0.99924904
28,2,7,3,4,1,1,40,0.0,0.0,0.9805342,0.0,0.97957,0,0.99925286
32,0,0,1,4,1,1,50,0.0,0.0,0.5238209,0.0,0.67710567,1,0.28989798
53,0,7,1,4,1,1,60,1.0,1.0,0.39835608,0.0,0.522491,1,0.0119769145
65,0,7,0,5,1,0,40,0.0,0.0,0.9013399,0.0,0.7618475,0,0.9542952
46,2,5,1,2,1,1,40,1.0,1.0,0.061134517,1.0,0.15519422,1,0.00010762528
44,0,3,0,0,1,1,25,0.0,0.0,0.9732592,0.0,0.97344834,0,0.9990656
54,0,6,1,4,1,1,40,0.0,0.0,0.82266796,0.0,0.74037075,0,0.99748635
50,2,7,1,5,1,0,38,1.0,0.0,0.51130223,1.0,0.41839826,0,0.5031166
37,2,3,1,0,1,1,40,0.0,0.0,0.75252205,0.0,0.89029473,0,0.87185764
20,1,7,3,1,1,0,25,0.0,0.0,0.9973616,0.0,0.9908915,0,0.99936944
21,2,3,0,3,0,0,38,0.0,0.0,0.9944638,0.0,0.99065274,0,0.9993667
23,2,3,0,4,1,0,30,0.0,0.0,0.99411887,0.0,0.98347,0,0.9992907
43,2,1,1,0,1,1,48,0.0,1.0,0.3470673,1.0,0.39411634,1,0.35012278
26,3,0,1,0,1,1,55,0.0,0.0,0.7281163,0.0,0.8072537,0,0.8630185
29,2,3,1,4,0,1,40,0.0,0.0,0.9246437,0.0,0.8729441,0,0.90916973
49,0,7,0,2,1,0,20,0.0,0.0,0.9346205,0.0,0.80166566,0,0.9993742
30,2,3,1,0,1,1,44,0.0,0.0,0.7906039,0.0,0.838568,0,0.88538915
45,0,1,2,2,1,0,40,0.0,0.0,0.89369315,0.0,0.69660866,0,0.99955446
48,2,6,1,0,1,1,40,0.0,0.0,0.8603132,0.0,0.93890834,0,0.9983559
47,3,6,1,3,1,1,40,0.0,0.0,0.81466615,0.0,0.94370365,0,0.9986084
47,0,1,1,5,1,1,60,1.0,1.0,0.15109128,1.0,0.14680511,1,1.40982065e-05
23,2,3,3,5,0,1,40,0.0,0.0,0.9898463,0.0,0.9807776,0,0.9992912
35,2,0,1,4,1,1,40,1.0,0.0,0.57574177,0.0,0.7450744,0,0.86339736
27,2,7,0,2,1,0,40,0.0,0.0,0.9234359,0.0,0.9789291,0,0.99952495
38,2,3,3,4,0,0,24,0.0,0.0,0.9929957,0.0,0.9761355,0,0.99907553
67,3,3,1,0,1,1,58,1.0,0.0,0.6462365,0.0,0.58831286,0,0.8433021
53,3,3,1,3,1,1,40,1.0,0.0,0.5398891,0.0,0.5909146,0,0.84444225
27,2,3,3,0,0,1,40,0.0,0.0,0.98755926,0.0,0.98059523,0,0.99924505
31,3,1,3,0,1,1,55,0.0,0.0,0.8930855,0.0,0.9382937,0,0.9344048
29,2,7,3,3,1,0,40,0.0,0.0,0.98512983,0.0,0.99138486,0,0.99945337
40,2,3,1,0,1,1,40,0.0,0.0,0.7305063,0.0,0.63959724,0,0.8560644
40,2,6,1,0,1,1,40,0.0,0.0,0.8859447,0.0,0.9419163,0,0.9987872
38,2,0,1,0,1,1,48,1.0,1.0,0.48136365,0.0,0.57312286,0,0.7110713
50,2,3,1,2,1,1,40,0.0,1.0,0.4326566,0.0,0.510873,0,0.6753832
28,2,7,0,0,1,1,50,0.0,0.0,0.9254636,0.0,0.9786031,0,0.9992204
29,2,7,3,3,1,1,30,0.0,0.0,0.98530585,0.0,0.97110367,0,0.9996575
19,2,7,3,5,1,1,20,0.0,0.0,0.998527,0.0,0.97763526,0,0.9996774
39,2,4,1,2,1,0,18,1.0,1.0,0.39258313,0.0,0.5123474,1,0.040751927
40,2,2,1,2,1,1,60,1.0,1.0,0.13070393,1.0,0.15066797,1,7.617196e-05
51,2,7,1,5,1,0,10,1.0,0.0,0.7533549,1.0,0.44118708,0,0.6968629
20,1,6,3,1,1,0,30,0.0,0.0,0.9994588,0.0,0.97966504,0,0.99925166
21,2,3,3,4,1,0,35,0.0,0.0,0.9981825,0.0,0.97953665,0,0.9992568
17,2,6,3,0,1,1,15,0.0,0.0,0.9999997,0.0,0.98694587,0,0.9993418
65,2,3,1,0,1,1,16,0.0,0.0,0.83444977,0.0,0.7848837,0,0.88002366
39,2,1,0,5,1,1,55,0.0,0.0,0.6310076,0.0,0.54800314,0,0.6511937
34,2,7,1,0,1,1,40,0.0,0.0,0.699442,0.0,0.7605884,0,0.85904264
29,2,7,2,0,0,1,42,0.0,0.0,0.98691964,0.0,0.9788338,0,0.9992219
55,2,1,1,5,0,1,35,0.0,1.0,0.4446609,1.0,0.44345683,1,8.232624e-06
47,2,3,1,4,1,1,40,0.0,0.0,0.65981674,0.0,0.63691807,0,0.85584074
42,3,3,1,0,1,1,40,0.0,0.0,0.76586235,0.0,0.6382699,0,0.8558647
31,2,3,3,0,1,1,40,0.0,0.0,0.96479124,0.0,0.9809449,0,0.999236
30,2,7,1,5,1,0,45,0.0,0.0,0.53387415,1.0,0.41570365,0,0.50803685
44,3,7,1,5,1,1,80,0.0,1.0,0.38867652,0.0,0.50059354,1,6.7185265e-06
50,3,6,1,0,1,1,40,0.0,0.0,0.9020017,0.0,0.8715243,0,0.99767905
49,2,1,3,4,1,1,25,0.0,0.0,0.8683014,0.0,0.9126016,0,0.9992429
53,2,7,1,3,1,1,60,1.0,1.0,0.35056955,1.0,0.32014358,1,8.065957e-06
43,2,6,1,0,1,1,40,0.0,0.0,0.8758142,0.0,0.94231635,0,0.99877673
48,0,4,3,2,1,0,40,0.0,0.0,0.7984789,0.0,0.9407619,0,0.99904686
32,2,0,3,3,0,0,46,0.0,0.0,0.96786636,0.0,0.949796,0,0.9989507
48,3,3,1,0,1,1,50,0.0,0.0,0.7022902,0.0,0.6369056,0,0.8558405
19,2,7,3,5,1,1,40,0.0,0.0,0.9933944,0.0,0.94475883,0,0.9995524
43,2,3,0,5,1,0,40,1.0,0.0,0.9035704,0.0,0.9774846,0,0.9989573
23,2,0,3,5,1,1,40,0.0,0.0,0.9728692,0.0,0.97505933,0,0.9994466
56,2,3,0,0,1,1,40,0.0,0.0,0.92720366,0.0,0.9187525,0,0.99838614
22,2,3,3,5,1,0,40,0.0,0.0,0.9912803,0.0,0.98028016,0,0.9993789
38,2,5,3,5,1,1,40,1.0,1.0,0.40906668,1.0,0.15164673,1,0.23648864
42,0,4,0,2,1,1,40,0.0,0.0,0.72776175,0.0,0.57137764,0,0.9981704
24,0,7,3,5,1,1,40,0.0,0.0,0.98356414,0.0,0.99958915,0,0.9995546
69,2,3,1,5,1,1,36,0.0,0.0,0.60106134,1.0,0.4993298,0,0.75348806
24,2,7,1,4,0,0,35,0.0,0.0,0.9539765,0.0,0.93720627,0,0.93675834
63,2,3,1,0,1,1,48,0.0,0.0,0.55732167,0.0,0.5588036,0,0.81243736
61,3,7,1,3,1,1,35,1.0,0.0,0.5382421,1.0,0.29014403,0,0.6833523
39,2,6,0,4,0,0,40,0.0,0.0,0.99226075,0.0,0.9757484,0,0.99908686
22,2,6,1,0,1,1,48,0.0,0.0,0.92505413,0.0,0.9383585,0,0.9987987
27,2,3,3,5,1,0,40,0.0,0.0,0.979459,0.0,0.9794725,0,0.9993699
48,2,3,3,0,1,1,40,0.0,0.0,0.865828,0.0,0.97678614,0,0.998696
20,2,3,3,0,1,1,30,0.0,0.0,0.9976815,0.0,0.9824923,0,0.99924695
28,2,1,3,3,1,1,65,0.0,0.0,0.77253866,0.0,0.5571982,0,0.8669419
24,2,7,3,0,1,1,40,0.0,0.0,0.98432434,0.0,0.9792277,0,0.99923694
66,3,3,4,0,1,1,20,0.0,0.0,0.9474322,0.0,0.96547586,0,0.99595284
34,2,0,3,3,1,1,50,0.0,0.0,0.8776236,0.0,0.9566145,0,0.9982376
52,1,4,1,1,1,0,40,1.0,1.0,0.33204508,1.0,0.42739433,1,0.44935122
41,2,3,1,4,1,1,40,0.0,0.0,0.6888881,0.0,0.6371165,0,0.85584235
64,1,6,0,1,1,1,40,0.0,0.0,0.9675667,0.0,0.9297908,0,0.9985083
33,2,3,0,0,1,1,45,0.0,0.0,0.9473411,0.0,0.97961503,0,0.9992461
73,3,6,1,0,1,1,99,1.0,0.0,0.8837165,0.0,0.6369052,0,0.8558405
39,2,1,1,5,1,1,50,1.0,1.0,0.20968956,1.0,0.21304381,1,1.1646127e-05
52,2,7,1,4,1,1,40,0.0,1.0,0.48248798,0.0,0.554916,0,0.5123755
24,2,6,3,0,1,1,39,0.0,0.0,0.9973754,0.0,0.98094636,0,0.9992465
36,2,7,0,5,1,1,45,0.0,0.0,0.8195758,0.0,0.9568385,0,0.998643
17,2,6,3,4,1,1,20,0.0,0.0,0.99999964,0.0,0.9796761,0,0.9992624
29,2,1,1,3,1,1,40,1.0,1.0,0.4869321,1.0,0.3391645,1,0.2850835
20,2,7,3,3,0,0,14,0.0,0.0,0.99956053,0.0,0.9784523,0,0.99953794
43,3,3,3,0,1,1,35,0.0,0.0,0.95295215,0.0,0.97960174,0,0.9990274
24,0,7,3,4,1,0,40,0.0,0.0,0.99393,0.0,0.9914208,0,0.9994566
61,2,1,1,2,1,1,40,0.0,1.0,0.2539792,1.0,0.19167584,1,1.1239514e-05
20,1,7,3,1,1,0,10,0.0,0.0,0.9988771,0.0,0.98336697,0,0.9994344
35,2,3,0,5,1,0,40,0.0,0.0,0.9180101,0.0,0.97874403,0,0.9992225
43,0,3,0,4,0,0,40,0.0,0.0,0.9410185,0.0,0.95980555,0,0.99897623
27,2,1,3,2,0,1,40,1.0,0.0,0.91865176,0.0,0.95782185,0,0.9994856
47,0,7,0,5,1,1,56,1.0,0.0,0.78516877,0.0,0.600129,0,0.8025979
54,2,2,1,2,1,1,45,1.0,1.0,0.11768556,1.0,0.107717514,1,1.66042e-05
90,0,0,1,5,0,1,20,0.0,0.0,0.96489984,0.0,0.67221874,1,0.101895146
46,2,4,1,4,1,1,40,1.0,1.0,0.18763036,0.0,0.690167,1,1.5855881e-05
40,2,1,4,5,1,0,40,0.0,0.0,0.69471335,0.0,0.78494173,0,0.90711945
30,2,6,3,0,1,1,40,0.0,0.0,0.9887535,0.0,0.97888345,0,0.9992211
48,2,3,4,5,1,0,40,0.0,0.0,0.8646405,0.0,0.8552612,0,0.99718803
30,2,4,1,5,1,1,45,1.0,1.0,0.19467872,1.0,0.35520542,1,0.04600717
31,2,3,3,4,1,1,40,0.0,0.0,0.97049725,0.0,0.97963035,0,0.99924624
22,2,3,3,5,1,1,20,0.0,0.0,0.9962324,0.0,0.99089086,0,0.9993693
40,2,3,1,0,1,1,40,0.0,0.0,0.7305063,0.0,0.63959724,0,0.8560644
47,2,7,0,5,1,1,40,0.0,0.0,0.8326045,0.0,0.9397069,0,0.99913234
49,2,1,1,2,1,0,20,1.0,1.0,0.35411423,1.0,0.4826463,1,0.4654682
18,2,3,3,4,1,1,25,0.0,0.0,0.99928164,0.0,0.9805243,0,0.9992619
42,3,1,1,0,1,1,60,1.0,1.0,0.4027782,1.0,0.40804243,1,0.22907367
45,0,3,0,5,1,0,38,1.0,0.0,0.8635275,0.0,0.94112885,0,0.999204
53,3,1,1,2,1,1,50,0.0,1.0,0.27685225,1.0,0.1305002,1,1.4354181e-05
43,0,7,2,0,0,1,40,0.0,0.0,0.98288155,0.0,0.9723079,0,0.99907076
25,1,7,3,1,0,1,40,0.0,0.0,0.9897006,0.0,0.9908917,0,0.99937004
33,0,7,2,5,0,1,35,0.0,0.0,0.99088913,0.0,0.95324785,0,0.99967444
59,2,4,1,0,0,0,35,0.0,0.0,0.5577568,0.0,0.5801052,0,0.71200013
68,1,6,4,1,1,0,15,0.0,0.0,0.9826947,0.0,0.89338136,0,0.9985843
57,3,3,1,0,1,1,30,0.0,0.0,0.80565524,0.0,0.76402885,0,0.8772495
40,2,7,0,5,1,0,40,0.0,0.0,0.8996704,0.0,0.91248804,0,0.9990951
61,2,0,1,5,1,1,42,0.0,1.0,0.29375422,0.0,0.54879224,1,0.013471843
17,2,6,3,4,0,1,20,0.0,0.0,0.9999995,0.0,0.9796761,0,0.9992624
32,1,6,3,1,0,0,40,0.0,0.0,0.9971683,0.0,0.978689,0,0.9992194
34,2,1,1,4,0,1,30,0.0,0.0,0.7901323,1.0,0.46142286,0,0.50231785
46,0,0,0,0,0,0,60,0.0,0.0,0.93640536,0.0,0.7600925,0,0.93587166
57,2,2,1,4,1,1,40,1.0,1.0,0.23406112,1.0,0.12450653,1,1.3916908e-05
30,2,3,3,0,1,1,50,0.0,0.0,0.95930535,0.0,0.92285705,0,0.9989109
27,2,1,3,2,1,0,40,0.0,0.0,0.9309616,0.0,0.97744465,0,0.99948263
39,2,7,0,2,1,0,45,1.0,0.0,0.854813,0.0,0.8599653,0,0.9985629
19,1,7,3,1,1,0,35,0.0,0.0,0.9973889,0.0,0.9908863,0,0.99936944
53,0,3,4,4,1,0,30,0.0,0.0,0.9372821,0.0,0.9360162,0,0.9978637
24,2,3,3,0,1,1,40,0.0,0.0,0.9868609,0.0,0.98018366,0,0.99924964
54,2,6,1,4,0,0,30,0.0,0.0,0.9549582,0.0,0.8158382,0,0.99780685
46,2,3,1,0,1,1,40,1.0,0.0,0.68801314,0.0,0.63692117,0,0.85584074
28,0,1,3,2,1,1,50,0.0,0.0,0.863117,0.0,0.86505246,0,0.922495
65,2,3,4,5,1,0,36,0.0,0.0,0.89669997,0.0,0.9422433,0,0.98303866
76,2,3,1,3,1,1,24,0.0,0.0,0.78712475,0.0,0.8359125,0,0.8763622
24,2,7,1,3,1,1,40,0.0,0.0,0.83184636,0.0,0.58326393,0,0.85712194
39,2,3,0,5,1,0,45,0.0,0.0,0.89214647,0.0,0.9565246,0,0.9987286
49,2,3,0,5,1,0,35,0.0,0.0,0.922596,0.0,0.96198094,0,0.99900144
46,3,0,0,5,0,0,63,0.0,0.0,0.8545641,0.0,0.7521605,0,0.8768218
55,0,7,1,5,1,0,37,0.0,0.0,0.52036107,1.0,0.4407531,1,0.4583869
21,2,7,3,0,1,0,40,0.0,0.0,0.99541736,0.0,0.9761965,0,0.99921286
29,1,3,3,1,1,1,40,0.0,0.0,0.9788804,0.0,0.9808485,0,0.99924964
56,2,6,3,0,1,1,40,0.0,0.0,0.9592821,0.0,0.9740144,0,0.9987846
71,1,3,4,1,1,0,40,0.0,0.0,0.94022244,0.0,0.9155192,0,0.9983101
36,2,3,3,5,0,0,40,0.0,0.0,0.96431255,0.0,0.9361762,0,0.9990246
22,2,3,3,5,0,1,40,0.0,0.0,0.9915542,0.0,0.9807726,0,0.99929357
61,2,4,1,2,1,1,40,1.0,1.0,0.17062515,1.0,0.13513774,1,1.4863364e-05
56,2,6,3,5,1,1,40,0.0,0.0,0.8977179,0.0,0.9655771,0,0.99868613
80,1,3,1,1,1,1,8,0.0,0.0,0.9005881,0.0,0.77294064,0,0.8989343
61,2,5,1,5,1,1,20,0.0,1.0,0.13868773,1.0,0.1251536,1,5.256117e-05
24,2,1,3,2,0,0,35,0.0,0.0,0.9784569,0.0,0.95693696,0,0.9996773
31,2,3,3,0,1,1,40,0.0,0.0,0.96479124,0.0,0.9809449,0,0.999236
22,2,1,3,5,1,0,40,0.0,0.0,0.97594666,0.0,0.97449565,0,0.9994041
46,2,3,1,3,1,1,40,0.0,0.0,0.6014818,0.0,0.63544846,0,0.8556545
25,3,3,1,0,1,1,30,0.0,0.0,0.9413589,0.0,0.9578965,0,0.99902487
43,2,3,1,4,1,1,60,0.0,0.0,0.5398856,1.0,0.4677751,0,0.7200686
25,2,3,2,4,0,1,40,0.0,0.0,0.996875,0.0,0.9796549,0,0.99925476
41,2,2,1,2,1,1,50,1.0,1.0,0.13138467,1.0,0.15285712,1,8.5482934e-05
42,3,0,0,0,0,1,35,0.0,0.0,0.9652881,0.0,0.97288924,0,0.9991115
44,0,7,1,4,1,1,40,0.0,1.0,0.46888304,1.0,0.45303982,1,0.15515521
27,2,1,3,2,1,0,36,0.0,0.0,0.959113,0.0,0.9700097,0,0.9996549
38,2,1,3,3,1,1,45,1.0,0.0,0.64058757,0.0,0.5545683,0,0.85909075
30,2,1,3,3,1,0,30,0.0,0.0,0.9798745,0.0,0.9630803,0,0.99965656
27,2,3,0,4,1,0,40,0.0,0.0,0.98508203,0.0,0.978802,0,0.9992213
20,2,6,3,3,1,0,55,0.0,0.0,0.9970763,0.0,0.96835005,0,0.9991947
46,2,3,0,4,1,0,30,0.0,0.0,0.9802246,0.0,0.9660603,0,0.99896073
46,2,3,1,0,1,1,44,1.0,0.0,0.65992224,0.0,0.6369054,0,0.8558405
50,0,4,0,2,1,0,65,0.0,0.0,0.73906624,0.0,0.53593683,1,0.12404107
50,2,3,3,0,1,1,40,0.0,0.0,0.8628874,0.0,0.968032,0,0.9985171
18,1,3,3,1,1,0,60,0.0,0.0,0.99385667,0.0,0.9199407,0,0.9991673
61,2,3,1,0,1,1,40,0.0,0.0,0.6043407,0.0,0.6368996,0,0.8558398
45,0,4,1,2,1,1,40,1.0,1.0,0.32038617,1.0,0.15784502,1,3.0807754e-05
29,2,1,3,5,0,0,40,0.0,0.0,0.96163523,0.0,0.974652,0,0.9987551
39,2,2,3,2,1,1,45,0.0,1.0,0.4550709,1.0,0.37422234,1,0.008215554
31,2,1,1,2,1,1,35,0.0,1.0,0.46576053,0.0,0.6015717,1,0.05774336
30,2,4,1,2,1,1,38,0.0,1.0,0.29962766,0.0,0.54302764,1,0.068804055
50,3,2,1,2,1,1,40,0.0,1.0,0.18999773,1.0,0.15666115,1,0.000103019476
22,2,3,3,0,1,1,40,0.0,0.0,0.991375,0.0,0.9799272,0,0.99925154
27,2,7,1,0,1,1,48,0.0,0.0,0.7417766,0.0,0.7518218,0,0.8645582
21,2,7,3,3,1,0,25,0.0,0.0,0.99898565,0.0,0.9908377,0,0.9994715
45,3,1,3,3,1,1,45,1.0,0.0,0.60080075,0.0,0.63119817,0,0.8694888
66,2,3,2,0,0,1,40,0.0,0.0,0.982944,0.0,0.93615234,0,0.98266166
61,3,1,1,5,1,1,50,1.0,1.0,0.20518476,1.0,0.286812,1,1.3849485e-06
21,2,0,3,4,1,0,36,0.0,0.0,0.99838036,0.0,0.97960585,0,0.99925894
69,0,6,1,0,1,1,25,0.0,0.0,0.9570487,0.0,0.8868592,0,0.93159527
51,2,7,0,5,1,0,40,1.0,0.0,0.8897231,0.0,0.9198536,0,0.9975344
18,2,3,3,5,1,0,40,0.0,0.0,0.9978523,0.0,0.9801914,0,0.9993765
20,2,7,3,4,0,1,30,0.0,0.0,0.99848604,0.0,0.9908932,0,0.9993698
38,2,1,1,5,1,1,45,1.0,1.0,0.21798414,1.0,0.2063303,1,1.2511631e-05
28,2,3,3,4,1,1,20,0.0,0.0,0.99379617,0.0,0.9827826,0,0.99926037
51,2,3,1,0,1,1,40,1.0,0.0,0.653708,0.0,0.6369114,0,0.85584056
34,2,3,1,3,1,1,50,0.0,0.0,0.59550226,0.0,0.61053586,0,0.85901934
51,2,2,1,5,1,1,84,1.0,1.0,0.10523844,1.0,0.13385737,1,1.4340827e-05
41,3,6,1,3,1,0,70,0.0,0.0,0.70181507,0.0,0.819131,0,0.8956885
35,2,6,1,3,1,1,65,0.0,0.0,0.667865,0.0,0.94872963,0,0.9123932
33,2,6,0,0,0,0,40,0.0,0.0,0.9919987,0.0,0.9766473,0,0.9991221
25,2,7,3,5,1,1,30,0.0,0.0,0.9890298,0.0,0.9873151,0,0.9996625
28,2,1,3,5,1,0,30,0.0,0.0,0.97489685,0.0,0.990434,0,0.9995788
28,2,6,0,4,1,0,40,0.0,0.0,0.99002665,0.0,0.9787444,0,0.99922085
37,2,6,1,3,0,0,33,0.0,0.0,0.9489004,0.0,0.93586564,0,0.99885726
50,2,3,1,5,1,1,50,1.0,1.0,0.40472168,1.0,0.48855925,1,0.4987633
25,2,6,1,4,1,0,40,0.0,0.0,0.94778806,0.0,0.92898387,0,0.9989561
44,0,7,0,5,1,1,50,0.0,0.0,0.79418516,1.0,0.31472158,0,0.9961727
32,2,1,3,5,1,0,48,0.0,0.0,0.8688466,0.0,0.8114432,0,0.8739273
34,2,5,3,4,0,1,40,1.0,0.0,0.66127837,0.0,0.81399953,0,0.8742815
41,2,1,1,2,0,0,35,1.0,1.0,0.3886299,1.0,0.3613305,1,0.14252068
38,2,3,0,0,1,1,40,0.0,0.0,0.9523571,0.0,0.9782546,0,0.999119
35,2,3,0,4,1,0,30,0.0,0.0,0.9845079,0.0,0.9764117,0,0.99905735
30,3,3,1,0,1,1,60,0.0,0.0,0.7859556,0.0,0.84764975,0,0.8611036
27,2,0,3,4,0,0,35,0.0,0.0,0.99664605,0.0,0.9794381,0,0.9992513
22,1,7,3,1,0,1,40,0.0,0.0,0.9933916,0.0,0.9908921,0,0.9993697
42,0,2,1,5,1,1,43,1.0,1.0,0.114895105,1.0,0.10710019,1,3.179858e-05
49,0,3,0,5,1,0,10,0.0,0.0,0.94059676,0.0,0.909743,0,0.9992336
36,2,6,1,0,1,1,40,0.0,0.0,0.90003806,0.0,0.92811596,0,0.998926
23,2,7,2,0,1,1,40,0.0,0.0,0.9924729,0.0,0.9799257,0,0.99926215
34,2,7,1,0,1,1,40,0.0,0.0,0.699442,0.0,0.7605884,0,0.85904264
35,2,4,1,5,0,1,65,1.0,1.0,0.169325,1.0,0.15601641,1,0.0004654832
44,0,0,1,2,1,1,48,0.0,1.0,0.4852503,0.0,0.7406825,1,0.00025794003
34,3,3,1,0,1,1,50,0.0,0.0,0.7753035,0.0,0.8403505,0,0.86043185
32,2,3,2,5,1,0,40,0.0,0.0,0.9688486,0.0,0.98022234,0,0.9993755
51,2,3,0,3,1,1,45,0.0,0.0,0.8906847,0.0,0.935686,0,0.9984653
34,2,0,2,4,1,0,40,0.0,0.0,0.9764917,0.0,0.97853637,0,0.9992207
38,0,3,0,4,1,0,20,0.0,0.0,0.96336627,0.0,0.96536624,0,0.99917066
25,2,3,3,0,1,1,28,0.0,0.0,0.99262685,0.0,0.9841057,0,0.9992393
23,1,7,3,1,1,1,40,0.0,0.0,0.98482597,0.0,0.99089247,0,0.9993698
33,0,1,3,5,1,0,40,0.0,0.0,0.9310029,0.0,0.8885103,0,0.99929655
32,2,6,0,4,1,0,40,0.0,0.0,0.98627394,0.0,0.9785886,0,0.99921477
26,2,1,3,2,1,1,38,0.0,0.0,0.9262434,0.0,0.97717273,0,0.9996166
45,3,1,1,0,1,1,60,1.0,1.0,0.3894019,1.0,0.40775865,1,0.22867994
33,0,6,1,4,1,1,40,0.0,0.0,0.86314964,0.0,0.9466653,0,0.9990472
40,2,1,2,3,1,1,40,0.0,0.0,0.8145417,0.0,0.88300776,0,0.9996105
39,2,7,0,4,1,0,20,0.0,0.0,0.9811259,0.0,0.97749805,0,0.99905854
50,2,3,0,0,0,0,40,0.0,0.0,0.9784172,0.0,0.9021699,0,0.99854195
53,0,1,0,2,1,0,57,0.0,0.0,0.69404364,0.0,0.9014997,0,0.9013704
45,2,3,1,0,1,1,45,1.0,0.0,0.6631633,0.0,0.63690543,0,0.8558405
58,2,1,0,0,1,0,20,0.0,0.0,0.9491075,0.0,0.93788177,0,0.99810743
58,2,3,1,3,1,1,40,0.0,0.0,0.55663806,0.0,0.58857465,0,0.84350914
18,2,6,3,4,0,1,20,0.0,0.0,0.9998935,0.0,0.9806346,0,0.9992549
31,2,3,3,4,1,0,40,0.0,0.0,0.9866339,0.0,0.97872686,0,0.99922097
42,2,2,3,2,1,1,36,1.0,0.0,0.5442561,0.0,0.5593933,0,0.50049126
49,2,3,0,5,1,1,40,0.0,0.0,0.85549587,0.0,0.9548804,0,0.99853444
32,2,3,3,0,1,1,40,0.0,0.0,0.96072525,0.0,0.98124593,0,0.99922776
35,2,7,0,4,0,0,40,0.0,0.0,0.98015165,0.0,0.9759367,0,0.9990902
41,2,6,1,0,1,1,40,0.0,0.0,0.8825625,0.0,0.9421095,0,0.9987828
37,3,7,1,5,1,1,60,1.0,1.0,0.41154718,0.0,0.5203378,1,0.0006492537
68,2,7,4,4,1,0,20,0.0,0.0,0.9769443,0.0,0.9476829,0,0.9977689
29,3,7,1,0,1,1,55,0.0,0.0,0.71420336,0.0,0.7947742,0,0.8604251
19,2,3,3,0,1,1,40,0.0,0.0,0.996722,0.0,0.9795984,0,0.99925095
41,0,1,3,4,0,1,40,0.0,0.0,0.92326975,0.0,0.9534221,0,0.99961436
29,2,0,0,3,1,0,40,0.0,0.0,0.9621523,0.0,0.99133646,0,0.99945015
27,2,1,1,4,1,1,40,0.0,0.0,0.5798097,0.0,0.530044,0,0.76389074
32,2,7,1,5,1,1,40,0.0,0.0,0.5698451,0.0,0.56510997,0,0.5012636
18,2,3,3,0,1,0,20,0.0,0.0,0.9995828,0.0,0.9801309,0,0.9992537
60,2,3,4,0,1,0,40,0.0,0.0,0.9374592,0.0,0.93928695,0,0.98325586
39,2,5,1,2,0,1,67,1.0,1.0,0.07034975,1.0,0.15345573,1,9.73834e-05
21,2,6,3,4,1,0,35,0.0,0.0,0.9996804,0.0,0.9794209,0,0.99924445
51,2,3,1,0,1,1,60,0.0,0.0,0.5973608,0.0,0.5131697,0,0.7699818
30,2,3,1,5,1,1,40,0.0,0.0,0.6731285,0.0,0.77846754,0,0.88079935
53,2,3,3,0,0,0,40,0.0,0.0,0.94942915,0.0,0.9064154,0,0.9984775
37,2,3,0,4,0,0,30,0.0,0.0,0.98989457,0.0,0.97682977,0,0.9990169
43,2,7,0,4,1,0,50,0.0,0.0,0.9150697,0.0,0.852821,0,0.99796367
28,2,6,3,0,1,1,35,0.0,0.0,0.9961192,0.0,0.9817152,0,0.9992374
59,0,6,1,0,1,1,40,0.0,0.0,0.8818035,0.0,0.8850187,0,0.9314681
29,2,0,0,4,1,0,45,0.0,0.0,0.95814824,0.0,0.95811856,0,0.9991774
76,1,6,4,1,1,0,40,0.0,0.0,0.96759045,0.0,0.93535733,0,0.9824155
34,2,1,1,2,1,1,60,1.0,1.0,0.27732742,1.0,0.1471858,1,0.0005042186
30,2,6,1,0,1,1,40,0.0,0.0,0.9240723,0.0,0.91151035,0,0.9990381
47,2,3,0,2,0,0,40,0.0,0.0,0.9053022,0.0,0.9635095,0,0.9990049
48,2,1,1,0,1,1,55,0.0,1.0,0.31287664,1.0,0.40486968,1,0.23865418
50,3,1,1,0,1,1,50,0.0,1.0,0.39442426,1.0,0.4933741,1,0.49753714
75,3,3,0,3,1,1,15,0.0,0.0,0.9672437,0.0,0.9565353,0,0.9981502
21,2,3,3,3,1,0,40,0.0,0.0,0.99595183,0.0,0.9830875,0,0.9992969
61,3,6,1,0,1,1,30,0.0,0.0,0.9507928,0.0,0.7938402,0,0.99491185
35,2,3,1,4,1,0,40,1.0,0.0,0.8412996,0.0,0.63713956,0,0.8558649
33,2,3,1,0,1,1,40,0.0,0.0,0.78622675,0.0,0.8898081,0,0.9051291
27,2,0,1,0,1,1,45,1.0,0.0,0.7105509,0.0,0.7957866,0,0.8653737
36,3,3,1,0,1,1,60,1.0,0.0,0.74594384,0.0,0.636492,0,0.856019
19,2,6,0,3,1,0,20,0.0,0.0,0.9992623,0.0,0.98001134,0,0.9992624
18,2,6,3,3,1,0,20,0.0,0.0,0.9999419,0.0,0.9795913,0,0.9992592
50,2,1,3,3,1,0,32,0.0,0.0,0.88203734,0.0,0.82039905,0,0.9994116
43,2,1,1,3,1,1,55,0.0,1.0,0.1968165,1.0,0.21566504,1,1.1674061e-05
54,2,1,1,5,1,1,40,1.0,1.0,0.20977932,1.0,0.26462513,1,4.3347404e-06
34,0,7,0,5,1,0,35,0.0,0.0,0.9348316,0.0,0.9348867,0,0.9995654
54,2,7,0,4,1,0,47,0.0,0.0,0.91495043,0.0,0.81426185,0,0.99728847
49,2,3,3,5,1,0,44,0.0,0.0,0.8222511,0.0,0.82936823,0,0.96926695
47,2,2,1,2,1,1,40,1.0,1.0,0.15287954,1.0,0.15311813,1,8.9094356e-05
25,2,7,3,5,1,1,40,0.0,0.0,0.9715267,0.0,0.9341767,0,0.9995159
50,0,3,1,5,1,1,42,1.0,1.0,0.3395537,1.0,0.39795333,1,0.25253353
28,2,1,1,5,1,0,50,1.0,1.0,0.43570876,0.0,0.5576796,1,0.07509161
31,2,3,1,0,1,1,40,0.0,0.0,0.8111576,0.0,0.88446635,0,0.90845007
54,2,7,0,0,1,1,40,0.0,0.0,0.9164663,0.0,0.957936,0,0.9932903
39,2,7,1,5,1,1,40,1.0,1.0,0.4158758,1.0,0.289101,1,0.0010366628
57,3,1,1,5,1,1,20,0.0,0.0,0.51448375,0.0,0.9378901,1,0.00010732418
26,2,7,3,0,1,1,40,0.0,0.0,0.97873455,0.0,0.97923505,0,0.9992372
30,2,3,3,5,1,1,60,0.0,0.0,0.92134696,0.0,0.9597446,0,0.9869695
57,2,3,1,3,1,1,40,0.0,0.0,0.5586958,0.0,0.5887419,0,0.84364045
39,2,5,1,0,1,1,40,1.0,1.0,0.07681483,1.0,0.19189435,1,1.5641896e-06
33,2,3,0,4,1,0,40,0.0,0.0,0.97862184,0.0,0.97622496,0,0.9990682
22,2,3,1,0,1,1,40,0.0,0.0,0.9307896,0.0,0.9253096,0,0.9065743
61,2,6,4,0,1,0,40,0.0,0.0,0.9748032,0.0,0.9231715,0,0.9983494
35,2,1,3,5,1,1,40,0.0,0.0,0.78728855,0.0,0.6906177,0,0.9984291
46,3,7,1,3,1,1,60,1.0,1.0,0.3935393,1.0,0.44042665,1,6.847033e-06
20,2,3,1,3,0,1,32,0.0,0.0,0.98326385,0.0,0.93773884,0,0.9992592
23,2,3,3,3,1,1,40,0.0,0.0,0.9887693,0.0,0.9905936,0,0.99936575
46,0,7,1,4,1,1,70,1.0,1.0,0.41467768,0.0,0.62883186,1,0.00080973894
54,3,1,1,3,1,1,70,1.0,1.0,0.2247619,1.0,0.12742019,1,1.4315044e-05
29,2,3,3,4,1,1,30,0.0,0.0,0.9897888,0.0,0.9813206,0,0.9992519
36,0,7,1,4,1,1,42,1.0,0.0,0.5197487,1.0,0.4846418,1,0.04545623
17,2,6,3,4,1,1,40,0.0,0.0,0.9999981,0.0,0.9787235,0,0.99922156
46,2,3,4,5,1,0,43,0.0,0.0,0.8438635,0.0,0.78911775,0,0.9618923
46,2,1,0,2,1,1,45,1.0,0.0,0.65280503,0.0,0.854283,0,0.99895203
34,2,3,3,0,1,1,40,0.0,0.0,0.9516772,0.0,0.98077136,0,0.99921334
29,2,1,3,2,1,1,50,0.0,0.0,0.7659777,0.0,0.70468104,0,0.8843806
59,1,1,1,1,1,1,40,0.0,1.0,0.48399252,0.0,0.70081306,1,0.0012966087
30,2,7,0,0,1,1,30,0.0,0.0,0.98276836,0.0,0.9887042,0,0.99941933
57,0,3,2,5,0,0,35,0.0,0.0,0.9519389,0.0,0.944371,0,0.998992
28,0,3,1,4,1,1,40,0.0,0.0,0.79356897,0.0,0.93849045,0,0.90230805
35,3,4,1,2,0,1,40,1.0,1.0,0.25969243,1.0,0.24958283,1,0.0021547014
37,2,3,0,0,1,1,40,0.0,0.0,0.95355135,0.0,0.9803389,0,0.9992366
38,1,3,1,1,1,0,35,0.0,0.0,0.8006916,0.0,0.88290596,0,0.8827716
57,2,3,1,0,0,1,40,1.0,0.0,0.7750171,0.0,0.6369058,0,0.8558405
20,2,3,3,5,1,0,40,0.0,0.0,0.99481773,0.0,0.98027134,0,0.99937856
23,2,3,3,0,1,1,40,0.0,0.0,0.98917454,0.0,0.98004127,0,0.9992508
23,2,7,3,2,1,1,45,0.0,0.0,0.9655333,0.0,0.97432804,0,0.9995741
59,3,7,1,3,1,0,80,1.0,1.0,0.40823042,1.0,0.23912567,1,0.3513026
28,2,3,3,4,0,0,40,0.0,0.0,0.9926951,0.0,0.9787281,0,0.99922097
38,2,1,1,0,1,1,45,0.0,1.0,0.378366,1.0,0.36376292,1,0.39874527
63,2,3,0,4,1,0,40,0.0,0.0,0.96410465,0.0,0.94903386,0,0.9900621
25,2,1,3,5,0,1,50,0.0,0.0,0.9153119,0.0,0.9047783,0,0.86985475
41,2,6,1,0,0,1,40,0.0,0.0,0.89374506,0.0,0.9421095,0,0.9987828
52,2,1,1,2,1,1,40,1.0,1.0,0.2519071,1.0,0.19389945,1,1.2244763e-05
40,2,3,0,0,1,1,45,0.0,0.0,0.9391445,0.0,0.9763751,0,0.99901664
31,2,3,2,0,0,1,40,0.0,0.0,0.9946677,0.0,0.9799795,0,0.9992519
28,2,7,1,0,1,1,40,1.0,0.0,0.80480814,0.0,0.82958186,0,0.8729175
39,0,7,1,5,1,1,40,0.0,1.0,0.4915952,0.0,0.63150597,1,0.0017973508
48,3,7,1,0,0,1,40,1.0,0.0,0.77257836,0.0,0.59175,0,0.844747
29,2,7,1,5,1,0,40,1.0,0.0,0.65696704,1.0,0.452982,0,0.72771573
30,2,7,1,3,1,0,40,0.0,0.0,0.80462295,1.0,0.45206565,0,0.63269556
34,2,3,0,5,1,0,40,0.0,0.0,0.9193831,0.0,0.9787573,0,0.999223
55,3,4,1,5,1,1,60,0.0,1.0,0.15086043,1.0,0.12860703,1,1.4357768e-05
34,2,1,3,4,1,0,35,0.0,0.0,0.9804216,0.0,0.99147534,0,0.9994654
21,1,7,3,1,1,1,40,0.0,0.0,0.989925,0.0,0.99089265,0,0.9993697
23,2,3,3,0,0,1,40,0.0,0.0,0.99331677,0.0,0.98004127,0,0.9992508
22,2,7,3,5,0,0,35,0.0,0.0,0.99600255,0.0,0.98547447,0,0.9995192
57,2,6,1,0,1,1,40,0.0,0.0,0.8417782,0.0,0.92954993,0,0.91316086
29,2,1,1,5,1,1,40,0.0,1.0,0.4069183,1.0,0.3613178,1,0.2239415
36,2,3,1,0,1,1,50,1.0,0.0,0.71974957,0.0,0.7648032,0,0.8590803
23,2,1,3,5,1,1,40,0.0,0.0,0.94129103,0.0,0.8962598,0,0.99922335
24,3,6,1,0,1,1,40,0.0,0.0,0.95602053,0.0,0.9689976,0,0.99912304
34,3,5,1,2,1,1,55,1.0,1.0,0.07756865,1.0,0.24592686,1,0.0019754204
51,2,3,1,5,1,0,40,1.0,0.0,0.51654077,1.0,0.48814917,0,0.6441009
39,2,7,0,3,1,0,40,0.0,0.0,0.9396713,0.0,0.98264205,0,0.9993211
27,2,3,1,0,1,1,55,0.0,0.0,0.81018317,0.0,0.8496834,0,0.87081265
28,0,4,1,5,1,0,40,0.0,0.0,0.5236754,0.0,0.5899313,1,0.08140586
23,2,6,1,5,1,1,55,0.0,0.0,0.8170978,0.0,0.92764693,0,0.95981604
75,2,6,4,4,1,0,70,0.0,0.0,0.972654,0.0,0.8308269,0,0.89288384
26,2,3,3,5,0,1,80,1.0,0.0,0.9627762,0.0,0.873556,0,0.9196764
54,2,1,1,3,1,1,40,1.0,1.0,0.22680968,1.0,0.25525862,1,2.1723815e-06
45,0,3,0,5,1,0,35,0.0,0.0,0.8745516,0.0,0.9370973,0,0.99921656
53,2,3,1,0,1,1,45,0.0,0.0,0.6031867,0.0,0.59766316,0,0.84646136
24,2,0,3,5,1,1,30,1.0,0.0,0.98546404,0.0,0.97872305,0,0.99965656
22,2,3,3,0,0,1,40,0.0,0.0,0.994539,0.0,0.9799272,0,0.99925154
44,2,7,1,3,1,1,50,0.0,1.0,0.3905385,1.0,0.31483752,1,4.2311964e-05
51,2,3,0,5,1,0,24,1.0,0.0,0.9363566,0.0,0.9500088,0,0.99890125
36,2,3,3,4,1,0,40,0.0,0.0,0.97907597,0.0,0.9760281,0,0.99899095
28,2,0,3,0,1,1,60,0.0,0.0,0.9315145,0.0,0.9584403,0,0.9210296
39,2,3,3,5,1,1,40,0.0,0.0,0.90065193,0.0,0.97435784,0,0.99921834
30,0,4,1,2,1,1,45,0.0,1.0,0.41098708,1.0,0.30208796,1,0.01766792
20,2,7,3,5,1,0,15,0.0,0.0,0.9990988,0.0,0.9805822,0,0.999521
46,2,0,0,4,0,0,40,0.0,0.0,0.9748998,0.0,0.9491921,0,0.99846965
44,2,1,1,2,1,1,40,1.0,1.0,0.26742584,1.0,0.20901203,1,2.0882726e-05
66,1,7,1,1,1,1,50,0.0,0.0,0.5214388,1.0,0.49010676,1,0.49908236
63,1,3,1,1,1,1,14,0.0,0.0,0.85820645,0.0,0.75666916,0,0.89656806
30,2,3,2,0,1,1,44,0.0,0.0,0.98607296,0.0,0.9786722,0,0.9992207
50,2,1,1,5,1,1,50,1.0,1.0,0.1791184,1.0,0.2887081,1,3.478205e-06
59,3,6,1,5,1,0,36,0.0,0.0,0.79745924,0.0,0.9230025,0,0.9170232
43,2,7,0,0,1,1,40,0.0,0.0,0.92413324,0.0,0.97907466,0,0.9989795
51,2,3,1,5,1,0,40,0.0,0.0,0.51654077,1.0,0.48814917,0,0.6441009
44,2,6,3,0,1,0,40,0.0,0.0,0.98078674,0.0,0.9773959,0,0.99890375
38,3,4,1,0,1,1,70,0.0,1.0,0.32261443,0.0,0.66887677,1,8.375988e-06
41,3,5,1,2,1,1,50,1.0,1.0,0.07168621,1.0,0.15100491,1,0.00029698655
38,2,7,2,4,1,0,40,0.0,0.0,0.9790677,0.0,0.9783519,0,0.9992052
37,2,3,1,0,1,1,40,0.0,0.0,0.75252205,0.0,0.89029473,0,0.87185764
41,0,0,3,5,1,1,40,0.0,0.0,0.9025311,0.0,0.9372802,0,0.9995515
41,2,7,1,5,1,0,40,1.0,1.0,0.42906535,1.0,0.2457357,1,0.36232194
49,2,3,0,0,1,1,50,0.0,0.0,0.92309505,0.0,0.87594223,0,0.99818134
29,2,0,3,5,0,0,40,0.0,0.0,0.9702974,0.0,0.9665182,0,0.99926776
29,2,3,1,0,1,1,40,0.0,0.0,0.8437966,0.0,0.8819859,0,0.9083108
51,2,4,3,2,1,1,40,1.0,1.0,0.48345906,0.0,0.5632167,1,0.24519005
63,2,6,1,0,1,1,16,0.0,0.0,0.9567383,0.0,0.8622007,0,0.9237036
22,2,7,3,0,1,0,35,0.0,0.0,0.99740523,0.0,0.9803022,0,0.9992649
49,3,7,1,0,1,1,50,1.0,0.0,0.6164805,0.0,0.56881046,0,0.70568985
35,3,3,1,5,1,1,60,0.0,1.0,0.47956973,0.0,0.58592,0,0.76930195
22,0,7,3,5,1,0,55,0.0,0.0,0.97143376,0.0,0.9419683,0,0.9982009
19,2,3,3,5,1,1,40,0.0,0.0,0.9950954,0.0,0.9846212,0,0.99934536
48,3,1,1,5,1,1,40,1.0,1.0,0.26682276,1.0,0.27460718,1,1.5070765e-06
44,2,1,1,3,1,1,50,1.0,1.0,0.19652194,1.0,0.21695781,1,1.1648738e-05
19,2,3,3,3,1,0,25,0.0,0.0,0.99932617,0.0,0.9908834,0,0.9993693
21,2,3,1,0,1,0,40,0.0,0.0,0.95415187,0.0,0.9586429,0,0.91931784
46,0,1,3,2,1,1,45,1.0,0.0,0.637093,0.0,0.5811642,1,0.4260091
62,3,7,1,0,1,1,80,0.0,0.0,0.56056464,0.0,0.5914423,0,0.5666228
19,2,3,3,0,1,1,40,0.0,0.0,0.996722,0.0,0.9795984,0,0.99925095
59,2,3,0,4,1,0,40,0.0,0.0,0.9655,0.0,0.9083453,0,0.9984485
52,2,4,0,2,1,0,40,1.0,0.0,0.605692,0.0,0.6880198,0,0.99934655
38,2,7,1,5,1,0,38,1.0,0.0,0.5861014,1.0,0.3005315,1,0.47795877
26,2,7,1,0,0,1,40,0.0,0.0,0.87221134,0.0,0.83495027,0,0.8739197
40,2,6,1,0,1,1,40,0.0,0.0,0.8859447,0.0,0.9419163,0,0.9987872
43,2,4,4,5,1,1,40,1.0,1.0,0.4364224,0.0,0.7178491,1,0.101888925
28,2,1,3,4,0,1,30,0.0,0.0,0.98344886,0.0,0.96526015,0,0.99962175
48,2,1,1,5,1,1,45,0.0,1.0,0.19165689,1.0,0.30534613,1,4.2273987e-06
47,2,3,1,0,0,1,60,0.0,0.0,0.7256307,0.0,0.5805365,0,0.83486474
37,2,3,1,5,1,1,45,1.0,1.0,0.49338967,0.0,0.55312634,0,0.7580161
39,2,4,0,5,0,0,60,1.0,0.0,0.74879074,0.0,0.8674039,0,0.80396605
49,3,7,0,5,1,1,50,0.0,0.0,0.7752042,0.0,0.6831026,0,0.88798964
56,1,0,1,1,1,1,20,0.0,0.0,0.6657369,0.0,0.7142247,0,0.88940525
43,0,3,0,4,1,0,40,0.0,0.0,0.9123718,0.0,0.95980555,0,0.99897623
43,3,7,1,3,1,1,55,1.0,1.0,0.4073332,1.0,0.20212752,1,5.2700007e-06
31,2,7,0,3,1,0,35,0.0,0.0,0.9788039,0.0,0.9906952,0,0.9994209
37,2,0,1,2,1,0,13,1.0,0.0,0.61728656,0.0,0.57820106,0,0.8157751
45,2,6,1,5,0,1,40,1.0,0.0,0.76017743,0.0,0.93980163,0,0.9986072
47,2,1,1,0,1,1,50,1.0,1.0,0.32726753,1.0,0.37663984,1,0.288721
65,0,3,1,4,1,1,8,0.0,0.0,0.902355,0.0,0.82139826,0,0.91102946
53,2,7,1,4,1,1,40,0.0,1.0,0.4805522,0.0,0.5569128,0,0.51175284
63,3,0,1,4,1,1,45,0.0,1.0,0.46873087,0.0,0.5886024,0,0.58678156
61,0,1,1,5,1,0,40,0.0,1.0,0.23543346,1.0,0.4451022,1,0.03170953
36,2,3,1,5,1,1,40,0.0,0.0,0.5588602,0.0,0.61642224,0,0.8594461
39,2,7,0,4,1,0,55,0.0,0.0,0.9128524,0.0,0.9130777,0,0.9963392
21,2,3,3,0,1,1,38,0.0,0.0,0.99575204,0.0,0.981489,0,0.99924684
38,2,7,3,2,1,1,45,0.0,0.0,0.8312927,0.0,0.7451601,0,0.9981046
61,3,1,2,3,1,0,30,0.0,0.0,0.94169855,0.0,0.9374363,0,0.99851614
26,3,0,3,4,1,0,35,0.0,0.0,0.9970433,0.0,0.9812766,0,0.9992729
44,2,6,3,3,0,0,35,0.0,0.0,0.9935328,0.0,0.97624135,0,0.99910235
52,0,4,3,2,1,0,40,0.0,0.0,0.7674649,0.0,0.95068467,0,0.9988851
38,2,3,3,2,1,0,40,0.0,0.0,0.9052436,0.0,0.9650778,0,0.99899524
36,2,0,1,5,1,0,50,1.0,1.0,0.35553175,1.0,0.38426304,1,0.42865098
45,2,0,0,0,1,0,55,0.0,0.0,0.9029513,0.0,0.8266649,0,0.99718803
20,2,7,3,4,1,0,20,0.0,0.0,0.9994769,0.0,0.9908755,0,0.99936897
18,0,3,3,3,0,0,30,0.0,0.0,0.9994703,0.0,0.99121904,0,0.9994411
29,2,1,3,2,1,1,40,0.0,0.0,0.8441284,0.0,0.9684201,0,0.9995165
49,2,0,1,0,1,1,45,0.0,1.0,0.413549,0.0,0.5556776,0,0.6469269
34,0,0,3,0,1,0,40,0.0,0.0,0.97795033,0.0,0.9772824,0,0.99913126
37,2,3,1,0,1,1,72,0.0,0.0,0.6823577,0.0,0.6313428,0,0.85742605
38,2,1,0,5,1,0,55,0.0,0.0,0.7409138,0.0,0.7879105,0,0.8926172
45,0,1,1,2,1,1,45,1.0,1.0,0.27454555,1.0,0.1751793,1,2.7733051e-05
61,1,1,0,1,1,0,40,0.0,0.0,0.87463415,0.0,0.93690205,0,0.9983456
41,2,7,1,5,1,1,46,1.0,1.0,0.3510568,1.0,0.16954595,1,4.3654367e-05
31,0,3,3,0,1,0,40,0.0,0.0,0.9842161,0.0,0.9775675,0,0.99916637
53,3,6,1,4,1,1,99,0.0,0.0,0.8554057,0.0,0.62799394,0,0.8577026
49,3,3,0,3,1,1,40,0.0,0.0,0.90104216,0.0,0.95970595,0,0.99898857
54,3,1,1,3,1,1,40,0.0,1.0,0.28599805,1.0,0.39415556,1,5.8073726e-07
19,3,7,3,0,1,0,25,0.0,0.0,0.9993141,0.0,0.9872785,0,0.9993357
36,0,1,3,2,1,1,40,0.0,0.0,0.8085242,0.0,0.8299114,0,0.99754876
50,2,3,1,4,1,1,40,1.0,0.0,0.6548009,0.0,0.6369105,0,0.85584056
23,2,7,3,5,1,1,45,0.0,0.0,0.9692592,0.0,0.97580075,0,0.99885523
42,2,3,0,0,1,1,44,0.0,0.0,0.9373307,0.0,0.9796567,0,0.9987897
55,3,5,1,5,1,1,50,1.0,1.0,0.07444948,1.0,0.13581407,1,1.5133058e-05
58,2,3,1,0,1,1,50,0.0,0.0,0.5681919,0.0,0.5666746,0,0.8215955
17,2,6,3,4,1,1,15,0.0,0.0,0.99999976,0.0,0.9823101,0,0.99928844
29,2,1,3,5,1,0,35,0.0,0.0,0.96484524,0.0,0.99231297,0,0.99949884
38,2,3,0,0,1,1,40,0.0,0.0,0.9523571,0.0,0.9782546,0,0.999119
61,3,3,1,0,1,1,52,1.0,0.0,0.66200066,0.0,0.5940962,0,0.84559685
24,2,1,3,5,1,1,38,0.0,0.0,0.959189,0.0,0.99897355,0,0.99949944
27,2,7,1,5,1,0,40,0.0,0.0,0.7045447,0.0,0.65359324,0,0.79113173
53,0,4,1,2,1,1,55,1.0,1.0,0.26646847,1.0,0.1429637,1,1.5553447e-05
59,3,6,1,0,1,1,40,0.0,0.0,0.8995197,0.0,0.8380861,0,0.98761034
46,2,4,1,5,1,1,45,1.0,1.0,0.11521542,1.0,0.21723866,1,1.5751393e-05
48,2,4,1,2,1,1,40,1.0,1.0,0.15729225,1.0,0.19446343,1,1.902195e-05
32,2,2,1,2,1,1,65,1.0,1.0,0.15316397,1.0,0.18332922,1,0.00039309188
21,2,6,3,4,1,0,35,0.0,0.0,0.9996804,0.0,0.9794209,0,0.99924445
43,3,7,1,0,1,1,84,0.0,0.0,0.59627336,0.0,0.50566196,0,0.6594553
34,2,7,2,3,1,1,45,0.0,0.0,0.92704326,0.0,0.99057907,0,0.99950945
60,3,5,1,2,1,1,80,1.0,1.0,0.09199321,1.0,0.10308617,1,2.4352994e-05
30,2,7,1,5,0,1,99,0.0,0.0,0.67636144,1.0,0.3820461,1,0.00040437584
26,2,1,3,5,1,0,50,0.0,0.0,0.9206663,0.0,0.75652105,0,0.89935094
27,3,1,3,2,1,0,20,0.0,0.0,0.9725093,0.0,0.9850572,0,0.9996791
17,2,6,3,4,1,1,24,0.0,0.0,0.9999995,0.0,0.97947717,0,0.99925774
64,2,3,1,3,1,1,65,1.0,1.0,0.37008876,1.0,0.47711217,1,0.4728547
43,0,4,0,4,1,1,60,1.0,0.0,0.592371,0.0,0.7619184,1,0.4600841
28,2,1,3,5,1,0,60,0.0,0.0,0.8795847,0.0,0.5318078,0,0.85904
45,2,1,1,5,1,1,50,1.0,1.0,0.19150037,1.0,0.23106647,1,9.443979e-06
21,1,7,3,1,0,1,20,0.0,0.0,0.9984384,0.0,0.98686254,0,0.99950624
44,3,1,1,5,1,1,52,1.0,1.0,0.2093435,1.0,0.17849004,1,1.2868521e-05
43,3,6,1,0,1,1,60,0.0,0.0,0.8526271,0.0,0.9058203,0,0.9062401
32,2,1,3,2,1,1,50,0.0,0.0,0.7137153,0.0,0.536549,0,0.86370957
34,0,7,3,4,1,1,40,0.0,0.0,0.9681004,0.0,0.97610396,0,0.99951684
36,2,0,0,3,1,0,40,0.0,0.0,0.9345707,0.0,0.9812772,0,0.99930286
33,0,1,3,2,1,0,50,1.0,0.0,0.8690532,0.0,0.59176,0,0.99901676
60,2,5,1,2,1,1,16,0.0,1.0,0.11252916,1.0,0.27763742,1,0.0011800459
48,2,3,0,5,1,0,40,0.0,0.0,0.89329046,0.0,0.957516,0,0.9985964
23,0,7,3,4,1,1,50,0.0,0.0,0.97804964,0.0,0.95852137,0,0.99954236
34,3,3,3,0,1,1,45,1.0,0.0,0.9591397,0.0,0.9758377,0,0.9991372
36,2,7,1,3,0,1,50,1.0,0.0,0.5577942,1.0,0.4886033,1,0.0003936499
57,3,3,1,5,1,1,1,0.0,0.0,0.9926732,0.0,0.9228738,0,0.9984269
44,2,7,0,3,1,0,48,0.0,0.0,0.8936207,0.0,0.881481,0,0.9958696
60,2,5,1,5,1,1,40,1.0,1.0,0.05946374,1.0,0.14773393,1,1.2812474e-05
44,2,7,1,3,0,1,40,1.0,0.0,0.59601605,0.0,0.5177908,1,0.022977296
32,2,7,3,5,0,0,40,0.0,0.0,0.97403836,0.0,0.945488,0,0.99912757
50,2,1,0,5,1,0,50,1.0,0.0,0.72510576,0.0,0.6416061,0,0.88027704
59,2,3,0,4,1,0,40,0.0,0.0,0.9655,0.0,0.9083453,0,0.9984485
17,2,6,3,0,1,1,10,0.0,0.0,0.9999998,0.0,0.98864484,0,0.99935526
43,2,7,1,0,1,1,50,0.0,0.0,0.53718674,0.0,0.5325171,0,0.6546794
44,2,7,0,5,1,0,45,0.0,0.0,0.86094266,0.0,0.873643,0,0.9813696
47,3,2,1,0,1,1,45,0.0,1.0,0.26301342,1.0,0.22423613,1,6.1844316e-06
52,2,7,1,0,1,1,40,0.0,0.0,0.61355793,0.0,0.5559956,0,0.64997816
26,2,0,3,0,1,0,15,0.0,0.0,0.99608845,0.0,0.9872405,0,0.9993356
50,0,2,1,2,1,1,45,1.0,1.0,0.19137692,1.0,0.13081455,1,5.8856196e-05
36,3,2,3,2,1,1,30,1.0,0.0,0.6837703,0.0,0.5573336,0,0.8654045
31,2,7,1,5,1,1,65,1.0,1.0,0.47425538,0.0,0.59001577,1,0.18576595
27,2,0,0,5,1,0,40,0.0,0.0,0.9357711,0.0,0.99136215,0,0.99945503
43,2,7,3,0,1,1,40,0.0,0.0,0.9066699,0.0,0.9799,0,0.9987582
67,2,7,4,2,1,0,16,0.0,0.0,0.9413792,0.0,0.89549315,0,0.9973284
47,2,1,1,5,1,1,40,1.0,1.0,0.22210741,1.0,0.248514,1,9.129847e-06
35,2,3,3,0,1,1,40,0.0,0.0,0.946717,0.0,0.9796116,0,0.99921525
28,2,3,1,0,1,1,45,0.0,0.0,0.81867385,0.0,0.8279185,0,0.8794373
49,2,3,0,0,1,1,40,0.0,0.0,0.93820167,0.0,0.98198414,0,0.9986345
29,2,3,1,0,1,0,40,0.0,0.0,0.8737495,0.0,0.90257645,0,0.9051835
56,2,3,2,0,1,0,40,0.0,0.0,0.97399235,0.0,0.9085419,0,0.99849653
26,3,6,1,3,0,1,98,0.0,0.0,0.77898306,0.0,0.9489762,0,0.932142
39,2,6,0,0,1,1,46,0.0,0.0,0.9684259,0.0,0.9781368,0,0.9991961
30,0,3,1,5,1,0,40,1.0,0.0,0.5988829,1.0,0.45479488,0,0.7861097
22,2,1,3,0,1,0,15,0.0,0.0,0.9975917,0.0,0.99097294,0,0.99938095
52,3,7,1,3,1,1,50,1.0,1.0,0.3776406,0.0,0.5154051,1,0.00067726034
42,2,3,2,3,1,0,40,0.0,0.0,0.96812344,0.0,0.9766735,0,0.9990055
23,2,0,3,5,1,1,40,0.0,0.0,0.9728692,0.0,0.97505933,0,0.9994466
49,0,7,1,4,1,1,40,1.0,1.0,0.4432237,1.0,0.39222848,1,0.12934463
27,2,1,3,0,1,1,65,0.0,0.0,0.896803,0.0,0.86277634,0,0.90229124
28,1,1,3,1,0,0,40,0.0,0.0,0.9862344,0.0,0.99233824,0,0.9994796
18,1,3,3,1,0,0,38,0.0,0.0,0.99895537,0.0,0.97945136,0,0.9992519
48,2,3,1,0,1,1,55,1.0,0.0,0.6169273,0.0,0.58740604,0,0.84202296
27,0,7,1,0,1,1,50,0.0,0.0,0.80446553,0.0,0.7124921,0,0.84808815
34,2,3,2,0,0,1,40,0.0,0.0,0.99299103,0.0,0.97930306,0,0.9992335
30,2,1,3,2,0,1,45,0.0,0.0,0.8428566,0.0,0.85833704,0,0.913009
28,2,7,1,5,1,1,40,0.0,0.0,0.66864944,0.0,0.8102519,0,0.7955155
29,2,7,0,2,1,0,36,0.0,0.0,0.932612,0.0,0.96096027,0,0.9995382
56,2,7,1,5,1,0,50,1.0,1.0,0.29726332,1.0,0.23886001,1,0.35082036
60,2,3,1,0,1,1,40,0.0,0.0,0.6074986,0.0,0.6369046,0,0.85584044
41,2,6,0,4,1,1,40,0.0,0.0,0.97851866,0.0,0.97884387,0,0.9992207
46,0,0,1,5,1,1,40,1.0,1.0,0.35205263,1.0,0.43362695,1,0.00071990094
36,2,0,1,0,1,1,52,1.0,1.0,0.49975216,0.0,0.59555304,0,0.7331479
41,2,3,3,0,1,1,40,0.0,0.0,0.9126066,0.0,0.97763264,0,0.99916625
32,2,3,1,0,1,1,60,1.0,0.0,0.7361722,0.0,0.8245927,0,0.8624587
59,1,3,1,1,1,1,41,1.0,0.0,0.62608826,0.0,0.5971055,0,0.8463406
21,2,7,3,5,1,0,40,0.0,0.0,0.99224985,0.0,0.9668317,0,0.9993907
40,2,3,0,0,1,1,40,0.0,0.0,0.9499206,0.0,0.9765421,0,0.99907935
26,2,3,3,0,1,1,40,0.0,0.0,0.98171496,0.0,0.98048747,0,0.9992466
50,3,2,1,2,1,1,60,1.0,1.0,0.16991997,1.0,0.1369394,1,5.9079102e-05
26,2,3,3,4,1,0,30,0.0,0.0,0.9960088,0.0,0.97955716,0,0.9992557
52,2,7,3,2,1,1,37,1.0,0.0,0.7813996,0.0,0.80481523,0,0.99940395
32,0,7,1,4,1,0,40,0.0,0.0,0.67306036,0.0,0.5296209,0,0.6896054
60,2,3,1,2,1,1,30,0.0,0.0,0.5650687,0.0,0.79267186,0,0.86516625
19,2,6,3,0,1,1,39,0.0,0.0,0.9993599,0.0,0.98012555,0,0.9992549
51,3,7,1,5,1,1,99,1.0,0.0,0.57587844,1.0,0.17358768,1,1.3130111e-06
54,2,7,1,0,1,1,40,1.0,0.0,0.6089194,0.0,0.55651885,0,0.6495886
23,2,6,3,0,1,1,36,0.0,0.0,0.9980148,0.0,0.980997,0,0.9992471
51,3,3,1,5,1,1,70,1.0,1.0,0.40313554,1.0,0.37309027,1,0.42733806
47,0,3,1,5,0,0,40,0.0,1.0,0.4902429,1.0,0.45946074,0,0.5175262
41,0,3,1,0,1,1,40,0.0,0.0,0.7061045,0.0,0.6832906,0,0.86685914
55,2,4,1,4,1,1,20,1.0,1.0,0.45689094,1.0,0.32356054,1,0.0001507418
24,0,3,3,5,1,0,40,0.0,0.0,0.98477817,0.0,0.9911742,0,0.99944884
20,2,6,1,0,1,1,40,0.0,0.0,0.9807009,0.0,0.91256946,0,0.99906296
63,3,0,1,0,1,1,40,0.0,1.0,0.4799534,0.0,0.58861095,0,0.843538
60,3,6,1,0,1,1,40,0.0,0.0,0.8994291,0.0,0.8629103,0,0.9654316
31,2,0,1,0,1,1,30,1.0,0.0,0.77846277,0.0,0.9074484,0,0.9006907
34,2,1,1,0,1,1,45,1.0,1.0,0.41958362,1.0,0.39002055,1,0.4540062
27,2,3,1,0,1,1,40,0.0,0.0,0.871626,0.0,0.8812948,0,0.90835494
23,2,1,3,3,1,0,20,0.0,0.0,0.99628496,0.0,0.9877906,0,0.9996401
31,2,0,1,0,1,1,40,0.0,0.0,0.65943336,0.0,0.878348,0,0.8636769
26,0,1,3,4,1,1,40,0.0,0.0,0.9535737,0.0,0.9962774,0,0.99964
49,2,1,1,4,1,1,40,0.0,1.0,0.30683595,1.0,0.4284249,1,0.0012244572
25,2,7,3,3,1,1,42,0.0,0.0,0.96702933,0.0,0.96203625,0,0.9995859
51,2,3,1,0,1,1,40,0.0,0.0,0.653708,0.0,0.6369114,0,0.85584056
35,0,0,1,4,1,1,42,0.0,1.0,0.48864847,1.0,0.34050095,1,0.15734579
45,2,7,0,4,1,0,50,0.0,0.0,0.9126317,0.0,0.8543171,0,0.99744487
54,2,4,1,3,1,1,40,0.0,1.0,0.21334147,1.0,0.13440323,1,1.4437088e-05
51,0,3,1,4,1,1,70,0.0,1.0,0.4713171,0.0,0.56037545,0,0.55867326
56,2,3,1,0,1,1,40,0.0,0.0,0.6245427,0.0,0.6369058,0,0.8558405
48,0,3,1,0,1,1,40,1.0,0.0,0.6640018,0.0,0.63694346,0,0.8558427
37,2,7,1,3,1,0,40,1.0,0.0,0.6780834,1.0,0.297347,1,0.4570198
19,2,3,3,4,1,0,15,0.0,0.0,0.999601,0.0,0.9796256,0,0.9992592
42,3,2,1,2,1,1,45,1.0,1.0,0.1651097,1.0,0.15551025,1,9.64363e-05
55,2,3,1,0,1,1,40,1.0,0.0,0.63006794,0.0,0.6369059,0,0.8558405
29,2,3,2,5,1,0,40,0.0,0.0,0.97739327,0.0,0.9862213,0,0.99940836
25,2,0,3,4,1,1,43,0.0,0.0,0.9716049,0.0,0.939673,0,0.9991622
69,2,6,1,5,1,1,40,0.0,0.0,0.74980557,0.0,0.8529387,0,0.8715409
21,1,7,3,1,1,1,35,0.0,0.0,0.9945574,0.0,0.98636115,0,0.99942315
22,1,6,3,1,1,0,40,0.0,0.0,0.99804366,0.0,0.9787885,0,0.9992212
28,2,0,3,4,1,0,40,0.0,0.0,0.98877686,0.0,0.9768671,0,0.99921536
43,2,7,1,0,1,1,40,0.0,0.0,0.64522296,0.0,0.6166184,0,0.7295675
48,0,3,1,4,1,0,40,1.0,0.0,0.65465146,0.0,0.6383813,0,0.8567362
19,2,3,3,0,1,1,40,0.0,0.0,0.996722,0.0,0.9795984,0,0.99925095
58,1,3,1,1,1,1,10,0.0,0.0,0.8703736,0.0,0.75906134,0,0.9034527
45,2,4,0,0,1,1,48,1.0,0.0,0.6863109,0.0,0.7449342,0,0.89723355
27,2,6,3,4,1,1,40,0.0,0.0,0.99361616,0.0,0.97875845,0,0.9992211
22,2,3,3,5,1,0,40,0.0,0.0,0.9912803,0.0,0.98028016,0,0.9993789
40,2,7,1,0,1,1,40,0.0,0.0,0.6605561,0.0,0.62041175,0,0.85263884
19,2,7,3,0,1,1,40,0.0,0.0,0.99570656,0.0,0.9791935,0,0.9992387
30,2,7,1,0,1,1,40,0.0,0.0,0.77059436,0.0,0.8513597,0,0.86306804
26,2,3,3,5,1,0,45,0.0,0.0,0.97268224,0.0,0.95425147,0,0.9988881
56,2,7,1,3,1,1,40,0.0,1.0,0.43630725,0.0,0.5082245,1,0.011872606
41,2,3,1,2,0,1,40,1.0,0.0,0.56237185,1.0,0.395015,0,0.7229782
39,2,1,1,2,1,0,36,1.0,1.0,0.30156326,1.0,0.3616135,1,0.13105594
28,2,3,1,0,1,1,40,0.0,0.0,0.85827374,0.0,0.88115406,0,0.9083622
64,0,6,3,5,1,1,40,0.0,0.0,0.91893405,0.0,0.9585868,0,0.9984738
23,2,6,2,2,1,1,35,0.0,0.0,0.998719,0.0,0.9857531,0,0.9993198
24,2,7,3,5,1,1,20,0.0,0.0,0.99426454,0.0,0.98834556,0,0.99966776
25,2,3,3,0,1,1,48,0.0,0.0,0.9786183,0.0,0.91644025,0,0.99909973
26,2,6,1,5,1,1,40,0.0,0.0,0.87231886,0.0,0.920507,0,0.9991683
77,2,6,1,4,0,0,10,0.0,0.0,0.9855043,0.0,0.91015327,0,0.8968965
26,0,0,3,5,0,0,40,0.0,0.0,0.9766662,0.0,0.9905874,0,0.99959
37,0,1,3,2,1,0,40,0.0,0.0,0.8876468,0.0,0.9131996,0,0.9995677
22,1,0,3,1,1,1,40,0.0,0.0,0.9820934,0.0,0.99088407,0,0.99936897
22,2,7,3,4,0,1,20,0.0,0.0,0.9983903,0.0,0.9908673,0,0.99937207
39,3,1,1,0,1,0,50,0.0,0.0,0.50094336,0.0,0.5566735,0,0.70230055
33,2,3,3,0,0,0,40,0.0,0.0,0.9853561,0.0,0.97605664,0,0.9991062
36,2,6,1,0,1,1,40,0.0,0.0,0.90003806,0.0,0.92811596,0,0.998926
23,2,7,3,0,1,1,40,0.0,0.0,0.9869767,0.0,0.9792097,0,0.9992361
35,2,0,0,2,1,0,40,1.0,0.0,0.8743938,0.0,0.98115075,0,0.99950683
34,2,4,1,5,1,1,40,0.0,1.0,0.172517,1.0,0.29530728,1,0.015897721
40,0,6,0,0,1,0,52,0.0,0.0,0.97662437,0.0,0.9782279,0,0.9988422
26,0,1,3,2,1,0,35,0.0,0.0,0.97668725,0.0,0.9544999,0,0.99965394
55,2,3,0,4,1,0,40,0.0,0.0,0.9667601,0.0,0.9008322,0,0.9985525
19,2,6,3,0,1,1,56,0.0,0.0,0.996179,0.0,0.9615785,0,0.9991887
29,0,1,1,2,1,1,25,0.0,0.0,0.6362575,0.0,0.5582979,0,0.6820279
63,2,3,1,0,1,1,40,1.0,0.0,0.60187423,0.0,0.63679874,0,0.8558277
61,2,6,1,0,1,1,40,0.0,0.0,0.8365391,0.0,0.92443097,0,0.9025736
60,2,3,1,4,0,1,30,0.0,0.0,0.89178824,0.0,0.7834246,0,0.8755505
31,2,3,3,3,0,0,24,0.0,0.0,0.99357545,0.0,0.9797381,0,0.9992611
31,3,3,1,0,1,1,40,1.0,0.0,0.8271692,0.0,0.910011,0,0.9016508
37,2,0,1,0,1,1,50,1.0,1.0,0.49032092,0.0,0.5963783,0,0.72926843
17,2,6,3,5,1,0,20,0.0,0.0,0.99999964,0.0,0.9830485,0,0.9992901
29,2,7,1,0,1,1,40,0.0,0.0,0.7878647,0.0,0.875162,0,0.8644262
50,2,3,1,0,1,1,44,1.0,0.0,0.6305345,0.0,0.63607675,0,0.85574096
37,2,4,0,5,1,1,65,0.0,0.0,0.5409238,1.0,0.38295305,1,0.45387903
23,2,7,3,5,1,1,30,0.0,0.0,0.9923526,0.0,0.9826413,0,0.9996668
43,3,6,1,0,1,1,55,0.0,0.0,0.8594496,0.0,0.95266706,0,0.9973985
28,3,3,1,0,1,1,40,0.0,0.0,0.8639279,0.0,0.9053399,0,0.9008612
32,0,3,1,4,1,1,40,0.0,0.0,0.73026365,0.0,0.9024328,0,0.8893319
46,0,0,1,4,1,1,38,1.0,0.0,0.59280646,0.0,0.5923083,0,0.7155109
48,3,0,1,0,1,1,70,1.0,0.0,0.5074219,0.0,0.55817306,0,0.64770246
27,2,5,0,2,1,0,12,0.0,0.0,0.6087093,0.0,0.9904479,0,0.99961036
23,2,3,3,5,1,0,50,0.0,0.0,0.9804418,0.0,0.9512906,0,0.9987953
58,0,1,1,5,1,1,35,1.0,1.0,0.42057747,1.0,0.2103917,1,4.891874e-06
29,2,0,0,4,0,1,40,1.0,0.0,0.97854334,0.0,0.9873063,0,0.9993369
22,2,1,3,5,1,1,40,0.0,0.0,0.9509861,0.0,0.88852584,0,0.99921834
23,2,1,3,5,1,0,40,0.0,0.0,0.9701915,0.0,0.97508246,0,0.9993992
22,2,7,3,0,1,1,50,0.0,0.0,0.97898036,0.0,0.94613975,0,0.9986267
36,2,7,1,5,1,1,40,1.0,1.0,0.47266603,1.0,0.22820824,1,0.079244554
36,2,3,0,0,1,1,50,0.0,0.0,0.9399467,0.0,0.96976507,0,0.99907506
26,2,3,1,5,1,1,40,0.0,0.0,0.7574151,0.0,0.84265965,0,0.8837283
36,2,0,1,0,1,1,40,1.0,0.0,0.5503785,0.0,0.63467175,0,0.85740244
50,2,0,0,3,1,0,40,0.0,0.0,0.9233086,0.0,0.9442031,0,0.9988691
17,1,6,3,1,0,1,8,0.0,0.0,0.99999976,0.0,0.98801005,0,0.9994011
28,2,3,2,0,1,1,55,0.0,0.0,0.98499703,0.0,0.92630476,0,0.99892646
30,2,3,1,0,1,1,45,0.0,0.0,0.7864052,0.0,0.81838036,0,0.8755098
22,0,1,3,2,1,0,20,0.0,0.0,0.992992,0.0,0.95972943,0,0.999688
44,2,7,1,0,1,1,40,0.0,0.0,0.6408484,0.0,0.5630344,0,0.70317185
33,2,3,0,5,1,0,40,0.0,0.0,0.92315024,0.0,0.9787666,0,0.99922264
36,2,0,3,5,0,0,40,0.0,0.0,0.94633085,0.0,0.93754953,0,0.99911743
46,2,6,1,0,1,1,40,0.0,0.0,0.8664146,0.0,0.94410664,0,0.9986376
33,3,1,3,3,1,0,40,0.0,0.0,0.9324058,0.0,0.9774946,0,0.9995326
60,2,3,1,0,1,1,28,0.0,0.0,0.7637154,0.0,0.7788191,0,0.8760491
24,2,7,3,0,0,1,14,0.0,0.0,0.9981342,0.0,0.98772925,0,0.9994091
33,2,0,1,4,1,1,40,0.0,0.0,0.62300974,0.0,0.7429642,0,0.86721534
50,0,7,1,5,0,1,40,0.0,0.0,0.5196699,1.0,0.29429507,1,0.00017142927
21,2,7,3,4,1,0,40,0.0,0.0,0.9968496,0.0,0.97776914,0,0.99928266
21,2,7,3,4,1,1,35,0.0,0.0,0.9968278,0.0,0.9908752,0,0.9993687
31,0,1,1,4,1,1,38,1.0,0.0,0.6162533,0.0,0.86135733,0,0.5824589
49,0,4,0,5,1,0,40,0.0,0.0,0.6958874,0.0,0.84405935,0,0.99917454
24,2,7,0,4,0,1,40,0.0,0.0,0.98791945,0.0,0.9909319,0,0.99938035
37,2,6,1,0,1,1,40,0.0,0.0,0.8959532,0.0,0.9326735,0,0.9988833
30,2,1,3,5,0,1,40,0.0,0.0,0.9139733,0.0,0.9457343,0,0.9992455
22,2,3,1,4,1,1,40,0.0,0.0,0.93426013,0.0,0.9187137,0,0.9134449
34,3,0,0,3,1,0,40,0.0,0.0,0.89542013,0.0,0.9807959,0,0.9993338
25,0,7,3,0,0,1,40,0.0,0.0,0.99045455,0.0,0.9897416,0,0.99938405
69,2,3,4,5,1,0,40,0.0,0.0,0.8844924,0.0,0.82808065,0,0.8736769
30,2,1,1,2,1,1,45,1.0,1.0,0.35649085,1.0,0.35469985,1,0.045103353
55,2,3,1,5,1,0,30,1.0,0.0,0.63711613,0.0,0.5572295,0,0.77405363
52,2,3,1,3,1,1,50,1.0,1.0,0.45140195,1.0,0.4793437,0,0.6240004
49,2,6,1,0,1,1,40,1.0,0.0,0.8582849,0.0,0.92436343,0,0.99789065
40,2,3,2,0,1,1,40,0.0,0.0,0.9791374,0.0,0.9783525,0,0.9991985
46,3,0,1,0,1,1,40,1.0,0.0,0.5502862,0.0,0.6369033,0,0.85584027
18,2,6,3,5,1,1,40,0.0,0.0,0.9989554,0.0,0.9787582,0,0.9992212
26,2,3,3,0,0,1,40,0.0,0.0,0.98910725,0.0,0.98048747,0,0.9992466
41,2,1,0,5,0,0,90,1.0,0.0,0.8561915,0.0,0.8481549,0,0.7979293
34,2,1,1,3,1,0,40,1.0,0.0,0.5195093,1.0,0.4427868,1,0.25395456
37,2,7,3,4,1,0,40,0.0,0.0,0.98031145,0.0,0.93919986,0,0.9990459
31,2,7,3,5,1,0,43,0.0,0.0,0.9456034,0.0,0.9510518,0,0.99802893
68,1,2,1,1,1,1,50,1.0,1.0,0.33343613,1.0,0.12202066,1,1.3532181e-05
59,2,3,0,0,1,1,38,1.0,0.0,0.94611603,0.0,0.93873596,0,0.99835664
40,2,3,1,3,1,0,30,0.0,0.0,0.84464574,0.0,0.7223872,0,0.86827993
31,2,3,3,4,1,1,24,0.0,0.0,0.9898396,0.0,0.9817555,0,0.9992506
24,1,6,1,1,1,1,60,0.0,0.0,0.82617295,0.0,0.9420066,0,0.99877924
50,2,3,1,0,1,1,40,1.0,0.0,0.66112244,0.0,0.63691396,0,0.8558407
35,0,7,1,4,1,1,61,1.0,1.0,0.48324132,0.0,0.5275213,1,0.068234704
34,0,1,1,5,1,1,45,1.0,1.0,0.2507792,1.0,0.15174222,1,0.00040652097
39,2,3,0,5,1,0,40,0.0,0.0,0.91148746,0.0,0.9760412,0,0.99909365
17,2,6,3,3,1,1,15,0.0,0.0,0.99999976,0.0,0.9907834,0,0.99936765
26,2,7,1,3,0,0,40,0.0,0.0,0.9176039,0.0,0.5805093,0,0.82504547
25,2,3,0,0,0,0,40,0.0,0.0,0.98911947,0.0,0.97903055,0,0.99922836
50,2,3,1,5,1,1,40,0.0,1.0,0.47667867,1.0,0.48146892,0,0.62211597
56,1,4,3,1,1,0,50,1.0,0.0,0.66949946,0.0,0.5466945,0,0.8132336
38,2,3,1,0,1,1,44,0.0,0.0,0.71529245,0.0,0.63690954,0,0.855979
37,2,7,1,0,1,1,45,0.0,0.0,0.5953212,0.0,0.56420743,0,0.7097215
39,2,7,1,5,0,0,50,1.0,0.0,0.51580334,1.0,0.24346149,1,0.35713732
18,2,3,3,3,1,1,10,0.0,0.0,0.9997462,0.0,0.99077004,0,0.99937433
60,2,6,1,0,1,1,45,0.0,0.0,0.75643724,0.0,0.8886386,0,0.87759626
55,2,3,4,3,1,0,40,0.0,0.0,0.91542417,0.0,0.9597828,0,0.98402715
19,2,3,3,4,1,1,25,0.0,0.0,0.9987827,0.0,0.98011243,0,0.9992575
53,2,4,3,2,1,0,54,1.0,1.0,0.49724007,1.0,0.4771282,1,0.1539853
43,2,3,0,0,1,1,45,0.0,0.0,0.93476367,0.0,0.9780996,0,0.9987324
39,2,3,1,5,1,1,40,1.0,0.0,0.5370375,0.0,0.5272527,0,0.8338734
24,3,1,1,5,1,1,40,1.0,1.0,0.4747039,0.0,0.5345476,0,0.74168754
34,2,7,1,2,1,1,40,1.0,0.0,0.51210505,1.0,0.43366766,1,0.05956704
20,2,3,3,4,1,1,40,0.0,0.0,0.9950201,0.0,0.9788909,0,0.9992243
36,2,0,1,0,1,1,35,0.0,0.0,0.65414053,0.0,0.8610786,0,0.8691363
21,2,7,3,4,1,0,16,0.0,0.0,0.99946654,0.0,0.9908627,0,0.9993686
47,3,0,1,5,1,1,50,1.0,1.0,0.3340664,1.0,0.49004287,1,0.014046076
43,3,3,0,0,1,1,35,0.0,0.0,0.96723205,0.0,0.97264093,0,0.9991155
44,3,3,1,0,0,1,42,0.0,0.0,0.8263733,0.0,0.63691205,0,0.85584056
17,2,6,3,2,1,1,20,0.0,0.0,0.9999989,0.0,0.9908873,0,0.99936885
59,2,3,3,5,1,1,40,0.0,0.0,0.7452146,0.0,0.8357482,0,0.9384791
35,2,1,0,3,1,1,40,0.0,0.0,0.77659523,0.0,0.9428134,0,0.9996531
51,2,3,1,0,0,1,40,0.0,0.0,0.7837989,0.0,0.6369114,0,0.85584056
49,2,4,1,4,0,1,40,0.0,1.0,0.29669368,0.0,0.709726,1,1.3507014e-05
41,2,3,1,5,1,0,40,0.0,0.0,0.5409696,0.0,0.5040061,0,0.7228057
57,0,3,0,5,1,0,40,0.0,0.0,0.81993145,0.0,0.94226044,0,0.99894506
39,2,7,0,5,1,0,35,0.0,0.0,0.927203,0.0,0.97527033,0,0.99943036
33,2,1,1,5,1,1,45,1.0,1.0,0.2798149,1.0,0.29842788,1,0.020865018
37,0,3,0,0,1,1,40,0.0,0.0,0.9473562,0.0,0.97370815,0,0.9991836
25,2,7,3,4,1,0,40,0.0,0.0,0.9935876,0.0,0.9775847,0,0.99922943
37,2,3,2,0,0,1,40,0.0,0.0,0.9912904,0.0,0.97876024,0,0.9992206
32,2,3,0,4,1,0,35,0.0,0.0,0.9862046,0.0,0.979135,0,0.9992354
27,2,3,3,0,0,1,40,0.0,0.0,0.98755926,0.0,0.98059523,0,0.99924505
26,2,1,3,3,1,1,40,0.0,0.0,0.90506446,0.0,0.9952206,0,0.9995759
47,1,7,0,1,0,0,35,0.0,0.0,0.9663332,0.0,0.92782277,0,0.99881685
18,2,6,3,4,0,0,24,0.0,0.0,0.9999325,0.0,0.9796553,0,0.9992524
52,3,3,1,0,1,1,60,0.0,0.0,0.67703396,0.0,0.6366483,0,0.8558097
32,2,6,1,0,1,1,40,0.0,0.0,0.9163003,0.0,0.9120696,0,0.9990368
37,2,3,1,4,0,1,40,1.0,0.0,0.8667236,0.0,0.8668475,0,0.88460344
59,2,1,1,5,1,1,60,1.0,1.0,0.14651227,1.0,0.2759608,1,3.7466273e-06
24,2,1,3,5,1,1,32,0.0,0.0,0.96767336,0.0,0.9996083,0,0.9995499
70,1,6,1,1,1,1,20,0.0,0.0,0.9371488,0.0,0.8850091,0,0.93146014
58,2,1,0,0,1,1,45,0.0,0.0,0.8231729,0.0,0.86449456,0,0.9559805
33,2,4,1,2,1,1,45,1.0,1.0,0.17909825,1.0,0.29119873,1,0.011992924
27,2,7,1,2,1,1,88,0.0,0.0,0.5926167,0.0,0.5919001,1,0.4632629
50,2,0,1,0,1,1,50,1.0,1.0,0.41779435,0.0,0.55565435,0,0.64698815
44,0,4,1,2,1,0,40,1.0,1.0,0.30585235,1.0,0.307652,1,0.004161813
38,3,3,1,5,1,1,99,0.0,0.0,0.61080027,1.0,0.47372764,1,0.023754893
30,2,1,3,2,1,1,45,1.0,0.0,0.7689723,0.0,0.85833704,0,0.913009
70,2,1,4,2,1,0,20,0.0,0.0,0.85514367,0.0,0.8689637,0,0.9984596
46,2,7,1,0,1,1,45,1.0,0.0,0.5476375,0.0,0.55599844,0,0.64712024
50,0,3,1,0,0,1,40,1.0,0.0,0.6825795,0.0,0.6369671,0,0.8558553
45,2,7,3,0,1,0,80,0.0,0.0,0.8791747,0.0,0.63587874,0,0.8575222
20,1,0,3,1,1,0,32,0.0,0.0,0.99521077,0.0,0.9908659,0,0.99936885
40,2,1,1,3,1,1,45,1.0,1.0,0.21615845,1.0,0.2138617,1,1.3859506e-05
73,3,1,1,0,1,1,30,0.0,0.0,0.69418275,0.0,0.55185914,0,0.771111
41,2,3,1,0,1,1,40,0.0,0.0,0.72370905,0.0,0.6379037,0,0.85585743
50,2,3,0,4,1,1,40,0.0,0.0,0.9446986,0.0,0.95597833,0,0.99843556
33,2,3,1,3,1,1,45,1.0,0.0,0.64349806,0.0,0.7377287,0,0.86493725
19,2,3,3,4,1,0,45,0.0,0.0,0.99703926,0.0,0.950185,0,0.9991721
53,0,2,1,2,1,1,50,1.0,1.0,0.18709177,1.0,0.10509449,1,3.2201857e-05
42,3,0,1,0,0,1,40,0.0,0.0,0.71331334,0.0,0.6369071,0,0.8558405
49,3,7,1,3,1,1,70,1.0,1.0,0.39103812,1.0,0.4974121,1,4.6405985e-06
39,2,3,1,0,1,1,40,1.0,0.0,0.73760223,0.0,0.68282413,0,0.86681145
48,2,3,1,3,1,1,50,0.0,1.0,0.46916848,0.0,0.5022241,0,0.66033554
40,2,1,0,5,1,0,20,0.0,0.0,0.8531457,0.0,0.93867713,0,0.9995215
40,0,4,0,2,1,0,20,0.0,0.0,0.8084629,0.0,0.9666057,0,0.99962926
24,2,4,3,5,1,1,90,0.0,0.0,0.7779906,1.0,0.4859038,0,0.8561786
39,2,0,1,0,1,1,40,0.0,0.0,0.50254756,0.0,0.636948,0,0.85582846
30,2,3,3,0,0,0,45,0.0,0.0,0.9855567,0.0,0.9280852,0,0.9988011
33,2,3,3,5,1,1,40,0.0,0.0,0.9426102,0.0,0.9793928,0,0.99925596
39,2,1,1,2,0,1,60,0.0,1.0,0.26130533,1.0,0.20834136,1,6.2283005e-05
63,2,0,0,5,1,1,40,1.0,0.0,0.7938235,0.0,0.9624397,0,0.99107987
36,2,7,3,4,1,1,45,0.0,0.0,0.93437755,0.0,0.94950074,0,0.9990107
23,2,7,3,0,1,1,40,0.0,0.0,0.9869767,0.0,0.9792097,0,0.9992361
51,2,1,1,2,1,1,50,1.0,1.0,0.20832187,1.0,0.15951538,1,1.3153875e-05
46,2,7,0,3,1,0,40,0.0,0.0,0.92847186,0.0,0.94493365,0,0.99897504
51,0,4,1,2,1,1,60,1.0,1.0,0.26192057,1.0,0.14320004,1,1.5361344e-05
23,2,6,3,0,1,0,40,0.0,0.0,0.997801,0.0,0.97870207,0,0.99922085
25,2,1,3,5,1,1,55,0.0,0.0,0.8690498,0.0,0.6807152,0,0.8644891
36,2,3,0,4,1,0,30,0.0,0.0,0.9834157,0.0,0.9767738,0,0.9990207
59,1,4,1,1,1,1,20,0.0,1.0,0.48047835,0.0,0.51703346,1,0.013308858
44,3,7,1,5,1,1,50,1.0,1.0,0.38865077,1.0,0.17605275,1,7.66286e-06
53,0,7,1,5,0,0,40,1.0,0.0,0.5278504,1.0,0.3925181,1,0.25813818
41,2,7,1,2,1,1,40,0.0,1.0,0.4292462,0.0,0.54735017,1,0.0027384963
53,3,4,1,3,1,1,65,1.0,1.0,0.14681447,1.0,0.12892556,1,1.4511598e-05
22,0,7,3,4,1,1,40,0.0,0.0,0.9925489,0.0,0.9677601,0,0.9996427
47,2,7,1,0,0,1,40,1.0,0.0,0.69497013,0.0,0.5583867,0,0.67799616
17,2,6,3,4,1,1,30,0.0,0.0,0.9999994,0.0,0.9793007,0,0.99924904
27,2,3,3,4,1,0,60,0.0,0.0,0.98133063,0.0,0.94660836,0,0.99838483
22,2,7,3,3,1,0,30,0.0,0.0,0.9984525,0.0,0.99094194,0,0.99946946
41,0,1,3,5,1,1,40,1.0,0.0,0.69975185,0.0,0.77523935,0,0.87128717
66,2,0,4,2,1,0,35,0.0,0.0,0.8728287,0.0,0.8218103,0,0.99593014
37,2,3,1,0,1,1,40,0.0,0.0,0.75252205,0.0,0.89029473,0,0.87185764
28,0,3,3,5,1,1,20,0.0,0.0,0.9908714,0.0,0.9602593,0,0.99958533
20,1,6,0,1,1,0,40,0.0,0.0,0.9928181,0.0,0.9800101,0,0.99925274
31,0,7,0,5,1,0,40,0.0,0.0,0.91359365,0.0,0.97379076,0,0.9995204
17,2,6,3,4,1,1,10,0.0,0.0,0.9999998,0.0,0.9861617,0,0.9993291
23,2,7,3,5,1,0,25,0.0,0.0,0.99634874,0.0,0.97774136,0,0.99952936
45,0,7,0,5,0,0,35,0.0,0.0,0.93935245,0.0,0.82773966,0,0.9994093
45,3,3,1,0,1,1,50,0.0,0.0,0.71377,0.0,0.636906,0,0.8558405
39,0,4,1,2,1,1,40,1.0,1.0,0.3346069,1.0,0.16717511,1,7.285705e-05
31,2,4,1,3,1,1,76,1.0,1.0,0.21561843,1.0,0.29326677,1,0.016153146
45,3,1,1,2,1,1,30,0.0,1.0,0.4274243,1.0,0.24686909,1,8.792166e-06
41,2,6,1,0,1,1,40,0.0,0.0,0.8825625,0.0,0.9421095,0,0.9987828
39,3,0,1,0,1,1,40,1.0,0.0,0.6216221,0.0,0.636921,0,0.85584074
46,2,6,0,4,1,1,25,0.0,0.0,0.99335074,0.0,0.9764711,0,0.9991109
63,2,1,1,3,1,1,40,1.0,1.0,0.25907946,1.0,0.33545178,1,5.2580126e-06
31,2,6,3,0,1,1,25,0.0,0.0,0.9966652,0.0,0.98228276,0,0.99923444
62,1,0,1,0,1,1,50,0.0,0.0,0.5094458,0.0,0.5979383,0,0.5654863
49,0,3,1,4,1,1,56,0.0,1.0,0.48287636,0.0,0.54164267,0,0.62368274
29,2,3,1,3,1,0,40,1.0,0.0,0.8704988,0.0,0.8270769,0,0.90051925
48,2,0,3,5,1,1,40,0.0,0.0,0.7568748,0.0,0.8849968,0,0.995937
48,2,0,1,2,1,1,45,0.0,1.0,0.30156058,0.0,0.5935974,1,0.0031441255
19,1,3,1,1,1,0,36,0.0,0.0,0.9610752,0.0,0.9321226,0,0.9989507
27,2,3,3,0,0,1,40,0.0,0.0,0.98755926,0.0,0.98059523,0,0.99924505
30,2,7,3,0,1,1,40,0.0,0.0,0.96589184,0.0,0.979079,0,0.9992298
29,2,1,3,3,1,0,45,0.0,0.0,0.92072535,0.0,0.95822126,0,0.9967616
28,1,6,3,1,1,0,38,0.0,0.0,0.99723184,0.0,0.978819,0,0.9992211
27,0,3,0,5,1,1,50,0.0,0.0,0.8419875,0.0,0.9902647,0,0.99945647
18,2,7,3,3,1,0,20,0.0,0.0,0.99977493,0.0,0.99032617,0,0.99949336
62,0,3,0,4,1,0,35,0.0,0.0,0.94059306,0.0,0.9432655,0,0.99759716
26,2,1,3,3,1,0,48,0.0,0.0,0.939878,0.0,0.9825512,0,0.9987558
35,2,3,3,0,1,0,40,0.0,0.0,0.97178924,0.0,0.9776299,0,0.9989548
52,2,6,1,0,1,1,30,1.0,0.0,0.9302899,0.0,0.9097647,0,0.9979382
28,0,3,1,4,1,1,40,0.0,0.0,0.79356897,0.0,0.93849045,0,0.90230805
43,3,3,1,5,1,1,35,1.0,0.0,0.59043086,0.0,0.6504768,0,0.8560807
29,2,7,1,5,1,1,40,0.0,0.0,0.6439401,0.0,0.77222335,0,0.755044
26,3,4,3,2,1,0,50,0.0,0.0,0.8895525,0.0,0.70210135,0,0.89603126
63,1,3,1,1,1,1,40,1.0,0.0,0.7005717,0.0,0.6953896,0,0.8670013
30,2,7,3,4,0,1,40,0.0,0.0,0.9848718,0.0,0.97954035,0,0.99925214
72,1,6,4,1,1,0,24,0.0,0.0,0.979226,0.0,0.8981433,0,0.9985343
26,2,1,3,3,1,0,40,0.0,0.0,0.96673095,0.0,0.9951412,0,0.99949396
34,2,3,1,4,1,1,40,0.0,0.0,0.77873147,0.0,0.88118374,0,0.9078648
20,2,7,3,0,1,1,20,0.0,0.0,0.9986151,0.0,0.9903192,0,0.9993736
38,3,5,1,2,1,1,45,1.0,1.0,0.074169636,1.0,0.15203393,1,0.00045000506
34,2,6,0,4,1,0,38,0.0,0.0,0.9916522,0.0,0.97874063,0,0.99922025
20,1,3,3,1,1,1,40,0.0,0.0,0.9951062,0.0,0.9800044,0,0.9992599
42,0,2,3,5,1,0,40,1.0,0.0,0.6268538,0.0,0.7792213,1,0.00023803688
50,3,1,1,3,1,1,8,0.0,0.0,0.744269,0.0,0.8793187,0,0.9980768
46,0,3,1,0,1,1,40,0.0,0.0,0.6741368,0.0,0.6369575,0,0.85584956
62,2,7,1,3,0,1,40,1.0,0.0,0.5858304,1.0,0.45533055,1,0.009750458
28,2,7,1,0,1,1,60,1.0,0.0,0.66334736,0.0,0.5997679,0,0.85546833
66,1,6,4,1,0,0,40,0.0,0.0,0.9813669,0.0,0.90660745,0,0.9984717
50,2,1,1,5,1,1,50,1.0,1.0,0.1791184,1.0,0.2887081,1,3.478205e-06
26,2,7,3,0,0,1,40,0.0,0.0,0.98569435,0.0,0.97923505,0,0.9992372
37,2,4,1,5,1,1,45,1.0,1.0,0.12595493,1.0,0.1779353,1,0.00044315442
35,2,3,1,0,1,1,40,0.0,0.0,0.76904327,0.0,0.8805417,0,0.8909434
20,2,7,3,4,1,1,30,0.0,0.0,0.9980418,0.0,0.9908932,0,0.9993698
51,2,6,1,3,1,1,40,1.0,0.0,0.7570687,0.0,0.82248735,0,0.9978004
48,2,3,1,0,1,1,40,0.0,0.0,0.67398167,0.0,0.6369239,0,0.85584086
45,2,4,1,2,1,1,55,1.0,1.0,0.13861775,1.0,0.24394089,1,2.1764667e-05
38,2,0,0,4,1,0,36,0.0,0.0,0.9707608,0.0,0.9776159,0,0.9990489
63,2,7,1,3,1,1,30,0.0,0.0,0.6497692,1.0,0.49361545,1,0.47569722
51,2,3,1,5,1,1,55,1.0,1.0,0.38789022,1.0,0.35249925,1,0.3955602
57,2,7,1,0,1,0,40,1.0,0.0,0.6594056,0.0,0.52570665,0,0.778996
26,2,3,3,4,1,1,40,0.0,0.0,0.9830707,0.0,0.97955394,0,0.9992501
40,2,7,1,0,1,1,40,0.0,0.0,0.6605561,0.0,0.62041175,0,0.85263884
58,0,6,0,4,1,0,40,0.0,0.0,0.975839,0.0,0.94734025,0,0.9984875
57,2,5,1,0,0,1,40,1.0,1.0,0.108427644,1.0,0.17999083,1,4.2740348e-07
58,2,3,0,4,1,0,25,0.0,0.0,0.97980064,0.0,0.9369313,0,0.9985493
18,2,3,3,2,1,1,30,0.0,0.0,0.99726164,0.0,0.9910163,0,0.99938893
55,0,4,1,2,1,0,40,0.0,1.0,0.28182673,1.0,0.2686233,1,0.0070401654
25,2,3,3,0,0,1,40,0.0,0.0,0.9905883,0.0,0.98034114,0,0.9992482
22,2,3,3,4,1,0,40,0.0,0.0,0.99587125,0.0,0.9787503,0,0.9992211
39,2,5,3,2,1,0,35,1.0,0.0,0.59655505,0.0,0.57520926,0,0.8586536
32,2,0,3,0,1,1,44,0.0,0.0,0.92856944,0.0,0.93585205,0,0.99912804
27,2,6,3,0,1,1,50,0.0,0.0,0.98473996,0.0,0.97180414,0,0.999204
54,3,1,1,3,1,1,50,1.0,1.0,0.22406286,1.0,0.13199222,1,1.2532769e-05
57,0,7,4,5,1,0,40,0.0,0.0,0.8790629,0.0,0.66786236,0,0.9187828
58,0,2,3,5,1,0,43,1.0,1.0,0.43959445,1.0,0.3627442,1,4.422394e-06
25,2,7,1,0,1,1,40,0.0,0.0,0.8542379,0.0,0.83478975,0,0.8739602
43,2,7,0,4,1,1,30,0.0,0.0,0.95856637,0.0,0.97002196,0,0.9991904
52,2,7,1,3,1,1,40,0.0,1.0,0.44260758,0.0,0.5151984,1,0.012309856
41,2,1,1,5,0,1,50,0.0,1.0,0.24212229,1.0,0.21666527,1,1.1509109e-05
50,2,3,0,0,1,0,45,0.0,0.0,0.9431441,0.0,0.93467265,0,0.99843234
50,0,7,1,5,1,1,40,0.0,1.0,0.41860062,1.0,0.29429507,1,0.00017142927
59,0,3,0,5,1,0,38,0.0,0.0,0.87714815,0.0,0.94817835,0,0.9989171
23,0,7,3,4,1,1,40,0.0,0.0,0.99105614,0.0,0.96863425,0,0.99963427
19,2,3,3,3,1,1,50,0.0,0.0,0.9924845,0.0,0.9414829,0,0.99926037
40,2,3,1,3,1,1,60,1.0,1.0,0.49948692,0.0,0.50222886,0,0.66034484
55,2,0,1,2,1,0,20,0.0,1.0,0.38068855,1.0,0.44648868,0,0.70525944
22,2,7,3,0,1,0,35,0.0,0.0,0.99740523,0.0,0.9803022,0,0.9992649
50,0,1,1,2,1,0,40,1.0,1.0,0.2630679,1.0,0.354863,1,0.032387402
27,2,3,1,0,1,1,40,0.0,0.0,0.871626,0.0,0.8812948,0,0.90835494
47,2,7,1,0,1,1,55,1.0,0.0,0.5033461,0.0,0.51775575,0,0.6440515
35,2,3,1,3,1,1,40,1.0,0.0,0.6768041,0.0,0.8441865,0,0.88647544
85,2,3,4,3,1,1,35,0.0,0.0,0.9250582,0.0,0.92237765,0,0.9984188
56,2,3,3,5,1,0,38,0.0,0.0,0.86049294,0.0,0.9209646,0,0.99671125
61,2,3,0,5,1,0,40,0.0,0.0,0.892452,0.0,0.9590919,0,0.99457955
56,2,1,1,5,1,1,42,1.0,1.0,0.1819402,1.0,0.26266378,1,4.1092553e-06
30,1,3,3,1,1,1,30,0.0,0.0,0.98847246,0.0,0.98841393,0,0.99934083
63,3,4,1,0,1,1,50,0.0,1.0,0.25560766,1.0,0.46757823,1,0.00552358
21,2,7,3,3,1,1,12,0.0,0.0,0.998788,0.0,0.98878324,0,0.9996662
39,2,6,1,4,1,1,70,0.0,0.0,0.6959138,0.0,0.92030126,0,0.90135497
37,2,7,1,0,1,1,65,0.0,0.0,0.5451207,1.0,0.49976552,0,0.6649721
48,2,3,1,0,1,1,40,0.0,0.0,0.67398167,0.0,0.6369239,0,0.85584086
18,2,3,3,4,1,1,25,0.0,0.0,0.99928164,0.0,0.9805243,0,0.9992619
22,2,7,3,5,1,1,20,0.0,0.0,0.9962039,0.0,0.9850807,0,0.99967265
46,2,4,1,2,1,1,50,1.0,1.0,0.14171976,1.0,0.23797172,1,2.0914094e-05
23,2,1,3,0,1,1,40,0.0,0.0,0.97415924,0.0,0.99093425,0,0.9993773
41,2,0,1,3,1,1,60,1.0,1.0,0.38164663,1.0,0.45373517,1,0.001234538
40,2,6,1,5,1,1,40,1.0,0.0,0.7441418,0.0,0.9422863,0,0.99877757
36,0,3,0,5,1,0,40,0.0,0.0,0.8345978,0.0,0.9824397,0,0.9993092
44,3,1,3,3,1,1,50,1.0,0.0,0.59466624,0.0,0.52004504,0,0.6243349
51,2,7,4,2,1,0,40,0.0,0.0,0.86030257,0.0,0.9660908,0,0.9351009
62,0,1,1,2,1,0,40,0.0,1.0,0.27106017,1.0,0.36587304,1,0.028047489
56,2,3,4,4,1,0,40,0.0,0.0,0.95576066,0.0,0.91644084,0,0.9971577
26,1,3,3,1,0,0,40,0.0,0.0,0.9930816,0.0,0.9788061,0,0.9992213
26,2,3,3,4,1,1,40,0.0,0.0,0.9830707,0.0,0.97955394,0,0.9992501
31,2,1,1,4,1,1,43,1.0,1.0,0.4036777,1.0,0.3942755,1,0.0630645
44,3,7,1,5,1,1,50,1.0,1.0,0.38865077,1.0,0.17605275,1,7.66286e-06
25,2,1,3,2,1,0,40,0.0,0.0,0.9460847,0.0,0.951576,0,0.9995895
61,2,3,1,4,0,1,40,0.0,0.0,0.8191098,0.0,0.63662827,0,0.85580724
31,2,6,1,0,1,0,42,0.0,0.0,0.87264967,0.0,0.9422732,0,0.99877626
41,0,1,2,2,0,0,40,0.0,0.0,0.9396152,0.0,0.9320692,0,0.999561
23,2,3,3,0,1,1,40,0.0,0.0,0.98917454,0.0,0.98004127,0,0.9992508
62,2,6,1,0,1,1,40,0.0,0.0,0.8370853,0.0,0.9137616,0,0.8956246
43,3,3,1,0,1,1,45,0.0,0.0,0.73042727,0.0,0.63690835,0,0.85584056
25,3,1,3,5,0,0,20,0.0,0.0,0.99147636,0.0,0.986106,0,0.99963856
25,2,7,3,5,0,1,40,0.0,0.0,0.9825245,0.0,0.9341767,0,0.9995159
23,2,7,3,5,1,1,45,0.0,0.0,0.9692592,0.0,0.97580075,0,0.99885523
27,2,3,1,3,1,1,45,0.0,0.0,0.76987463,0.0,0.76657265,0,0.878477
34,0,7,3,0,1,1,40,0.0,0.0,0.9767696,0.0,0.9832467,0,0.9994229
21,2,1,3,3,1,1,30,0.0,0.0,0.9890335,0.0,0.9664561,0,0.9995678
27,2,7,1,0,1,1,45,0.0,0.0,0.75206506,0.0,0.7914475,0,0.8637038
50,2,7,0,2,1,0,40,0.0,0.0,0.8455449,0.0,0.9223323,0,0.9991302
45,0,2,1,2,1,1,40,1.0,1.0,0.2241131,1.0,0.18761832,1,0.00017837348
59,0,0,0,2,1,0,50,0.0,0.0,0.8784659,0.0,0.8490447,0,0.98197305
54,1,3,0,1,1,0,25,0.0,0.0,0.956047,0.0,0.9256549,0,0.998801
40,2,7,1,0,1,1,52,0.0,0.0,0.53935134,0.0,0.502296,0,0.66033024
34,2,7,1,0,1,1,40,0.0,0.0,0.699442,0.0,0.7605884,0,0.85904264
65,2,3,1,5,1,1,40,1.0,1.0,0.48106188,0.0,0.58663416,0,0.569416
17,2,6,3,4,1,1,16,0.0,0.0,0.9999997,0.0,0.9808276,0,0.999275
37,0,1,1,2,1,0,50,1.0,1.0,0.31748104,1.0,0.19777,1,0.005957843
43,1,1,1,1,1,1,40,0.0,1.0,0.4546767,1.0,0.49797273,1,0.0072387075
26,2,1,3,3,1,0,55,0.0,0.0,0.9271808,0.0,0.80727834,0,0.88993424
44,3,1,1,5,0,1,48,1.0,1.0,0.30335575,1.0,0.18274862,1,1.2871319e-05
17,2,6,3,3,1,0,18,0.0,0.0,0.9999999,0.0,0.9887917,0,0.9993498
24,2,7,3,4,1,0,20,0.0,0.0,0.99872077,0.0,0.9885304,0,0.9993475
33,2,6,1,0,1,1,50,0.0,0.0,0.82124335,0.0,0.9421089,0,0.9987658
44,2,3,1,3,1,1,60,0.0,1.0,0.4736976,0.0,0.55647075,0,0.6236306
24,2,0,3,4,0,0,40,0.0,0.0,0.99447453,0.0,0.9776521,0,0.9992181
23,2,6,3,0,1,1,55,0.0,0.0,0.99024427,0.0,0.9701722,0,0.99920064
33,2,3,1,0,1,0,40,0.0,0.0,0.8333226,0.0,0.7098379,0,0.8673184
45,3,2,1,2,1,1,60,1.0,1.0,0.16058409,1.0,0.15304679,1,8.7336935e-05
43,2,7,0,0,1,1,40,0.0,0.0,0.92413324,0.0,0.97907466,0,0.9989795
22,2,3,3,5,1,0,10,0.0,0.0,0.9979503,0.0,0.9909106,0,0.9993722
39,2,3,1,5,1,1,40,1.0,0.0,0.5370375,0.0,0.5272527,0,0.8338734
40,0,1,0,4,1,0,40,1.0,0.0,0.8474279,0.0,0.8687552,0,0.9994604
44,0,0,3,0,1,1,44,0.0,0.0,0.912952,0.0,0.9412262,0,0.99843067
35,2,1,3,2,1,1,40,0.0,0.0,0.7479036,0.0,0.70901597,0,0.9988416
28,2,3,1,5,1,1,40,0.0,0.0,0.71492505,0.0,0.80313665,0,0.8829445
37,3,3,1,0,1,1,40,0.0,0.0,0.7888966,0.0,0.8113036,0,0.8683379
28,2,3,3,0,1,1,30,0.0,0.0,0.9872701,0.0,0.983433,0,0.99923635
58,2,0,0,5,1,0,60,0.0,0.0,0.83652604,0.0,0.7964963,0,0.87340355
22,2,3,3,4,1,1,40,0.0,0.0,0.9916003,0.0,0.97912884,0,0.9992323
59,2,1,3,0,1,1,50,0.0,0.0,0.6425395,0.0,0.5850849,0,0.83992004
45,2,7,1,5,1,0,40,0.0,1.0,0.41710448,1.0,0.2456541,1,0.36257222
61,2,0,1,5,1,1,40,0.0,1.0,0.31356484,1.0,0.48939824,1,0.03245464
44,2,1,0,3,1,0,35,0.0,0.0,0.88428265,0.0,0.8114307,0,0.9994425
46,3,1,0,5,1,0,50,0.0,0.0,0.6881268,0.0,0.77335584,0,0.894696
30,2,3,1,0,1,1,50,0.0,0.0,0.77502346,0.0,0.8567686,0,0.86751807
34,2,3,3,4,0,0,40,0.0,0.0,0.9876338,0.0,0.9779904,0,0.99918765
51,3,0,2,3,0,1,30,0.0,0.0,0.98297495,0.0,0.9390274,0,0.9993542
59,2,0,1,0,1,1,20,1.0,0.0,0.6031293,0.0,0.777954,0,0.875477
39,0,1,3,2,1,0,60,0.0,0.0,0.79577756,0.0,0.638045,1,0.44223306
69,2,3,3,0,1,1,40,1.0,0.0,0.8376191,0.0,0.9175127,0,0.9774156
56,2,4,1,5,1,0,50,0.0,1.0,0.16357535,0.0,0.5656645,1,0.0045506386
37,2,3,1,5,1,1,40,0.0,0.0,0.55146515,0.0,0.5179827,0,0.84201974
24,2,6,0,0,1,0,58,0.0,0.0,0.9790896,0.0,0.97615457,0,0.99921274
55,3,1,1,5,1,1,40,1.0,1.0,0.27438003,1.0,0.4458816,1,5.3397644e-06
45,2,7,0,0,1,1,50,0.0,0.0,0.8915999,0.0,0.8111322,0,0.9978654
38,0,4,1,5,1,1,60,1.0,1.0,0.23025161,1.0,0.21225208,1,2.9499563e-05
45,2,0,0,5,1,1,50,0.0,0.0,0.7859046,0.0,0.7180604,0,0.8991618
28,1,7,3,1,0,0,40,0.0,0.0,0.9862428,0.0,0.9791188,0,0.9992318
27,3,7,1,4,1,0,50,0.0,0.0,0.60486543,0.0,0.73098344,0,0.8633474
38,0,0,3,2,1,1,40,0.0,0.0,0.9258479,0.0,0.9428223,0,0.9996138
35,2,3,3,3,1,1,40,1.0,0.0,0.94164646,0.0,0.979397,0,0.99924856
25,2,3,1,0,1,1,40,0.0,0.0,0.895826,0.0,0.8833736,0,0.90789014
52,2,0,1,4,1,1,40,1.0,1.0,0.45137262,0.0,0.5549835,0,0.5989952
58,3,3,0,3,1,1,50,0.0,0.0,0.87219155,0.0,0.9372923,0,0.98133266
34,2,3,1,0,1,1,40,0.0,0.0,0.7777099,0.0,0.8846189,0,0.9028459
18,2,7,3,2,1,0,40,0.0,0.0,0.99755526,0.0,0.9876642,0,0.9995983
44,2,1,0,5,1,0,45,0.0,0.0,0.7337876,0.0,0.7515445,0,0.96579826
37,2,0,1,3,1,1,40,0.0,0.0,0.56101316,1.0,0.2428217,1,0.13038418
33,2,0,1,2,1,1,50,0.0,1.0,0.45619434,1.0,0.3140871,1,0.066680044
25,2,1,3,5,1,1,40,0.0,0.0,0.92078876,0.0,0.9303045,0,0.999228
30,2,7,3,5,1,0,30,0.0,0.0,0.98801386,0.0,0.9909042,0,0.9994609
19,1,6,1,1,1,0,40,1.0,0.0,0.9810781,0.0,0.91898304,0,0.9991543
45,3,5,1,2,1,1,43,1.0,1.0,0.07222259,1.0,0.15510482,1,0.00011387204
23,2,7,3,3,1,0,35,0.0,0.0,0.9976002,0.0,0.9910558,0,0.9994665
21,2,7,3,5,1,1,40,0.0,0.0,0.9871514,0.0,0.94755673,0,0.9995536
44,0,1,4,5,1,0,40,1.0,0.0,0.72081923,0.0,0.57493544,0,0.9198361
29,3,6,1,0,1,1,72,0.0,0.0,0.8661392,0.0,0.95444375,0,0.9197319
46,2,7,1,0,1,1,40,0.0,0.0,0.6325588,0.0,0.55818105,0,0.67467815
35,0,3,1,0,1,1,40,0.0,0.0,0.74506605,0.0,0.7775563,0,0.8682095
20,2,3,3,0,0,1,40,0.0,0.0,0.9967097,0.0,0.97973067,0,0.9992518
25,2,0,0,5,0,0,45,0.0,0.0,0.94315255,0.0,0.9306495,0,0.9990854
26,2,1,1,2,1,0,45,1.0,1.0,0.4865967,1.0,0.27920818,1,0.10735517
24,2,1,3,5,1,0,40,0.0,0.0,0.96391726,0.0,0.97543734,0,0.99934536
27,2,3,1,0,1,1,99,0.0,0.0,0.75123066,1.0,0.46301073,0,0.8329073
55,2,3,1,5,0,1,55,0.0,1.0,0.4953795,1.0,0.44511628,1,0.45014992
35,2,3,1,0,1,1,40,0.0,0.0,0.76904327,0.0,0.8805417,0,0.8909434
64,0,7,1,5,1,0,40,1.0,1.0,0.44767004,1.0,0.37286013,1,0.27239436
33,2,1,2,2,1,1,35,0.0,0.0,0.9263159,0.0,0.9697629,0,0.99968326
18,2,6,3,3,1,1,13,0.0,0.0,0.9999021,0.0,0.9880968,0,0.9993425
30,2,7,2,0,1,1,20,0.0,0.0,0.99675226,0.0,0.9866731,0,0.9994029
41,0,0,0,2,1,0,40,0.0,0.0,0.89015573,0.0,0.9396391,0,0.9995584
28,2,3,3,0,1,1,35,0.0,0.0,0.9849924,0.0,0.9822737,0,0.99923956
27,2,1,3,4,0,0,40,0.0,0.0,0.9856575,0.0,0.9911213,0,0.9994455
45,2,4,1,4,1,1,18,1.0,1.0,0.47687143,1.0,0.38778788,1,0.0020711839
38,2,1,1,5,1,1,55,1.0,1.0,0.20928663,1.0,0.20852119,1,1.1688431e-05
26,2,6,3,0,1,1,40,0.0,0.0,0.99315464,0.0,0.97903466,0,0.9992279
28,2,7,1,0,1,1,50,1.0,0.0,0.70363975,0.0,0.74358004,0,0.8594681
41,2,5,1,2,1,1,45,1.0,1.0,0.05893272,1.0,0.15437692,1,0.00010244648
57,2,2,1,2,0,1,40,1.0,1.0,0.16656762,1.0,0.10492462,1,2.9537425e-05
20,2,3,3,5,1,0,40,0.0,0.0,0.99481773,0.0,0.98027134,0,0.99937856
38,2,1,1,5,1,1,40,1.0,1.0,0.24994284,1.0,0.20513254,1,3.2155025e-05
25,2,3,3,5,1,1,45,0.0,0.0,0.9701956,0.0,0.95303416,0,0.99896705
31,1,3,4,1,1,0,36,0.0,0.0,0.9344074,0.0,0.97832984,0,0.9992236
25,2,7,1,3,1,1,40,1.0,0.0,0.80903274,0.0,0.65472597,0,0.8175782
49,0,7,1,0,1,1,40,0.0,0.0,0.71537435,0.0,0.61014044,0,0.7027513
39,2,6,3,4,1,1,40,0.0,0.0,0.9815676,0.0,0.97861856,0,0.9992204
23,2,3,3,5,1,0,40,0.0,0.0,0.9891935,0.0,0.98019683,0,0.9993782
61,0,7,1,5,1,0,30,0.0,0.0,0.5762844,1.0,0.46210247,0,0.51902765
48,3,6,1,0,1,1,40,0.0,0.0,0.90409744,0.0,0.92188585,0,0.9982368
19,2,3,3,2,1,1,30,0.0,0.0,0.99543595,0.0,0.99097043,0,0.99938023
52,2,6,1,0,1,1,40,0.0,0.0,0.8521984,0.0,0.8974318,0,0.9979436
43,2,3,1,0,1,1,40,0.0,0.0,0.70952773,0.0,0.6369934,0,0.8558419
49,2,3,1,0,1,1,40,1.0,0.0,0.6678808,0.0,0.6369151,0,0.8558407
32,2,3,1,4,1,1,40,0.0,0.0,0.81166613,0.0,0.8739501,0,0.90905434
49,2,6,0,4,1,0,35,0.0,0.0,0.9901872,0.0,0.9767091,0,0.9990087
47,2,7,3,5,1,0,40,0.0,0.0,0.90008783,0.0,0.89640784,0,0.92239946
47,3,1,1,5,1,1,50,1.0,1.0,0.20748782,1.0,0.15655708,1,1.27682815e-05
57,0,3,0,4,1,0,40,0.0,0.0,0.9089568,0.0,0.9426556,0,0.99757904
53,2,3,1,0,1,1,40,0.0,0.0,0.6414137,0.0,0.6369066,0,0.8558405
39,2,0,1,4,0,1,40,0.0,0.0,0.7264223,0.0,0.5682226,0,0.8242815
61,2,6,1,0,1,1,40,0.0,0.0,0.8365391,0.0,0.92443097,0,0.9025736
47,2,3,3,5,1,0,40,0.0,0.0,0.8746793,0.0,0.87134933,0,0.9976203
18,2,7,3,4,1,1,37,0.0,0.0,0.99884963,0.0,0.99090075,0,0.99937075
46,0,1,1,2,1,0,70,0.0,1.0,0.29269326,0.0,0.57846063,1,0.0011089959
33,2,7,1,2,1,1,40,0.0,0.0,0.53706926,0.0,0.72436875,1,0.3016826
46,2,7,1,0,0,1,40,1.0,0.0,0.69797266,0.0,0.55818105,0,0.67467815
44,0,7,1,0,1,1,40,0.0,0.0,0.7410061,0.0,0.65103304,0,0.7437408
47,0,0,1,5,1,1,40,1.0,1.0,0.34707212,1.0,0.36662954,1,0.00036444323
49,2,6,1,0,1,1,50,0.0,0.0,0.76045406,0.0,0.9027358,0,0.8932731
74,2,6,1,0,0,1,20,0.0,0.0,0.9575065,0.0,0.9107786,0,0.8934155
26,2,3,1,0,1,1,40,0.0,0.0,0.8838635,0.0,0.88206965,0,0.90813124
38,2,3,3,3,1,0,33,0.0,0.0,0.97871315,0.0,0.97710514,0,0.9991159
60,2,6,0,4,1,1,40,0.0,0.0,0.97550356,0.0,0.96379924,0,0.9984634
26,0,7,1,4,1,1,55,1.0,0.0,0.66950154,0.0,0.6366571,0,0.6714053
23,2,1,3,5,1,0,40,0.0,0.0,0.9701915,0.0,0.97508246,0,0.9993992
35,2,3,0,0,1,1,25,0.0,0.0,0.9785348,0.0,0.9858294,0,0.99936527
22,2,3,3,3,1,1,20,0.0,0.0,0.99763966,0.0,0.99088955,0,0.9993692
19,2,7,3,0,1,1,20,0.0,0.0,0.9990671,0.0,0.9888616,0,0.9993968
30,0,7,3,2,1,1,40,0.0,0.0,0.9671085,0.0,0.98642105,0,0.9996613
66,3,6,1,3,1,1,30,0.0,0.0,0.9043995,0.0,0.88623613,0,0.9306961
54,2,4,1,2,1,1,60,0.0,1.0,0.13552088,1.0,0.1526553,1,1.5166289e-05
29,2,5,0,2,1,0,72,0.0,1.0,0.34061646,0.0,0.69239044,1,0.46249175
44,2,1,1,0,1,1,40,1.0,1.0,0.43466687,1.0,0.48995185,1,0.4993884
33,2,4,1,5,1,1,45,1.0,1.0,0.1606912,1.0,0.29466993,1,0.015906295
58,2,3,1,5,1,0,40,1.0,0.0,0.510389,1.0,0.49923408,0,0.6153146
19,1,7,3,1,1,1,30,0.0,0.0,0.9976959,0.0,0.98402107,0,0.9994554
19,2,7,3,3,1,1,35,0.0,0.0,0.9978943,0.0,0.9872918,0,0.9996712
45,2,3,1,0,1,1,60,1.0,0.0,0.63463116,0.0,0.5971645,0,0.8463299
27,2,7,3,4,1,0,40,0.0,0.0,0.9918225,0.0,0.9772272,0,0.99921954
20,2,7,3,3,1,1,40,0.0,0.0,0.9929714,0.0,0.98220044,0,0.9996772
42,3,3,1,0,1,1,45,0.0,0.0,0.7352613,0.0,0.6369134,0,0.8558407
20,1,6,1,1,1,0,39,0.0,0.0,0.9835525,0.0,0.9724103,0,0.999203
31,2,3,3,3,1,1,40,0.0,0.0,0.9619449,0.0,0.9860329,0,0.9993237
38,2,1,2,2,1,1,40,0.0,0.0,0.8084601,0.0,0.9932096,0,0.99953806
50,2,3,0,3,1,0,65,0.0,0.0,0.9056409,0.0,0.76658916,0,0.91505283
61,2,7,1,0,1,1,40,0.0,0.0,0.5989256,0.0,0.6007921,0,0.683083
36,0,4,0,2,1,1,30,0.0,0.0,0.78935677,0.0,0.95055217,0,0.99953485
52,1,3,0,1,1,1,45,1.0,0.0,0.87144995,0.0,0.9017567,0,0.99852765
51,1,6,1,1,0,1,8,0.0,0.0,0.9831522,0.0,0.9772189,0,0.99868923
43,2,7,0,2,0,0,40,0.0,0.0,0.88734317,0.0,0.880381,0,0.9994529
35,0,1,2,5,1,1,42,0.0,0.0,0.82671255,0.0,0.7724167,0,0.8833201
34,2,7,1,5,1,0,40,1.0,0.0,0.54311895,1.0,0.42042398,0,0.51114434
25,2,1,3,2,1,0,40,0.0,0.0,0.9460847,0.0,0.951576,0,0.9995895
26,2,1,3,2,1,0,40,1.0,0.0,0.9387176,0.0,0.954818,0,0.9995363
38,3,7,1,5,1,0,45,0.0,1.0,0.3059826,1.0,0.3714488,1,0.44137236
32,2,3,3,0,1,1,40,0.0,0.0,0.96072525,0.0,0.98124593,0,0.99922776
34,2,1,0,5,1,1,85,1.0,0.0,0.65852165,1.0,0.33073008,0,0.65259933
56,0,4,1,2,1,1,35,1.0,1.0,0.35601133,1.0,0.25021476,1,4.8060825e-05
36,2,0,3,4,0,1,40,1.0,0.0,0.9744705,0.0,0.97896427,0,0.99922657
20,2,7,2,4,1,0,30,0.0,0.0,0.9991322,0.0,0.989527,0,0.99935764
58,2,3,1,0,1,1,60,1.0,0.0,0.5659665,0.0,0.5894519,0,0.7320486
62,2,3,1,2,1,1,40,1.0,1.0,0.41968286,0.0,0.539891,0,0.61983794
20,0,7,3,4,1,0,20,0.0,0.0,0.9995129,0.0,0.9625973,0,0.9995521
25,2,6,3,0,1,1,40,0.0,0.0,0.9940788,0.0,0.9791064,0,0.99923
29,2,1,1,3,1,1,55,0.0,1.0,0.3606122,1.0,0.4628623,1,0.0809261
27,2,1,1,3,1,1,55,0.0,1.0,0.4065082,0.0,0.5739225,1,0.276986
54,2,6,1,0,1,1,40,0.0,0.0,0.8480666,0.0,0.91493946,0,0.99732566
25,2,1,3,5,1,0,40,0.0,0.0,0.9577615,0.0,0.98250425,0,0.9991704
24,0,1,3,2,1,0,20,0.0,0.0,0.9894166,0.0,0.97624576,0,0.9996718
70,1,0,4,1,1,0,35,0.0,0.0,0.934364,0.0,0.9162273,0,0.99798286
19,2,7,3,4,1,1,25,0.0,0.0,0.99888647,0.0,0.9908864,0,0.99937433
37,2,3,0,0,1,1,50,0.0,0.0,0.9388609,0.0,0.97299224,0,0.9989448
28,2,3,1,0,1,1,40,0.0,0.0,0.85827374,0.0,0.88115406,0,0.9083622
51,0,3,0,5,1,0,8,0.0,0.0,0.9490063,0.0,0.909652,0,0.9992347
45,2,3,0,5,1,0,40,0.0,0.0,0.8986871,0.0,0.9759714,0,0.9989268
56,2,3,2,0,1,1,40,0.0,0.0,0.9667037,0.0,0.9066765,0,0.99847597
21,2,7,3,3,1,1,35,0.0,0.0,0.99554145,0.0,0.9879277,0,0.99967015
28,2,6,1,0,1,1,42,0.0,0.0,0.8797349,0.0,0.93141806,0,0.99887305
41,0,7,1,5,0,1,40,0.0,0.0,0.55014336,0.0,0.5557322,1,0.00028789465
38,0,2,1,2,1,0,40,1.0,1.0,0.21063274,1.0,0.22149765,1,1.188592e-05
35,2,3,1,0,1,1,40,1.0,0.0,0.76904327,0.0,0.8805417,0,0.8909434
23,2,6,3,4,1,0,40,0.0,0.0,0.99888754,0.0,0.9787171,0,0.99922097
58,2,1,3,2,1,0,62,0.0,0.0,0.5224595,0.0,0.56338894,1,0.45975327
67,1,3,1,1,0,1,20,0.0,0.0,0.9324623,0.0,0.7797595,0,0.88305867
23,3,3,3,0,1,1,40,0.0,0.0,0.99287385,0.0,0.9829759,0,0.9992291
48,3,7,3,4,1,1,40,0.0,0.0,0.91865486,0.0,0.89744955,0,0.99852115
44,2,7,2,4,1,0,38,0.0,0.0,0.9804118,0.0,0.96814847,0,0.9988638
38,2,3,2,0,1,0,35,0.0,0.0,0.9889025,0.0,0.9774986,0,0.99899286
61,2,6,1,0,1,1,54,0.0,0.0,0.7287039,0.0,0.8800894,0,0.8728984
30,2,3,0,4,1,0,32,0.0,0.0,0.9888163,0.0,0.9793317,0,0.99925774
39,1,6,3,1,0,0,40,0.0,0.0,0.9952276,0.0,0.9757277,0,0.99908984
29,2,3,3,0,1,1,40,0.0,0.0,0.9721936,0.0,0.98070955,0,0.9992423
53,2,1,1,5,0,1,40,1.0,1.0,0.29152876,1.0,0.2697593,1,4.350743e-06
27,2,3,3,3,1,1,40,0.0,0.0,0.97749203,0.0,0.990607,0,0.99936587
20,0,7,3,4,1,1,40,0.0,0.0,0.99518883,0.0,0.9690607,0,0.9996575
30,2,1,3,3,1,0,65,0.0,0.0,0.8742639,0.0,0.60238326,0,0.8597398
31,2,3,1,0,1,1,40,0.0,0.0,0.8111576,0.0,0.88446635,0,0.90845007
26,2,7,3,0,0,1,44,0.0,0.0,0.97666574,0.0,0.94759595,0,0.99916625
19,0,7,3,5,1,1,15,0.0,0.0,0.99928755,0.0,0.9843591,0,0.99964213
39,2,1,1,5,1,1,40,1.0,1.0,0.24633569,1.0,0.23329246,1,1.6533157e-05
34,1,6,2,1,0,0,40,0.0,0.0,0.9968203,0.0,0.9784139,0,0.9992065
22,2,7,3,0,1,1,30,0.0,0.0,0.9963729,0.0,0.98265857,0,0.9992778
36,1,0,0,1,1,1,50,0.0,0.0,0.8156363,0.0,0.97694606,0,0.999126
21,2,7,3,3,1,0,55,0.0,0.0,0.98829085,0.0,0.9528834,0,0.9984837
25,2,1,3,0,1,1,40,0.0,0.0,0.9642623,0.0,0.9909697,0,0.99938154
40,2,3,3,0,0,1,40,0.0,0.0,0.95894444,0.0,0.97846603,0,0.9992065
53,2,1,1,2,1,1,40,1.0,1.0,0.25133252,1.0,0.19443637,1,1.2139293e-05
32,2,3,1,4,1,1,54,0.0,0.0,0.7169279,0.0,0.87420934,0,0.86474514
38,3,3,1,0,1,1,40,1.0,0.0,0.78396285,0.0,0.71985805,0,0.86737937
22,2,3,3,0,1,1,40,0.0,0.0,0.991375,0.0,0.9799272,0,0.99925154
39,0,7,1,5,1,1,40,1.0,1.0,0.4915952,0.0,0.63150597,1,0.0017973508
48,2,3,1,5,1,0,40,0.0,0.0,0.5236719,1.0,0.4911673,0,0.6480338
26,2,3,1,0,1,1,48,0.0,0.0,0.84388006,0.0,0.8138709,0,0.87290806
24,2,7,3,5,1,0,30,0.0,0.0,0.9947084,0.0,0.9794447,0,0.99951935
23,2,1,3,5,1,1,40,0.0,0.0,0.94129103,0.0,0.8962598,0,0.99922335
32,0,0,0,5,0,0,40,0.0,0.0,0.927256,0.0,0.9717127,0,0.999511
35,2,7,1,0,1,1,40,0.0,0.0,0.6879552,0.0,0.669696,0,0.8582802
40,2,1,3,4,1,1,37,0.0,0.0,0.8754266,0.0,0.9633892,0,0.9994885
25,2,7,2,5,1,0,40,0.0,0.0,0.9838877,0.0,0.9910085,0,0.9993944
33,0,2,1,2,1,0,48,1.0,1.0,0.20147473,1.0,0.20068055,1,2.0360116e-05
43,0,4,0,2,1,0,40,0.0,0.0,0.7311901,0.0,0.9385466,0,0.99955744
44,2,7,0,0,1,1,42,0.0,0.0,0.90344924,0.0,0.96287096,0,0.9984419
41,2,3,0,0,1,1,48,0.0,0.0,0.93617713,0.0,0.97942036,0,0.99882203
37,3,1,1,3,1,0,50,0.0,1.0,0.31662703,1.0,0.3381197,1,0.10099736
43,3,1,3,3,1,1,45,0.0,0.0,0.63260245,0.0,0.68987703,0,0.9991447
29,0,0,1,4,1,1,40,1.0,0.0,0.67985964,0.0,0.89186305,0,0.8572353
23,2,6,3,3,1,0,25,0.0,0.0,0.9995303,0.0,0.9795149,0,0.99925596
65,2,1,1,5,1,1,34,0.0,1.0,0.3949477,1.0,0.20425129,1,1.4868461e-06
51,0,4,1,2,1,1,80,1.0,1.0,0.26490724,1.0,0.14190239,1,1.4921909e-05
34,2,3,0,0,1,1,35,0.0,0.0,0.97403055,0.0,0.98676825,0,0.9993799
44,3,1,0,0,1,1,40,0.0,0.0,0.9064191,0.0,0.9571369,0,0.99864453
34,2,1,3,3,1,1,45,0.0,0.0,0.709048,0.0,0.9210522,0,0.95179015
58,2,1,4,5,1,0,40,0.0,0.0,0.72300184,0.0,0.52885187,0,0.85873985
45,2,1,1,5,1,1,72,1.0,1.0,0.16774595,1.0,0.27293605,1,4.144744e-06
61,1,3,1,1,1,1,40,1.0,0.0,0.69628,0.0,0.6926199,0,0.86702085
34,3,3,1,0,1,1,90,0.0,0.0,0.7430122,0.0,0.6281642,0,0.8577083
31,2,7,3,0,1,0,25,0.0,0.0,0.99357504,0.0,0.9793844,0,0.9992455
29,2,0,1,5,1,1,40,0.0,0.0,0.5994477,0.0,0.55144966,0,0.76676273
65,2,7,1,5,1,1,40,0.0,1.0,0.38819915,1.0,0.48457474,1,0.008269474
33,2,7,3,5,1,0,50,0.0,0.0,0.9183134,0.0,0.8345513,0,0.8841501
26,2,3,2,4,1,0,40,0.0,0.0,0.99446493,0.0,0.97874504,0,0.9992211
33,0,7,1,4,1,0,40,0.0,0.0,0.65674186,0.0,0.5489875,0,0.65194017
21,2,3,3,0,1,0,30,0.0,0.0,0.99805826,0.0,0.98015046,0,0.9992505
50,2,3,1,0,1,1,40,1.0,0.0,0.66112244,0.0,0.63691396,0,0.8558407
27,2,0,3,2,1,1,40,0.0,0.0,0.9499238,0.0,0.9870918,0,0.9996561
51,2,6,2,0,0,0,40,0.0,0.0,0.9966304,0.0,0.97345,0,0.9988562
39,2,3,0,5,0,0,40,0.0,0.0,0.94289637,0.0,0.9760412,0,0.99909365
31,2,3,0,5,1,1,50,0.0,0.0,0.8741517,0.0,0.9431989,0,0.99920803
23,0,7,3,2,1,0,6,0.0,0.0,0.99887,0.0,0.9821842,0,0.99971133
19,2,7,3,0,1,1,50,0.0,0.0,0.9908065,0.0,0.9427766,0,0.998941
42,3,1,1,2,1,1,40,1.0,1.0,0.3369434,1.0,0.22471762,1,1.8884872e-05
21,2,7,3,0,0,1,10,0.0,0.0,0.9991525,0.0,0.9886186,0,0.99942374
27,2,3,3,0,0,0,40,0.0,0.0,0.9922752,0.0,0.9786352,0,0.99921906
23,2,6,3,4,1,0,30,0.0,0.0,0.9995811,0.0,0.9795231,0,0.99924797
23,2,1,3,5,1,1,30,0.0,0.0,0.97568613,0.0,0.9996102,0,0.999556
36,2,3,3,3,1,0,40,0.0,0.0,0.96369034,0.0,0.9781152,0,0.99919564
29,2,7,3,4,1,0,18,0.0,0.0,0.9980826,0.0,0.98041546,0,0.9992661
60,2,3,4,4,0,0,40,0.0,0.0,0.9759963,0.0,0.9390446,0,0.9853308
25,2,0,0,5,1,0,40,0.0,0.0,0.94517833,0.0,0.9912537,0,0.9994516
51,3,1,1,5,1,1,70,0.0,1.0,0.19824135,1.0,0.11126679,1,1.2783743e-05
35,2,3,3,3,1,1,25,0.0,0.0,0.9793676,0.0,0.9823699,0,0.9992823
21,2,6,3,4,0,0,40,0.0,0.0,0.99920815,0.0,0.9787253,0,0.99922097
20,2,3,1,0,1,1,35,0.0,0.0,0.9748561,0.0,0.9616982,0,0.9987205
27,2,3,3,4,1,0,35,0.0,0.0,0.9947301,0.0,0.979428,0,0.99924916
79,2,3,1,2,1,1,6,0.0,0.0,0.8419216,0.0,0.68693644,0,0.8825545
33,2,6,1,4,1,1,59,0.0,0.0,0.7434536,0.0,0.9586786,0,0.9612887
45,3,7,1,5,1,1,60,0.0,1.0,0.37224495,1.0,0.39003122,1,2.5620152e-06
28,2,7,3,5,1,0,40,0.0,0.0,0.9746316,0.0,0.9522413,0,0.99921024
17,2,6,3,4,1,1,10,0.0,0.0,0.9999998,0.0,0.9861617,0,0.9993291
42,3,1,1,0,0,1,60,0.0,0.0,0.52262104,1.0,0.40804243,1,0.22907367
28,2,1,3,2,1,0,35,0.0,0.0,0.9563705,0.0,0.9526302,0,0.99964285
56,3,3,1,4,1,1,60,1.0,0.0,0.5412879,0.0,0.58735704,0,0.8424367
44,2,7,3,3,1,1,50,0.0,0.0,0.79492253,0.0,0.8429247,0,0.8709952
35,2,6,0,0,1,1,40,0.0,0.0,0.9856272,0.0,0.9799701,0,0.99924797
51,2,1,1,2,1,1,50,1.0,1.0,0.20832187,1.0,0.15951538,1,1.3153875e-05
18,2,6,3,0,1,1,16,0.0,0.0,0.99990326,0.0,0.9841107,0,0.99925333
55,0,0,1,2,0,1,40,1.0,1.0,0.47743338,1.0,0.20580322,1,0.00019971617
22,0,7,3,4,1,0,10,0.0,0.0,0.9996434,0.0,0.97184896,0,0.9995633
46,0,7,0,4,1,1,40,0.0,0.0,0.891783,0.0,0.9454039,0,0.99923766
30,0,6,1,0,1,1,40,0.0,0.0,0.92673254,0.0,0.9301991,0,0.99903846
39,2,0,0,5,0,0,40,0.0,0.0,0.90474844,0.0,0.9497837,0,0.99937135
52,2,3,1,3,1,1,40,1.0,0.0,0.5753181,0.0,0.5887833,0,0.84366703
51,2,4,3,2,1,1,55,1.0,1.0,0.339203,1.0,0.46711928,1,0.01517677
19,2,3,3,4,1,1,20,0.0,0.0,0.9990395,0.0,0.9805718,0,0.99926
46,3,3,1,5,0,0,40,1.0,0.0,0.60414934,0.0,0.53552055,0,0.77664906
47,2,3,1,0,1,1,50,0.0,0.0,0.6324229,0.0,0.6335938,0,0.8554431
18,1,3,3,1,1,1,40,0.0,0.0,0.9977037,0.0,0.9804364,0,0.9992655
27,2,3,3,0,1,0,34,0.0,0.0,0.9934672,0.0,0.9789599,0,0.9992213
24,2,3,3,3,1,1,35,0.0,0.0,0.99335915,0.0,0.99088705,0,0.99936885
38,0,3,1,2,1,0,40,1.0,0.0,0.51143634,1.0,0.4787069,0,0.5956143
44,2,0,2,5,1,1,40,0.0,0.0,0.8822979,0.0,0.9811555,0,0.99946314
47,0,3,1,0,1,1,40,1.0,0.0,0.6688185,0.0,0.6369464,0,0.85584253
28,2,6,3,0,0,1,45,0.0,0.0,0.99088526,0.0,0.9730114,0,0.9992061
23,2,7,3,2,1,0,25,0.0,0.0,0.9942209,0.0,0.9728665,0,0.9996444
25,2,1,3,5,1,0,40,0.0,0.0,0.9577615,0.0,0.98250425,0,0.9991704
18,2,6,3,2,1,0,40,0.0,0.0,0.9992055,0.0,0.9790918,0,0.99923086
26,2,3,1,4,1,1,40,0.0,0.0,0.89157337,0.0,0.9105906,0,0.9118004
21,1,7,3,1,1,1,20,0.0,0.0,0.99699724,0.0,0.98686254,0,0.99950624
24,2,3,1,4,1,1,39,0.0,0.0,0.9350438,0.0,0.96720105,0,0.914993
21,0,7,3,4,1,1,10,0.0,0.0,0.9994854,0.0,0.98916703,0,0.9996512
61,2,6,0,0,1,1,40,1.0,0.0,0.97863126,0.0,0.9537008,0,0.99844766
21,2,7,3,3,1,1,40,0.0,0.0,0.99038124,0.0,0.9840255,0,0.9996749
19,2,7,3,4,1,1,8,0.0,0.0,0.9996839,0.0,0.98300606,0,0.9994691
42,2,7,1,0,1,1,40,0.0,0.0,0.6502106,0.0,0.5642245,0,0.75384396
60,1,1,1,1,1,1,8,1.0,0.0,0.792835,0.0,0.7232803,0,0.93290603
20,2,7,3,5,1,0,20,0.0,0.0,0.9986871,0.0,0.9823262,0,0.99953485
23,2,7,3,4,0,1,40,0.0,0.0,0.99288636,0.0,0.9803301,0,0.99926084
28,2,1,3,5,1,0,40,0.0,0.0,0.93893504,0.0,0.97825396,0,0.9988777
52,0,1,2,5,0,0,40,0.0,0.0,0.8976331,0.0,0.6953479,0,0.9987066
25,2,6,1,0,0,1,60,0.0,0.0,0.8927182,0.0,0.948936,0,0.95562196
34,0,6,3,5,0,0,40,0.0,0.0,0.99100995,0.0,0.97885376,0,0.9992229
50,2,3,0,5,1,0,40,0.0,0.0,0.89219016,0.0,0.95806915,0,0.9984831
61,3,1,1,0,1,1,20,1.0,0.0,0.72697157,0.0,0.8050089,0,0.874493
40,2,1,1,5,1,0,45,1.0,1.0,0.24756241,1.0,0.3858657,1,0.052717242
42,0,4,1,2,1,1,40,1.0,1.0,0.32661963,1.0,0.16370398,1,3.6062986e-05
45,3,1,3,3,1,0,35,0.0,0.0,0.9217139,0.0,0.87737554,0,0.99951696
21,2,0,3,4,1,1,40,0.0,0.0,0.9911827,0.0,0.979651,0,0.9992512
47,2,7,1,0,1,1,40,1.0,0.0,0.6288655,0.0,0.5583867,0,0.67799616
36,2,0,0,0,1,1,38,0.0,0.0,0.94453263,0.0,0.9880249,0,0.99938416
51,2,3,1,3,1,1,55,1.0,1.0,0.43779016,0.0,0.5349494,0,0.57767373
46,2,7,1,5,1,1,40,1.0,1.0,0.37659347,0.0,0.6501149,1,0.0037915115
36,2,4,1,5,1,1,45,1.0,1.0,0.13382828,1.0,0.21134162,1,0.0014263475
31,3,0,0,0,1,1,20,0.0,0.0,0.97376394,0.0,0.9883048,0,0.99945396
35,3,7,1,3,1,0,40,0.0,0.0,0.5344815,0.0,0.53799057,0,0.5954894
20,2,3,3,4,1,1,30,0.0,0.0,0.9979428,0.0,0.9800555,0,0.9992567
23,2,1,3,5,1,0,40,0.0,0.0,0.9701915,0.0,0.97508246,0,0.9993992
57,0,1,1,2,1,1,40,1.0,1.0,0.33446217,1.0,0.21127588,1,1.5227462e-05
60,3,1,1,5,1,1,60,1.0,1.0,0.18454432,1.0,0.22580606,1,6.3889897e-06
54,0,4,4,2,1,0,38,0.0,0.0,0.7418456,0.0,0.8587993,0,0.99934274
17,2,7,3,5,1,1,20,0.0,0.0,0.9999964,0.0,0.9761724,0,0.99968433
51,2,7,1,3,1,1,40,1.0,1.0,0.4446664,0.0,0.51583076,1,0.012444735
41,3,0,0,4,1,0,10,0.0,0.0,0.98704624,0.0,0.97135144,0,0.9991418
56,3,7,1,5,1,0,50,1.0,1.0,0.27916175,1.0,0.24069875,1,0.35649484
56,2,1,1,5,1,1,30,0.0,1.0,0.3649431,1.0,0.41428518,1,7.00309e-06
65,3,6,1,0,1,1,40,0.0,0.0,0.9004297,0.0,0.9323743,0,0.9128458
36,2,1,1,4,1,1,40,0.0,1.0,0.3788677,1.0,0.41248018,1,0.0020328225
57,3,0,1,0,0,1,40,0.0,0.0,0.72682357,0.0,0.58877134,0,0.8436639
32,2,6,1,4,1,1,40,0.0,0.0,0.8855375,0.0,0.91187876,0,0.999054
67,2,6,4,5,1,0,20,0.0,0.0,0.96818805,0.0,0.92769927,0,0.9985489
26,2,6,1,4,0,0,40,0.0,0.0,0.96110886,0.0,0.93934107,0,0.99882036
25,2,3,3,4,1,0,8,0.0,0.0,0.9989838,0.0,0.98062,0,0.99926597
58,2,0,1,4,1,0,35,0.0,0.0,0.690257,0.0,0.58959496,0,0.84374017
36,2,7,1,3,1,1,44,0.0,1.0,0.4735644,1.0,0.2502551,1,0.0010958428
30,2,3,3,4,1,0,40,0.0,0.0,0.9878855,0.0,0.9787295,0,0.99922097
26,2,7,3,0,1,1,40,0.0,0.0,0.97873455,0.0,0.97923505,0,0.9992372
34,1,6,1,1,1,0,8,0.0,0.0,0.9768068,0.0,0.96922886,0,0.999074
58,2,1,1,5,0,1,40,0.0,1.0,0.30977428,1.0,0.25924575,1,4.5936254e-06
23,0,1,3,2,1,0,40,0.0,0.0,0.97340995,0.0,0.99495804,0,0.999645
44,2,6,2,4,1,0,38,0.0,0.0,0.9968423,0.0,0.97570956,0,0.9990872
47,0,1,1,2,1,1,45,1.0,1.0,0.27356428,1.0,0.16374189,1,2.3907267e-05
17,2,6,3,3,1,0,6,0.0,0.0,0.99999994,0.0,0.99068034,0,0.9993666
40,2,7,1,3,1,1,40,0.0,1.0,0.4923861,1.0,0.49817055,1,0.054006852
46,3,3,1,5,1,1,50,0.0,1.0,0.44251323,0.0,0.50226724,0,0.6603283
43,2,3,1,0,1,1,55,0.0,0.0,0.65455806,0.0,0.6369082,0,0.855839
66,0,0,4,2,1,0,20,0.0,0.0,0.9320396,0.0,0.81030196,0,0.99782515
32,2,0,1,2,1,0,40,1.0,0.0,0.501862,1.0,0.31216156,1,0.45225403
56,2,3,1,5,1,1,35,0.0,0.0,0.5813423,0.0,0.52582073,0,0.77908057
29,2,1,1,2,1,1,40,1.0,1.0,0.4170767,1.0,0.48239946,1,0.107332006
40,3,5,1,2,1,1,40,1.0,1.0,0.078716576,1.0,0.15862036,1,0.0005155047
26,2,3,3,0,1,1,50,0.0,0.0,0.97450393,0.0,0.91379136,0,0.9990144
39,2,3,1,0,1,1,40,1.0,0.0,0.7376021,0.0,0.68282413,0,0.86681145
40,0,1,1,5,1,1,48,1.0,1.0,0.18851966,1.0,0.16028053,1,1.5469039e-05
43,2,0,1,5,1,1,45,1.0,1.0,0.3074569,1.0,0.31265694,1,0.01135764
19,0,3,1,3,1,0,40,0.0,0.0,0.9415429,0.0,0.9458616,0,0.9976675
24,2,1,3,5,0,1,40,0.0,0.0,0.9559491,0.0,0.9189774,0,0.9992219
55,3,1,0,3,1,0,50,0.0,0.0,0.78061414,0.0,0.86556935,0,0.9075662
21,1,7,3,1,1,1,70,0.0,0.0,0.9708502,0.0,0.8999027,0,0.99624604
41,2,3,0,4,1,0,30,0.0,0.0,0.9811301,0.0,0.9769825,0,0.9990062
36,3,3,1,3,1,0,40,1.0,0.0,0.6917306,0.0,0.6372202,0,0.855804
34,2,6,1,0,1,1,40,0.0,0.0,0.90810347,0.0,0.9135919,0,0.9990269
34,2,4,1,2,1,1,55,1.0,1.0,0.16634637,1.0,0.18828583,1,0.0009249903
37,2,3,1,0,1,1,15,0.0,0.0,0.90689456,0.0,0.9792647,0,0.9987257
18,2,6,3,4,1,0,40,0.0,0.0,0.9997948,0.0,0.97871894,0,0.99922097
19,2,7,3,4,1,1,20,0.0,0.0,0.9991822,0.0,0.9907475,0,0.9993838
50,2,3,1,0,1,1,40,1.0,0.0,0.66112244,0.0,0.63691396,0,0.8558407
61,3,7,4,3,1,0,20,0.0,0.0,0.9639109,0.0,0.94168526,0,0.9984567
25,2,6,1,0,1,1,40,1.0,0.0,0.95349103,0.0,0.91018265,0,0.99903834
32,0,4,1,2,1,1,50,0.0,1.0,0.37106633,1.0,0.27712792,1,0.0009850116
32,2,3,3,0,0,1,40,0.0,0.0,0.978811,0.0,0.98124593,0,0.99922776
22,2,1,1,0,1,1,45,0.0,0.0,0.7411858,0.0,0.8974496,0,0.8566801
51,2,1,1,3,1,1,40,1.0,1.0,0.22558767,1.0,0.26521116,1,5.050317e-06
37,2,0,1,5,1,1,40,0.0,1.0,0.42685926,0.0,0.69376886,1,0.19251639
47,0,7,1,0,1,1,40,1.0,0.0,0.7248722,0.0,0.61772716,0,0.72791445
28,2,3,1,0,0,1,40,0.0,0.0,0.91627264,0.0,0.88115406,0,0.9083622
33,2,3,0,5,1,0,40,0.0,0.0,0.92315024,0.0,0.9787666,0,0.99922264
49,2,7,1,0,1,1,40,1.0,0.0,0.6227557,0.0,0.55790335,0,0.65981907
26,1,1,1,1,1,0,20,0.0,0.0,0.84329486,0.0,0.8889641,0,0.99874026
18,2,7,3,4,1,1,12,0.0,0.0,0.9997214,0.0,0.9842458,0,0.9994548
25,2,1,3,5,1,0,40,0.0,0.0,0.9577615,0.0,0.98250425,0,0.9991704
54,3,3,1,0,1,1,35,0.0,0.0,0.78679955,0.0,0.76470256,0,0.87544
45,2,3,1,0,1,1,40,0.0,0.0,0.69538045,0.0,0.6369256,0,0.85584086
51,2,5,1,2,1,1,50,1.0,1.0,0.060640693,1.0,0.116826296,1,3.143433e-05
29,2,6,1,0,1,1,40,0.0,0.0,0.9279115,0.0,0.9109318,0,0.9990382
38,3,1,1,0,1,1,50,1.0,1.0,0.45970523,1.0,0.48368567,1,0.4873225
64,0,3,0,5,1,0,40,0.0,0.0,0.8427599,0.0,0.92879736,0,0.99772245
51,3,0,3,5,1,0,40,0.0,0.0,0.85404766,0.0,0.9283554,0,0.9203297
42,3,3,1,3,1,1,12,0.0,0.0,0.86525804,0.0,0.8676487,0,0.998495
63,2,6,4,4,1,0,41,0.0,0.0,0.97641504,0.0,0.78143805,0,0.9979463
66,0,3,4,2,0,0,35,0.0,0.0,0.8918799,0.0,0.93389904,0,0.997692
53,2,6,1,0,1,1,50,0.0,0.0,0.749204,0.0,0.878882,0,0.88135505
42,3,5,0,2,1,1,40,1.0,1.0,0.33391857,0.0,0.73792255,0,0.82024163
28,2,7,1,5,1,0,40,0.0,0.0,0.6805834,1.0,0.4945051,0,0.74213225
53,2,3,1,5,1,1,45,0.0,1.0,0.41319996,1.0,0.49052256,0,0.5002946
70,0,3,4,5,1,0,12,0.0,0.0,0.92762494,0.0,0.93960184,0,0.998254
64,2,1,0,5,1,0,50,0.0,0.0,0.7473664,0.0,0.5326749,0,0.857693
45,2,5,3,2,1,1,40,1.0,1.0,0.2682891,1.0,0.38870013,1,0.3721507
21,2,7,3,4,1,1,16,0.0,0.0,0.9987336,0.0,0.9899011,0,0.9993892
54,2,3,1,5,1,0,40,0.0,0.0,0.50994474,1.0,0.4800465,0,0.62855476
19,1,7,3,1,1,0,20,0.0,0.0,0.99850863,0.0,0.99089146,0,0.9993699
38,3,3,2,4,1,0,40,0.0,0.0,0.9771536,0.0,0.9777323,0,0.9990054
33,2,1,1,5,1,1,40,1.0,1.0,0.32827967,1.0,0.33165455,1,0.041915316
32,2,3,1,0,1,1,40,0.0,0.0,0.7946254,0.0,0.8852514,0,0.908285
38,3,6,1,3,1,1,40,0.0,0.0,0.8263016,0.0,0.91401035,0,0.99903727
27,2,7,1,0,0,1,50,0.0,0.0,0.79432976,0.0,0.73476326,0,0.8609589
38,2,1,0,5,1,1,40,0.0,0.0,0.68696934,0.0,0.9788972,0,0.99947554
34,3,1,3,2,1,0,55,1.0,0.0,0.813902,0.0,0.65888476,0,0.86662596
36,3,3,1,5,1,1,50,1.0,0.0,0.5057843,0.0,0.6758612,0,0.8350065
28,2,6,3,4,0,0,40,0.0,0.0,0.99768174,0.0,0.9782047,0,0.99921906
45,2,1,1,5,1,1,32,0.0,1.0,0.3249851,1.0,0.34829533,1,1.1402961e-05
34,2,3,3,4,0,1,35,1.0,0.0,0.98788655,0.0,0.9812083,0,0.99924743
18,1,6,3,1,1,0,24,0.0,0.0,0.9998121,0.0,0.97971773,0,0.99925405
31,2,3,1,0,1,1,60,0.0,0.0,0.7450602,0.0,0.8767611,0,0.8636158
38,2,0,0,2,1,0,40,1.0,0.0,0.85474795,0.0,0.9589249,0,0.99949765
35,2,5,1,2,1,1,80,1.0,1.0,0.0618034,1.0,0.15511346,1,0.00024715698
43,0,4,3,2,1,1,45,0.0,0.0,0.6746775,0.0,0.5745348,1,0.3508557
42,0,7,0,5,1,0,38,0.0,0.0,0.9040215,0.0,0.91513336,0,0.999506
45,0,7,0,5,1,1,42,0.0,0.0,0.81242824,0.0,0.8269507,0,0.99939036
22,2,7,3,4,1,0,40,0.0,0.0,0.9960885,0.0,0.97743005,0,0.9992704
46,2,7,0,5,1,0,40,0.0,0.0,0.89257544,0.0,0.87686676,0,0.99844813
31,2,0,1,5,1,1,40,0.0,0.0,0.5538813,0.0,0.7309505,0,0.6738245
41,2,7,2,5,1,0,38,0.0,0.0,0.9644475,0.0,0.9526927,0,0.99936956
37,2,6,1,0,1,1,44,1.0,0.0,0.8352688,0.0,0.9422755,0,0.9987765
18,2,6,3,4,1,1,30,0.0,0.0,0.999725,0.0,0.98001987,0,0.9992569
64,3,6,1,0,1,1,70,0.0,0.0,0.8234393,0.0,0.7023856,0,0.86725473
22,0,7,3,5,0,0,40,0.0,0.0,0.9894356,0.0,0.9904533,0,0.9996008
41,2,3,0,5,1,1,50,0.0,0.0,0.8460889,0.0,0.9482206,0,0.9984018
33,2,7,3,3,0,1,26,0.0,0.0,0.9901839,0.0,0.9736694,0,0.9996439
62,2,7,1,0,1,1,60,0.0,1.0,0.45903546,1.0,0.48984426,1,0.4994786
29,0,4,1,5,1,1,36,0.0,0.0,0.5213886,1.0,0.49790752,1,0.08740961
35,2,3,1,0,1,0,40,0.0,0.0,0.8198958,0.0,0.68353844,0,0.86564666
33,3,3,3,2,1,1,40,0.0,0.0,0.93456477,0.0,0.99081206,0,0.99937695
66,1,7,1,1,1,1,40,1.0,0.0,0.6039692,0.0,0.6058898,0,0.67911834
25,2,3,3,4,1,0,35,0.0,0.0,0.9959646,0.0,0.9795479,0,0.9992561
39,0,1,3,5,1,1,40,0.0,0.0,0.728906,0.0,0.82327276,0,0.9031257
19,2,7,3,4,1,0,20,0.0,0.0,0.9996416,0.0,0.9908689,0,0.9993691
53,2,3,1,0,1,1,52,1.0,0.0,0.5876747,0.0,0.5296075,0,0.782215
49,2,1,1,2,1,1,40,0.0,1.0,0.2548797,1.0,0.20840502,1,1.3183475e-05
23,2,1,3,3,1,0,45,0.0,0.0,0.96393794,0.0,0.9890447,0,0.99919623
29,2,1,3,3,1,0,60,0.0,0.0,0.89162624,0.0,0.6551373,0,0.87181926
55,2,6,4,0,0,0,35,0.0,0.0,0.98732096,0.0,0.9747288,0,0.998602
48,2,3,0,5,1,0,37,1.0,0.0,0.9192636,0.0,0.95937306,0,0.9989818
44,3,7,1,0,1,1,55,1.0,0.0,0.62435484,0.0,0.5602522,0,0.6996349
25,2,1,3,3,1,0,40,0.0,0.0,0.9717622,0.0,0.99095076,0,0.99951375
48,2,0,1,0,1,1,44,0.0,1.0,0.4173603,0.0,0.555159,0,0.64716536
34,0,3,3,4,1,1,40,0.0,0.0,0.9662751,0.0,0.9800437,0,0.99926275
38,2,3,1,0,1,1,40,1.0,0.0,0.74490047,0.0,0.7645339,0,0.8678929
22,2,7,3,4,1,0,20,0.0,0.0,0.99913234,0.0,0.990704,0,0.99936706
22,2,7,3,0,1,1,20,0.0,0.0,0.9976582,0.0,0.99065906,0,0.99936515
38,2,3,0,0,1,1,40,0.0,0.0,0.9523571,0.0,0.9782546,0,0.999119
52,0,4,0,2,0,0,40,0.0,0.0,0.77464104,0.0,0.84491473,0,0.9994728
60,3,3,1,3,1,1,70,0.0,1.0,0.3962605,0.0,0.59796065,0,0.56539464
42,0,1,3,5,1,1,35,0.0,0.0,0.8176327,0.0,0.89897394,0,0.9993432
26,2,7,1,0,0,1,40,0.0,0.0,0.87221134,0.0,0.83495027,0,0.8739197
33,2,3,1,5,1,1,50,0.0,0.0,0.5453032,0.0,0.62923706,0,0.8242313
56,3,3,1,0,1,1,90,0.0,0.0,0.6449646,0.0,0.526136,0,0.78018975
26,2,7,1,4,1,1,40,0.0,0.0,0.831621,0.0,0.5540776,0,0.87844694
39,2,6,0,5,1,0,40,0.0,0.0,0.9502634,0.0,0.97809744,0,0.99919194
31,2,4,1,4,1,1,40,1.0,1.0,0.34941965,1.0,0.25268328,1,0.21351673
60,1,6,4,1,1,0,20,0.0,0.0,0.9777412,0.0,0.94115335,0,0.99849665
34,2,7,1,2,0,1,40,1.0,0.0,0.5869935,1.0,0.43366766,1,0.05956704
18,2,7,3,3,1,0,15,0.0,0.0,0.9998489,0.0,0.9820978,0,0.9995283
57,3,7,1,3,1,1,45,1.0,1.0,0.38197023,1.0,0.3872742,1,0.0012711453
31,2,3,1,0,1,1,40,0.0,0.0,0.8111576,0.0,0.88446635,0,0.90845007
22,2,3,3,5,1,0,40,0.0,0.0,0.9912803,0.0,0.98028016,0,0.9993789
65,1,3,4,1,1,0,75,0.0,0.0,0.8944852,0.0,0.6785071,0,0.86682546
42,2,3,0,2,1,0,45,0.0,0.0,0.8773712,0.0,0.9547965,0,0.9987789
48,1,3,1,1,1,1,40,1.0,0.0,0.6735193,0.0,0.6935024,0,0.8669445
38,2,1,1,2,1,1,40,1.0,1.0,0.29875553,1.0,0.15536588,1,0.00045870384
29,2,1,3,2,1,0,60,0.0,0.0,0.85418814,0.0,0.76459825,0,0.85532224
58,2,3,1,0,1,1,40,0.0,0.0,0.61648786,0.0,0.63690567,0,0.8558405
42,2,6,1,0,1,1,40,0.0,0.0,0.8791028,0.0,0.942288,0,0.9987783
66,0,3,4,5,1,0,35,1.0,0.0,0.8703449,0.0,0.9374458,0,0.99768484
17,2,6,3,3,1,0,8,0.0,0.0,0.99999994,0.0,0.99057883,0,0.9993656
45,2,3,1,0,0,1,24,0.0,0.0,0.8848917,0.0,0.88345796,0,0.8826468
23,2,7,3,5,1,0,40,0.0,0.0,0.9876905,0.0,0.9663115,0,0.9993793
80,2,6,4,4,1,0,24,0.0,0.0,0.98969805,0.0,0.9294432,0,0.99380636
37,3,3,1,5,1,1,40,0.0,0.0,0.5593916,0.0,0.6366692,0,0.85753375
63,3,1,1,0,1,1,40,1.0,1.0,0.4917788,0.0,0.57218874,0,0.54485977
31,2,3,1,0,1,1,45,0.0,0.0,0.7702286,0.0,0.81325036,0,0.8725018
20,2,7,3,0,1,1,10,0.0,0.0,0.99934125,0.0,0.9886212,0,0.99943
32,2,0,1,4,1,1,42,1.0,0.0,0.6008744,0.0,0.6705173,0,0.8584173
52,3,3,1,5,1,1,40,1.0,1.0,0.46281463,0.0,0.5258067,0,0.77774817
21,2,3,1,5,1,1,40,0.0,0.0,0.8665174,0.0,0.886321,0,0.9014823
35,2,7,3,0,1,1,40,0.0,0.0,0.9455398,0.0,0.97875565,0,0.99922085
38,0,7,2,5,1,1,40,0.0,0.0,0.941469,0.0,0.83272105,0,0.9996215
19,2,3,3,3,1,0,40,0.0,0.0,0.9981281,0.0,0.9836702,0,0.9993032
57,2,4,1,5,0,1,40,1.0,1.0,0.2187792,1.0,0.1550219,1,1.2761355e-05
34,2,4,3,5,1,0,50,0.0,0.0,0.7811204,0.0,0.5494376,0,0.72699094
20,2,7,3,0,1,0,40,0.0,0.0,0.99664086,0.0,0.9767444,0,0.99921453
26,0,1,3,5,1,1,42,0.0,0.0,0.86389744,0.0,0.7913404,0,0.9748775
32,2,7,3,5,0,0,40,0.0,0.0,0.97403836,0.0,0.945488,0,0.99912757
25,1,7,3,1,1,1,40,0.0,0.0,0.97901624,0.0,0.9908917,0,0.99937004
28,2,1,3,5,1,0,20,0.0,0.0,0.9838547,0.0,0.98801494,0,0.9996232
69,1,3,1,1,1,1,8,0.0,0.0,0.8919964,0.0,0.75821966,0,0.9005525
37,2,1,2,4,0,1,40,0.0,0.0,0.96415603,0.0,0.99192846,0,0.9994536
38,0,7,1,5,0,0,35,0.0,0.0,0.74151784,1.0,0.3404528,1,0.41036525
18,1,3,3,1,0,0,25,0.0,0.0,0.99923444,0.0,0.9795332,0,0.9992569
28,2,3,3,0,1,1,50,0.0,0.0,0.96742564,0.0,0.9165838,0,0.998988
22,0,3,3,0,1,1,43,0.0,0.0,0.99141306,0.0,0.97912055,0,0.99923027
47,3,7,0,0,1,1,40,0.0,0.0,0.94076335,0.0,0.9238371,0,0.99856794
31,2,7,3,5,1,1,40,0.0,0.0,0.9428746,0.0,0.92363477,0,0.9994942
44,0,4,1,2,1,0,40,1.0,1.0,0.30585235,1.0,0.307652,1,0.004161813
22,2,3,0,0,1,1,40,0.0,0.0,0.9850624,0.0,0.9831146,0,0.99924195
25,2,1,1,2,1,1,50,0.0,1.0,0.446805,0.0,0.59170413,1,0.45957926
27,2,1,1,4,1,1,30,0.0,0.0,0.76462334,0.0,0.96059805,0,0.95777106
59,2,3,0,0,1,1,40,0.0,0.0,0.9207032,0.0,0.92654043,0,0.99833775
58,2,6,4,4,0,0,30,0.0,0.0,0.9905517,0.0,0.93773067,0,0.99844664
46,2,2,1,2,1,1,70,0.0,1.0,0.12065792,1.0,0.13642365,1,1.4148472e-05
50,3,1,1,3,1,1,60,1.0,1.0,0.22364801,1.0,0.12946421,1,1.4344794e-05
40,2,3,3,0,1,1,40,0.0,0.0,0.9188764,0.0,0.97846603,0,0.9992065
43,2,1,0,3,1,1,40,1.0,0.0,0.727379,0.0,0.9609646,0,0.99958867
28,2,1,3,2,0,0,40,0.0,0.0,0.9375788,0.0,0.9791333,0,0.9994649
57,2,4,1,2,1,1,60,1.0,1.0,0.13498992,1.0,0.13619661,1,1.4529656e-05
34,2,1,0,3,0,1,60,1.0,0.0,0.8030428,0.0,0.5539659,0,0.8409455
46,2,3,1,3,1,1,45,1.0,0.0,0.51237303,1.0,0.42212212,0,0.72095495
28,2,3,1,0,1,1,60,0.0,0.0,0.7808144,0.0,0.8844384,0,0.8648946
36,2,6,3,0,1,1,40,0.0,0.0,0.9810369,0.0,0.97883064,0,0.9992198
20,2,6,3,0,1,1,30,0.0,0.0,0.9993881,0.0,0.9814464,0,0.99924767
34,0,7,1,5,1,0,40,1.0,0.0,0.54421496,1.0,0.30586934,1,0.3260169
37,2,1,1,5,1,1,40,1.0,1.0,0.2619828,1.0,0.15698719,1,0.00040247483
81,2,4,4,2,1,1,60,0.0,1.0,0.46704537,1.0,0.16261464,1,1.3429823e-06
24,2,1,3,3,1,0,40,0.0,0.0,0.9764205,0.0,0.98945826,0,0.9995443
30,2,1,4,2,1,0,55,1.0,0.0,0.68839693,0.0,0.7042097,0,0.8692905
48,2,0,0,5,1,0,40,0.0,0.0,0.84705293,0.0,0.8971116,0,0.9981615
37,2,6,1,0,1,1,50,0.0,0.0,0.8022222,0.0,0.9413746,0,0.99872106
32,2,1,1,3,1,1,45,1.0,1.0,0.32786238,1.0,0.32927948,1,0.041344684
34,2,6,3,0,1,1,40,0.0,0.0,0.983759,0.0,0.9789112,0,0.99921966
51,2,6,2,0,1,0,40,0.0,0.0,0.99485075,0.0,0.97345,0,0.9988562
32,2,6,2,0,1,0,40,0.0,0.0,0.9968697,0.0,0.9786594,0,0.9992186
30,2,3,3,0,1,1,50,0.0,0.0,0.95930535,0.0,0.92285705,0,0.9989109
50,2,6,1,0,1,1,40,0.0,0.0,0.8563174,0.0,0.91029215,0,0.99795544
35,2,1,1,5,1,1,70,0.0,1.0,0.2209627,1.0,0.17267346,1,1.3837437e-05
46,0,3,1,4,1,1,40,0.0,0.0,0.590135,0.0,0.63690233,0,0.85583943
22,2,3,3,4,0,1,20,0.0,0.0,0.99811953,0.0,0.98193663,0,0.9992624
52,3,3,0,5,1,1,38,0.0,0.0,0.8726975,0.0,0.94602454,0,0.99906474
27,2,1,3,5,1,0,65,0.0,0.0,0.88033444,1.0,0.49382854,0,0.85361874
44,2,7,1,5,1,0,6,1.0,0.0,0.82600737,0.0,0.586902,0,0.79116404
63,0,3,4,0,0,1,40,0.0,0.0,0.8882386,0.0,0.9196074,0,0.99804974
27,2,3,3,5,1,1,40,0.0,0.0,0.97159004,0.0,0.97981584,0,0.9992811
30,2,7,1,0,1,1,44,0.0,0.0,0.6933057,0.0,0.7709537,0,0.8647227
17,1,6,3,1,1,0,5,0.0,0.0,0.9999998,0.0,0.98395216,0,0.9992982
50,0,1,2,2,1,1,40,1.0,0.0,0.83815074,0.0,0.6507864,0,0.9979704
18,2,6,3,3,0,0,15,0.0,0.0,0.99996054,0.0,0.97962147,0,0.99925965
27,2,7,1,0,1,1,40,1.0,0.0,0.82171214,0.0,0.83153856,0,0.8736743
24,2,1,3,5,1,0,40,0.0,0.0,0.96391726,0.0,0.97543734,0,0.99934536
44,3,1,1,3,1,1,30,0.0,1.0,0.46864223,0.0,0.74178755,1,0.00086441415
56,3,6,4,4,1,0,65,1.0,0.0,0.95520633,0.0,0.8794572,0,0.9975752
26,2,7,1,3,1,1,18,0.0,0.0,0.94862956,0.0,0.9517696,0,0.99967444
20,2,7,3,4,1,1,20,0.0,0.0,0.998785,0.0,0.9908145,0,0.9993787
20,2,7,3,4,1,1,36,0.0,0.0,0.9973611,0.0,0.9908546,0,0.9993685
58,2,6,0,0,0,1,40,0.0,0.0,0.9870833,0.0,0.9767444,0,0.99861836
31,2,2,1,2,0,1,40,0.0,1.0,0.24099582,1.0,0.28168422,1,0.0032034852
21,2,7,3,3,0,0,20,0.0,0.0,0.9991153,0.0,0.9898941,0,0.99948335
55,2,6,0,0,1,0,37,1.0,0.0,0.9902731,0.0,0.9775953,0,0.99897313
41,0,1,0,2,1,1,65,0.0,0.0,0.67991614,1.0,0.46602386,1,0.24594319
35,2,7,0,5,1,1,40,0.0,0.0,0.8708499,0.0,0.9753847,0,0.9995042
43,2,3,0,4,1,1,40,0.0,0.0,0.9475088,0.0,0.9765909,0,0.99904174
29,2,0,3,0,1,1,45,0.0,0.0,0.94421774,0.0,0.93336725,0,0.9991578
41,2,3,1,0,1,1,40,0.0,0.0,0.72370905,0.0,0.6379037,0,0.85585743
58,3,1,0,2,1,0,40,0.0,0.0,0.7536626,0.0,0.6813956,0,0.9990688
50,2,4,1,2,1,1,40,1.0,1.0,0.15677452,1.0,0.15395272,1,1.5734517e-05
19,2,6,3,4,1,0,15,0.0,0.0,0.9999373,0.0,0.9799158,0,0.99925584
27,2,1,3,5,1,1,40,0.0,0.0,0.8986149,0.0,0.93173885,0,0.99923015
61,1,1,0,1,1,0,24,0.0,0.0,0.92460656,0.0,0.94050676,0,0.9986853
33,2,1,1,2,1,1,47,1.0,1.0,0.30230707,1.0,0.29760355,1,0.017426604
20,2,3,1,0,1,1,40,0.0,0.0,0.9523319,0.0,0.94278634,0,0.9099136
35,2,3,0,0,1,1,40,0.0,0.0,0.9559165,0.0,0.9809651,0,0.9992411
46,2,3,0,0,1,1,40,0.0,0.0,0.9424271,0.0,0.9806224,0,0.9988464
56,2,4,3,2,1,1,66,0.0,1.0,0.28177,1.0,0.40886062,1,0.012123847
43,2,1,1,0,1,1,84,1.0,1.0,0.32254428,1.0,0.31867826,1,0.004139052
19,0,3,3,5,1,0,20,0.0,0.0,0.99858505,0.0,0.98931116,0,0.99947375
39,2,0,2,0,1,1,40,0.0,0.0,0.95643187,0.0,0.9786624,0,0.99921656
31,2,0,1,0,1,1,40,0.0,0.0,0.65943336,0.0,0.878348,0,0.8636769
19,1,7,3,1,1,0,30,0.0,0.0,0.9978261,0.0,0.9908897,0,0.99936956
17,2,6,3,4,1,0,12,0.0,0.0,0.9999999,0.0,0.9799227,0,0.99925846
59,2,3,1,5,1,1,15,0.0,0.0,0.7676636,0.0,0.84483564,0,0.8742429
31,0,0,1,0,1,1,40,0.0,0.0,0.76333374,0.0,0.6432688,0,0.85363847
53,0,1,0,4,0,1,40,0.0,0.0,0.8828806,0.0,0.78022456,0,0.9994344
37,2,0,3,4,1,0,30,0.0,0.0,0.99093693,0.0,0.97882307,0,0.9992212
44,2,2,1,2,1,1,40,1.0,1.0,0.16058284,1.0,0.15501076,1,9.7864046e-05
61,2,3,1,5,1,1,40,1.0,1.0,0.46964836,0.0,0.5783285,0,0.57229733
20,2,3,3,3,1,0,40,0.0,0.0,0.99711967,0.0,0.9833738,0,0.9993001
45,2,3,0,5,1,0,38,0.0,0.0,0.9203836,0.0,0.9735081,0,0.9990049
21,2,7,3,5,1,1,30,0.0,0.0,0.9951774,0.0,0.98075885,0,0.9996662
20,2,3,3,0,1,1,40,0.0,0.0,0.99505836,0.0,0.97973067,0,0.9992518
38,2,0,1,0,1,1,50,0.0,1.0,0.48286027,0.0,0.5594417,0,0.7108499
50,2,1,1,0,1,1,45,1.0,1.0,0.32972425,1.0,0.46745902,1,0.4527481
33,2,7,1,5,0,1,40,1.0,0.0,0.65600586,1.0,0.3536268,1,0.41150576
36,2,6,4,4,1,0,20,0.0,0.0,0.9924194,0.0,0.9786328,0,0.9992149
22,2,3,3,0,1,0,48,0.0,0.0,0.9922704,0.0,0.91936153,0,0.99912435
57,1,7,1,1,1,1,40,0.0,0.0,0.5525275,0.0,0.6266974,0,0.6757897
45,2,7,1,5,1,1,40,0.0,1.0,0.3802082,0.0,0.634657,1,0.0040148785
53,1,3,1,1,1,1,40,0.0,0.0,0.6801697,0.0,0.6984389,0,0.8670257
19,2,3,3,3,1,0,35,0.0,0.0,0.99908847,0.0,0.9908769,0,0.9993693
35,2,3,1,5,1,1,45,0.0,0.0,0.516878,0.0,0.7238605,0,0.8500994
25,2,6,1,0,1,1,96,0.0,0.0,0.82919794,0.0,0.9216262,0,0.9088355
56,2,1,3,5,1,0,55,1.0,0.0,0.56641376,1.0,0.4774407,1,0.44658527
64,1,6,3,1,1,1,40,0.0,0.0,0.97225773,0.0,0.91336024,0,0.9984469
29,2,3,3,0,0,0,40,0.0,0.0,0.9901891,0.0,0.9775862,0,0.99917245
36,2,1,3,2,1,0,45,1.0,0.0,0.79576904,0.0,0.65638196,0,0.8804902
23,0,7,3,3,1,0,35,0.0,0.0,0.9979081,0.0,0.9761651,0,0.9996815
68,2,6,1,3,1,1,22,0.0,0.0,0.9157509,0.0,0.9224659,0,0.9057127
37,2,3,2,2,0,0,40,0.0,0.0,0.97037655,0.0,0.97902566,0,0.99923897
43,0,3,2,4,1,1,40,0.0,0.0,0.949429,0.0,0.97683674,0,0.9990126
34,0,2,1,4,0,1,20,0.0,0.0,0.51003367,1.0,0.32471663,1,0.005510343
27,2,7,3,4,1,0,25,0.0,0.0,0.9974807,0.0,0.9801148,0,0.9992636
34,2,3,1,0,1,1,40,0.0,0.0,0.7777099,0.0,0.8846189,0,0.9028459
24,2,1,3,4,1,0,40,0.0,0.0,0.98598355,0.0,0.9912282,0,0.9994475
20,1,7,3,1,1,0,16,0.0,0.0,0.99827445,0.0,0.9908554,0,0.99937135
42,2,3,1,0,0,1,60,0.0,0.0,0.75082916,0.0,0.63691926,0,0.85583526
24,2,1,1,5,1,0,40,0.0,0.0,0.5881507,0.0,0.73526525,0,0.6996177
19,3,7,3,4,0,0,35,0.0,0.0,0.99890333,0.0,0.984171,0,0.99930155
23,2,7,3,3,1,0,30,0.0,0.0,0.99807054,0.0,0.99083346,0,0.99946994
54,2,4,1,4,1,1,40,0.0,1.0,0.20487249,0.0,0.5457566,1,2.5026684e-06
42,0,4,1,2,1,1,55,0.0,1.0,0.27265048,1.0,0.1685977,1,2.1518965e-05
32,1,7,1,1,1,1,40,0.0,0.0,0.5676522,0.0,0.78452533,0,0.85899687
55,3,4,1,2,1,1,40,1.0,1.0,0.20221156,1.0,0.14234358,1,1.6521713e-05
41,2,3,1,0,1,1,40,0.0,0.0,0.72370905,0.0,0.6379037,0,0.85585743
34,2,3,1,0,1,1,55,1.0,0.0,0.7276939,0.0,0.78271556,0,0.8611443
46,2,7,1,5,1,1,40,1.0,1.0,0.37659347,0.0,0.6501149,1,0.0037915115
54,2,6,1,0,1,1,40,0.0,0.0,0.8480666,0.0,0.91493946,0,0.99732566
33,1,3,2,1,1,0,20,0.0,0.0,0.9845637,0.0,0.9793574,0,0.99924266
41,3,1,2,0,1,1,35,0.0,0.0,0.9809644,0.0,0.9745398,0,0.9992106
48,2,3,4,0,1,0,16,0.0,0.0,0.9758058,0.0,0.9376801,0,0.9984366
23,0,0,0,4,1,1,56,0.0,0.0,0.9298244,0.0,0.9911477,0,0.9994338
25,0,7,3,0,1,1,20,0.0,0.0,0.99773055,0.0,0.98919004,0,0.99945873
23,2,3,3,0,1,1,72,0.0,0.0,0.98019576,0.0,0.95794296,0,0.92263025
32,2,7,1,5,1,0,40,0.0,0.0,0.5861423,1.0,0.43155575,0,0.5247025
46,2,4,1,4,1,1,40,1.0,1.0,0.18763036,0.0,0.690167,1,1.5855881e-05
34,2,0,0,4,1,0,40,0.0,0.0,0.9622698,0.0,0.97657293,0,0.9991209
36,2,3,3,0,0,0,48,0.0,0.0,0.9734511,0.0,0.938424,0,0.99879104
45,2,3,2,4,1,0,26,0.0,0.0,0.98938525,0.0,0.976839,0,0.99900633
54,3,3,1,3,1,1,50,1.0,1.0,0.4449939,0.0,0.5256034,0,0.7788754
29,2,3,3,5,0,0,60,0.0,0.0,0.9675578,0.0,0.9609764,0,0.91522926
35,2,7,2,0,1,1,40,0.0,0.0,0.9761093,0.0,0.97963625,0,0.9992561
46,0,5,1,2,1,1,50,1.0,1.0,0.08370656,1.0,0.15179908,1,8.765867e-05
52,0,4,0,5,1,0,60,1.0,0.0,0.6848235,0.0,0.5417204,1,0.13068709
84,3,1,1,0,1,1,20,0.0,0.0,0.7952189,0.0,0.6963972,0,0.8688487
39,2,3,1,2,0,0,40,0.0,0.0,0.53802407,1.0,0.39538646,0,0.75517476
21,2,3,3,4,1,0,30,0.0,0.0,0.9984584,0.0,0.97956085,0,0.9992575
37,2,0,0,5,1,0,48,0.0,0.0,0.87514895,0.0,0.8841778,0,0.9962437
24,0,0,1,4,1,0,40,0.0,0.0,0.79752576,0.0,0.9131135,0,0.9616053
61,1,7,0,1,1,0,40,0.0,0.0,0.8729793,0.0,0.9315029,0,0.99769527
29,0,7,1,4,1,1,40,1.0,0.0,0.72669566,0.0,0.77138335,0,0.7519958
53,2,1,3,4,0,0,21,1.0,0.0,0.9708077,0.0,0.9393789,0,0.99869055
65,1,3,1,1,1,1,40,0.0,0.0,0.70538235,0.0,0.702586,0,0.86692786
42,2,7,0,5,1,0,38,0.0,0.0,0.9202785,0.0,0.95769435,0,0.9994143
36,2,6,1,0,1,1,50,0.0,0.0,0.8067778,0.0,0.94176453,0,0.99874544
49,2,1,1,0,1,1,40,0.0,1.0,0.41418028,1.0,0.4969542,1,0.49899903
48,2,1,1,3,1,0,70,1.0,1.0,0.23518205,1.0,0.43041235,1,0.023803478
18,0,6,3,5,1,0,25,0.0,0.0,0.99981916,0.0,0.9907615,0,0.99936956
65,2,6,4,5,1,0,8,0.0,0.0,0.97677374,0.0,0.9468446,0,0.9985989
41,2,7,2,5,0,0,40,0.0,0.0,0.9650919,0.0,0.89923465,0,0.9990188
38,1,6,0,1,1,0,40,0.0,0.0,0.9753027,0.0,0.9759175,0,0.99908197
79,3,3,1,0,1,1,40,0.0,0.0,0.75002277,0.0,0.5996231,0,0.8469531
28,2,3,3,5,1,1,40,0.0,0.0,0.96758527,0.0,0.97968864,0,0.9992779
59,1,3,1,1,1,1,60,0.0,0.0,0.5332706,0.0,0.5256295,0,0.7789689
27,2,1,1,5,1,1,40,1.0,1.0,0.45215023,0.0,0.5538485,0,0.57303774
52,2,6,4,4,0,0,40,0.0,0.0,0.98763984,0.0,0.96363646,0,0.99867034
27,3,3,1,0,1,1,40,0.0,0.0,0.8760267,0.0,0.90444946,0,0.90055114
33,1,3,3,1,1,1,40,0.0,0.0,0.96767956,0.0,0.9804406,0,0.9992505
34,2,3,1,0,0,1,40,0.0,0.0,0.85350513,0.0,0.8846189,0,0.9028459
52,0,3,0,5,1,1,45,0.0,0.0,0.75021595,0.0,0.9635162,0,0.99860233
43,2,7,1,0,1,1,40,0.0,0.0,0.64522296,0.0,0.6166184,0,0.7295675
48,3,1,1,5,0,1,40,0.0,1.0,0.38180345,1.0,0.27460718,1,1.5070765e-06
34,1,6,0,1,1,1,40,0.0,0.0,0.97494316,0.0,0.9805509,0,0.9992481
78,1,1,1,1,1,1,3,0.0,0.0,0.8791715,0.0,0.84506345,0,0.91727364
39,2,1,3,2,1,1,40,1.0,0.0,0.67283213,0.0,0.75780696,0,0.99749255
48,2,3,1,5,1,0,40,1.0,0.0,0.5236719,1.0,0.4911673,0,0.6480338
28,2,3,3,0,1,1,60,0.0,0.0,0.9649466,0.0,0.9251309,0,0.9933942
46,2,0,1,0,1,1,40,0.0,1.0,0.46247107,0.0,0.52547145,0,0.7768107
29,2,1,3,4,1,1,35,0.0,0.0,0.95160866,0.0,0.9654973,0,0.999622
52,3,2,1,2,1,1,65,1.0,1.0,0.17925411,1.0,0.12128794,1,3.8815888e-05
24,1,0,3,1,1,1,12,0.0,0.0,0.9948836,0.0,0.98413676,0,0.99945325
47,0,1,0,2,0,0,40,0.0,0.0,0.7877705,0.0,0.8433207,0,0.99953234
63,2,3,3,0,1,1,40,0.0,0.0,0.84533775,0.0,0.9186669,0,0.963051
59,1,7,1,1,1,1,40,0.0,0.0,0.5630187,0.0,0.6296557,0,0.6758612
43,2,3,1,5,1,1,40,1.0,0.0,0.5099416,1.0,0.44184667,0,0.72628814
64,2,3,1,5,1,1,20,0.0,0.0,0.720137,0.0,0.7630185,0,0.86676687
25,2,6,3,0,1,1,40,0.0,0.0,0.9940788,0.0,0.9791064,0,0.99923
33,2,1,1,5,1,1,50,1.0,1.0,0.2722987,1.0,0.29543233,1,0.019295674
34,2,1,3,0,1,0,39,0.0,0.0,0.96386385,0.0,0.97689813,0,0.9990307
19,2,7,3,4,1,0,40,0.0,0.0,0.9983547,0.0,0.9791514,0,0.9993305
24,2,1,3,2,1,1,30,0.0,0.0,0.9556384,0.0,0.984034,0,0.99963665
44,2,6,1,0,0,1,40,0.0,0.0,0.88643765,0.0,0.94238734,0,0.9987723
27,2,6,0,0,1,0,40,0.0,0.0,0.9906943,0.0,0.9787502,0,0.9992207
52,0,0,1,5,1,1,40,0.0,1.0,0.32565206,1.0,0.2266643,1,4.4347795e-05
34,0,3,3,0,0,1,60,0.0,0.0,0.9574539,0.0,0.94208807,0,0.9987789
42,2,6,1,0,1,1,45,0.0,0.0,0.80655587,0.0,0.9400242,0,0.9986278
28,2,7,3,3,0,1,50,0.0,0.0,0.96296716,0.0,0.9348801,0,0.9991227
36,0,1,3,2,0,0,40,0.0,0.0,0.91405725,0.0,0.9446187,0,0.9995734
21,2,6,3,0,1,1,40,0.0,0.0,0.9973159,0.0,0.9793169,0,0.99924076
49,2,7,1,0,0,1,60,0.0,0.0,0.60526806,0.0,0.5171328,0,0.55262053
34,2,0,0,0,1,1,40,0.0,0.0,0.9329862,0.0,0.98334736,0,0.99939597
31,2,3,1,0,1,1,40,1.0,0.0,0.8111576,0.0,0.88446635,0,0.90845007
21,2,7,3,5,1,0,20,0.0,0.0,0.9982438,0.0,0.98114026,0,0.9995259
32,2,3,3,0,1,1,50,0.0,0.0,0.94991827,0.0,0.9257403,0,0.99886215
51,3,3,1,3,1,1,40,0.0,0.0,0.5489181,0.0,0.63388014,0,0.85547715
30,2,7,1,3,1,1,40,1.0,0.0,0.690921,0.0,0.6580425,0,0.7100069
39,2,3,3,3,1,0,60,0.0,0.0,0.9070519,0.0,0.7597311,0,0.9271932
20,2,7,3,0,1,1,25,0.0,0.0,0.99818605,0.0,0.988842,0,0.99934644
31,2,3,3,5,1,0,40,0.0,0.0,0.96593183,0.0,0.9790184,0,0.99936
26,2,3,3,0,1,1,60,0.0,0.0,0.9720782,0.0,0.92612,0,0.9948679
36,2,1,0,2,1,0,40,0.0,0.0,0.71680427,0.0,0.95884144,0,0.99948883
49,2,3,2,0,1,0,40,0.0,0.0,0.9761012,0.0,0.9447448,0,0.99842644
51,2,3,1,5,1,0,20,0.0,0.0,0.687292,0.0,0.69611204,0,0.86680055
57,3,3,1,2,0,1,60,1.0,0.0,0.6328062,0.0,0.5082315,0,0.5113561
22,2,7,3,3,0,1,25,0.0,0.0,0.99791014,0.0,0.98772293,0,0.9996742
18,2,6,3,4,1,1,40,0.0,0.0,0.9992884,0.0,0.9789219,0,0.9992275
28,3,3,1,0,1,1,40,0.0,0.0,0.8639279,0.0,0.9053399,0,0.9008612
49,2,6,1,0,1,1,40,0.0,0.0,0.8582849,0.0,0.92436343,0,0.99789065
57,3,2,1,3,1,1,40,1.0,1.0,0.16071695,1.0,0.15552235,1,9.8467164e-05
39,2,3,3,0,1,1,40,0.0,0.0,0.92477566,0.0,0.9786663,0,0.99921596
28,2,1,1,2,1,1,50,0.0,1.0,0.38400662,1.0,0.47465736,1,0.085578
34,2,3,3,4,1,0,35,0.0,0.0,0.9903431,0.0,0.97871524,0,0.99922013
37,3,3,1,0,1,1,40,0.0,0.0,0.7888966,0.0,0.8113036,0,0.8683379
20,2,6,3,0,1,1,40,0.0,0.0,0.99800235,0.0,0.9793184,0,0.99924076
34,2,3,1,0,0,1,52,0.0,0.0,0.8022646,0.0,0.78491026,0,0.86136
59,3,1,4,2,1,0,50,1.0,0.0,0.6592282,1.0,0.44704533,0,0.7046511
30,2,3,1,0,1,1,40,0.0,0.0,0.8282283,0.0,0.88408715,0,0.9084467
46,2,0,1,0,0,1,36,0.0,0.0,0.66497463,0.0,0.6369556,0,0.8558414
36,2,6,1,0,1,1,40,0.0,0.0,0.90003806,0.0,0.92811596,0,0.998926
51,2,7,1,5,1,1,40,1.0,1.0,0.3641132,0.0,0.6123993,1,0.0056379
57,2,6,1,4,1,1,40,0.0,0.0,0.8365502,0.0,0.9006633,0,0.95608944
52,0,2,1,2,1,1,70,1.0,1.0,0.19006401,1.0,0.16548437,1,1.4460031e-05
61,1,3,1,1,1,1,38,1.0,0.0,0.765412,0.0,0.78101254,0,0.87578565
40,2,6,1,0,1,1,40,0.0,0.0,0.8859447,0.0,0.9419163,0,0.9987872
26,2,7,3,0,1,1,40,0.0,0.0,0.97873455,0.0,0.97923505,0,0.9992372
51,2,3,3,5,1,0,40,0.0,0.0,0.8475777,0.0,0.8452792,0,0.9843461
35,0,3,0,2,1,0,40,0.0,0.0,0.8783288,0.0,0.93984616,0,0.9994363
36,2,4,1,5,1,1,40,1.0,1.0,0.15168816,1.0,0.26757586,1,0.0035051585
77,2,3,4,5,1,0,10,0.0,0.0,0.95298576,0.0,0.9220861,0,0.9977145
65,1,0,1,1,1,0,56,1.0,1.0,0.47300225,0.0,0.5941055,0,0.566811
25,2,3,3,0,1,1,40,0.0,0.0,0.9844109,0.0,0.98034114,0,0.9992482
25,2,3,1,0,1,1,40,0.0,0.0,0.895826,0.0,0.8833736,0,0.90789014
43,2,0,3,5,1,0,38,0.0,0.0,0.9224086,0.0,0.8669253,0,0.9987249
55,2,7,0,0,1,0,40,0.0,0.0,0.9472681,0.0,0.95271236,0,0.9926112
34,2,3,1,0,1,1,40,0.0,0.0,0.7777099,0.0,0.8846189,0,0.9028459
48,2,3,0,3,1,1,60,0.0,0.0,0.86828756,0.0,0.8333993,0,0.9972119
36,2,1,1,2,0,1,55,1.0,1.0,0.28334516,1.0,0.1526218,1,0.00038764812
37,2,0,3,3,0,0,6,0.0,0.0,0.997638,0.0,0.98178506,0,0.99947315
54,0,4,3,2,1,0,32,1.0,0.0,0.8459357,0.0,0.883087,0,0.99943525
36,0,7,1,5,1,1,70,0.0,1.0,0.4016112,1.0,0.1326071,1,1.6582646e-05
44,3,3,1,5,1,1,60,0.0,1.0,0.43167442,1.0,0.45007193,0,0.56374544
30,2,1,3,3,1,1,18,0.0,0.0,0.9743212,0.0,0.9266156,0,0.9996798
39,2,3,0,2,1,0,40,0.0,0.0,0.8878246,0.0,0.977912,0,0.9990676
25,2,3,0,3,1,0,40,0.0,0.0,0.98277545,0.0,0.9795346,0,0.999257
54,2,3,1,5,0,1,20,0.0,0.0,0.81168574,0.0,0.75783193,0,0.868066
18,1,3,3,1,1,0,20,0.0,0.0,0.9987073,0.0,0.9795783,0,0.99925894
20,1,7,3,1,1,1,40,0.0,0.0,0.99226415,0.0,0.9908961,0,0.99937016
38,3,0,1,0,1,1,40,0.0,0.0,0.6313325,0.0,0.63695276,0,0.8558413
50,2,3,0,5,1,0,40,0.0,0.0,0.89219016,0.0,0.95806915,0,0.9984831
38,0,1,1,2,1,1,45,1.0,1.0,0.29917747,1.0,0.2404232,1,6.434813e-05
24,2,0,1,3,1,0,20,0.0,0.0,0.95947284,0.0,0.9414147,0,0.99904853
30,2,6,3,0,1,1,50,0.0,0.0,0.9790383,0.0,0.9716316,0,0.9992036
21,2,3,3,5,0,0,40,0.0,0.0,0.99341506,0.0,0.9802904,0,0.9993789
49,1,7,1,1,1,1,20,1.0,0.0,0.7142446,0.0,0.7204504,0,0.90261865
49,0,6,1,4,1,1,40,0.0,0.0,0.8250254,0.0,0.9140821,0,0.997917
31,2,5,1,2,1,0,60,1.0,1.0,0.07490742,1.0,0.15207332,1,5.3763495e-05
44,2,4,0,5,1,1,45,1.0,0.0,0.5392175,1.0,0.27028853,1,0.3575936
35,2,3,2,0,1,1,40,0.0,0.0,0.98348683,0.0,0.97894233,0,0.99922264
29,2,7,0,4,1,1,58,0.0,0.0,0.9168781,0.0,0.94483644,0,0.9989827
33,0,7,1,4,1,1,40,0.0,0.0,0.64801055,0.0,0.65013766,1,0.42905724
17,0,6,3,3,1,1,20,0.0,0.0,0.9999994,0.0,0.99088573,0,0.99938524
45,0,0,1,4,1,1,40,0.0,1.0,0.44894135,1.0,0.38045347,1,0.43625686
37,2,3,3,0,1,1,40,0.0,0.0,0.9359181,0.0,0.9788682,0,0.99921906
48,3,1,1,2,1,0,20,1.0,1.0,0.3678037,1.0,0.4396001,0,0.6545653
43,2,7,1,2,1,1,40,0.0,1.0,0.41750997,1.0,0.32834452,1,0.0014163386
24,2,7,3,3,0,0,40,0.0,0.0,0.9934397,0.0,0.9913706,0,0.9994618
41,3,3,1,0,1,1,40,0.0,0.0,0.7698318,0.0,0.6404922,0,0.85592425
38,2,1,1,2,1,1,40,1.0,1.0,0.29875553,1.0,0.15536588,1,0.00045870384
18,2,6,3,5,1,0,30,0.0,0.0,0.9998161,0.0,0.9796039,0,0.99925905
38,2,1,1,3,1,1,52,1.0,1.0,0.21733636,1.0,0.25157678,1,1.8639656e-05
69,1,3,1,1,1,1,60,1.0,0.0,0.5795053,0.0,0.51599544,0,0.76287836
27,2,7,3,5,0,1,40,0.0,0.0,0.97820497,0.0,0.9286277,0,0.9994937
58,2,7,1,3,1,1,48,0.0,1.0,0.3712378,0.0,0.5312604,1,0.00057378557
29,2,7,1,0,1,1,40,0.0,0.0,0.7878647,0.0,0.875162,0,0.8644262
30,2,7,3,5,1,1,48,0.0,0.0,0.9209212,0.0,0.95560545,0,0.9770256
31,2,3,3,0,1,0,40,0.0,0.0,0.9811825,0.0,0.9776537,0,0.9991742
42,2,1,1,3,1,1,40,1.0,1.0,0.25280988,1.0,0.22131765,1,1.24831095e-05
40,2,6,1,3,1,1,40,0.0,0.0,0.7875267,0.0,0.9298955,0,0.99897975
32,3,1,0,0,0,1,47,0.0,0.0,0.9280312,0.0,0.9794581,0,0.99925226
26,2,1,1,3,1,1,48,1.0,1.0,0.4618348,0.0,0.6100298,1,0.4813765
42,2,4,0,2,1,0,40,0.0,0.0,0.62994874,0.0,0.8705934,0,0.9994367
33,2,3,2,0,1,1,30,0.0,0.0,0.9937898,0.0,0.98034143,0,0.99925464
23,2,3,0,0,1,1,50,0.0,0.0,0.97167194,0.0,0.97926646,0,0.99923205
45,2,4,1,5,1,1,40,1.0,1.0,0.13339365,1.0,0.24921441,1,2.114926e-05
26,2,7,1,5,1,1,40,0.0,0.0,0.7169764,0.0,0.8147816,0,0.80037487
37,3,7,1,3,1,1,60,1.0,1.0,0.44200897,1.0,0.4749756,1,7.579127e-05
31,2,3,3,4,1,0,8,0.0,0.0,0.99802214,0.0,0.9803892,0,0.99926466
27,2,6,1,0,1,1,55,0.0,0.0,0.8457699,0.0,0.94351846,0,0.99874544
37,2,6,2,4,0,0,40,0.0,0.0,0.9978153,0.0,0.9777554,0,0.9991805
21,2,7,3,2,1,0,10,0.0,0.0,0.9985233,0.0,0.96200174,0,0.9996468
60,2,6,1,0,1,1,49,0.0,0.0,0.7408523,0.0,0.88744104,0,0.8753764
45,3,3,1,0,1,1,40,1.0,0.0,0.75369644,0.0,0.6371565,0,0.8558447
28,2,3,1,0,1,1,45,0.0,0.0,0.81867385,0.0,0.8279185,0,0.8794373
46,2,6,4,4,0,0,30,0.0,0.0,0.9896205,0.0,0.9771319,0,0.999009
26,2,7,3,0,1,1,40,0.0,0.0,0.97873455,0.0,0.97923505,0,0.9992372
50,3,3,1,5,1,1,45,1.0,1.0,0.4409659,0.0,0.56384254,0,0.64839876
76,1,6,1,1,1,1,1,0.0,0.0,0.99646425,0.0,0.9557537,0,0.9980673
52,3,6,1,3,1,1,45,0.0,0.0,0.7319456,0.0,0.87316215,0,0.98979974
30,2,7,0,0,0,1,40,0.0,0.0,0.9724439,0.0,0.9876557,0,0.99940157
40,2,1,3,4,0,0,48,0.0,0.0,0.93103814,0.0,0.8604273,0,0.91258687
33,2,1,3,3,1,0,40,0.0,0.0,0.9252859,0.0,0.9639641,0,0.9994295
64,3,3,1,3,1,1,5,0.0,0.0,0.9090884,0.0,0.9050576,0,0.9218357
35,2,7,1,3,1,1,70,0.0,1.0,0.4134786,1.0,0.3461017,1,0.0006254093
64,2,3,1,4,0,1,60,1.0,0.0,0.67109776,0.0,0.5549894,0,0.6468018
26,2,3,1,0,1,1,40,1.0,0.0,0.8838635,0.0,0.88206965,0,0.90813124
37,0,3,1,4,1,0,20,0.0,0.0,0.8412981,0.0,0.9077794,0,0.90196985
58,2,4,0,2,1,1,20,0.0,0.0,0.6956847,0.0,0.96937704,0,0.9995677
19,2,3,3,0,1,1,30,0.0,0.0,0.9984924,0.0,0.98219955,0,0.99925023
51,3,3,1,0,1,1,40,0.0,0.0,0.7356874,0.0,0.6369175,0,0.85584074
27,2,1,3,5,1,1,40,0.0,0.0,0.8986149,0.0,0.93173885,0,0.99923015
20,2,3,3,5,0,0,15,0.0,0.0,0.99839586,0.0,0.9909452,0,0.9993831
57,2,6,0,0,1,1,75,0.0,0.0,0.94850266,0.0,0.9152282,0,0.9980149
24,0,1,3,2,0,1,40,0.0,0.0,0.9536574,0.0,0.9579541,0,0.999495
37,2,7,1,0,1,1,75,1.0,0.0,0.54238415,1.0,0.47484303,0,0.6485735
58,3,3,1,3,1,0,35,1.0,0.0,0.72712815,0.0,0.8133522,0,0.86864275
34,2,3,1,3,1,1,60,0.0,0.0,0.5606955,0.0,0.58380294,0,0.7748759
30,3,7,1,5,1,0,55,1.0,1.0,0.35748518,1.0,0.44322556,0,0.5723981
27,2,3,2,0,1,0,40,0.0,0.0,0.99294424,0.0,0.97872734,0,0.99922085
24,2,1,1,2,0,0,40,0.0,0.0,0.6530113,0.0,0.5780187,1,0.399743
37,3,1,1,0,1,1,55,1.0,1.0,0.44466078,1.0,0.3681724,1,0.3977683
51,2,7,1,5,1,1,40,0.0,1.0,0.3641132,0.0,0.6123993,1,0.0056379
38,2,6,0,3,1,0,40,0.0,0.0,0.97579753,0.0,0.9759346,0,0.9990909
41,3,4,1,5,1,1,50,1.0,1.0,0.14266318,1.0,0.2191472,1,6.730512e-05
55,3,5,4,2,1,1,55,1.0,1.0,0.27423608,1.0,0.22528553,1,0.0030465657
66,3,1,1,3,1,1,40,1.0,1.0,0.3144762,1.0,0.27924627,1,6.138665e-07
39,2,3,3,0,0,0,52,0.0,0.0,0.9634977,0.0,0.920343,0,0.998207
44,2,1,1,0,1,1,12,0.0,0.0,0.76994467,0.0,0.829153,0,0.8808471
72,2,6,0,4,0,0,35,0.0,0.0,0.99531,0.0,0.89239246,0,0.99856216
53,2,3,1,0,1,1,40,1.0,0.0,0.6414137,0.0,0.6369066,0,0.8558405
66,2,0,1,0,1,1,40,1.0,1.0,0.41351974,0.0,0.61702573,0,0.75353146
17,2,6,3,3,1,1,20,0.0,0.0,0.99999964,0.0,0.99065024,0,0.99936646
29,2,7,3,5,1,0,40,0.0,0.0,0.97182155,0.0,0.93269813,0,0.9991302
27,2,3,0,3,1,0,40,0.0,0.0,0.97947335,0.0,0.9794663,0,0.99925274
48,2,6,0,4,1,0,31,0.0,0.0,0.9912333,0.0,0.976691,0,0.9990175
47,2,7,1,0,1,1,40,0.0,0.0,0.6288655,0.0,0.5583867,0,0.67799616
45,2,7,0,4,0,0,40,0.0,0.0,0.97557396,0.0,0.94854134,0,0.9984596
36,2,3,1,0,1,1,50,0.0,0.0,0.71974957,0.0,0.7648032,0,0.8590803
26,0,4,3,2,1,1,40,0.0,0.0,0.9297586,0.0,0.8111402,0,0.9988951
52,2,1,0,0,1,1,40,0.0,0.0,0.85612875,0.0,0.9671163,0,0.98989785
65,2,3,1,0,1,1,30,0.0,0.0,0.7499349,0.0,0.7783972,0,0.87579626
46,1,6,1,1,1,1,40,0.0,0.0,0.8715397,0.0,0.9443167,0,0.99861693
61,2,3,1,0,1,1,40,0.0,0.0,0.6043407,0.0,0.6368996,0,0.8558398
49,2,6,1,4,1,0,40,0.0,0.0,0.8554483,0.0,0.91932356,0,0.99338067
25,2,7,3,0,1,1,40,0.0,0.0,0.98157215,0.0,0.97923565,0,0.9992373
29,3,6,1,4,1,0,5,0.0,0.0,0.99360234,0.0,0.97871315,0,0.99921787
59,2,2,1,2,1,1,50,1.0,1.0,0.11183369,1.0,0.17058694,1,1.1545462e-05
29,2,7,3,5,1,1,45,0.0,0.0,0.93248564,0.0,0.9344896,0,0.99568284
35,2,3,1,0,1,1,40,0.0,0.0,0.76904327,0.0,0.8805417,0,0.8909434
28,2,7,3,5,1,0,26,0.0,0.0,0.9914996,0.0,0.9783524,0,0.99951017
49,0,4,1,2,1,0,50,1.0,1.0,0.2546059,1.0,0.24181122,1,0.00026220406
31,2,3,3,0,1,1,45,0.0,0.0,0.9572288,0.0,0.96731454,0,0.99912745
35,2,7,1,3,1,1,40,1.0,0.0,0.5707454,1.0,0.122403026,1,0.3159528
38,2,1,3,0,1,0,8,0.0,0.0,0.98879534,0.0,0.9724371,0,0.99913245
73,3,6,1,0,1,1,40,0.0,0.0,0.9031825,0.0,0.8897903,0,0.8830625
58,2,7,1,3,1,1,40,1.0,1.0,0.44076097,1.0,0.4926496,1,0.011136523
27,2,1,1,5,1,1,40,0.0,1.0,0.45215023,0.0,0.5538485,0,0.57303774
44,2,4,1,5,1,1,40,1.0,1.0,0.13228613,1.0,0.25221032,1,2.5433397e-05
18,1,7,3,1,1,1,16,0.0,0.0,0.9992508,0.0,0.9804013,0,0.9995944
28,2,1,1,5,1,1,60,0.0,1.0,0.34611624,0.0,0.59685457,1,0.2649117
56,0,7,0,5,1,0,35,0.0,0.0,0.9201424,0.0,0.9344211,0,0.9989503
69,2,3,1,4,1,1,20,0.0,0.0,0.8796069,0.0,0.7774627,0,0.87660265
58,0,1,1,2,1,1,58,0.0,1.0,0.25700945,1.0,0.14079899,1,1.483469e-05
38,2,3,3,4,1,0,40,0.0,0.0,0.97542083,0.0,0.9572419,0,0.99883777
31,2,3,1,0,1,1,40,0.0,0.0,0.8111576,0.0,0.88446635,0,0.90845007
48,0,3,0,0,1,1,40,0.0,0.0,0.93600523,0.0,0.9382414,0,0.9985979
37,2,6,3,4,1,1,40,0.0,0.0,0.98410803,0.0,0.97856766,0,0.99922
23,2,3,3,4,1,0,35,0.0,0.0,0.9971585,0.0,0.9795521,0,0.9992569
25,2,0,0,4,1,0,25,0.0,0.0,0.99253976,0.0,0.990844,0,0.99936944
63,2,3,2,0,1,0,20,0.0,0.0,0.9867581,0.0,0.9414198,0,0.996197
22,0,7,3,4,1,1,45,0.0,0.0,0.98505294,0.0,0.9882442,0,0.99962497
40,0,0,1,4,1,1,40,1.0,1.0,0.46832234,0.0,0.52761114,1,0.4938491
59,0,3,2,4,0,0,40,0.0,0.0,0.9613497,0.0,0.95891845,0,0.9695058
44,2,3,1,0,1,1,40,1.0,0.0,0.70244366,0.0,0.6369424,0,0.8558411
43,2,3,1,4,0,1,40,1.0,0.0,0.82838726,0.0,0.63761055,0,0.85585266
29,2,1,1,0,1,1,20,0.0,0.0,0.85758483,0.0,0.9498587,0,0.92138714
27,2,1,3,0,1,1,40,0.0,0.0,0.95363826,0.0,0.99100786,0,0.9993863
53,2,3,1,0,1,1,40,1.0,0.0,0.6414137,0.0,0.6369066,0,0.8558405
52,2,1,1,3,1,1,40,1.0,1.0,0.22391582,1.0,0.27723837,1,3.921592e-06
41,2,3,1,0,1,1,40,0.0,0.0,0.72370905,0.0,0.6379037,0,0.85585743
30,2,5,3,4,1,0,24,0.0,0.0,0.89567995,0.0,0.96276736,0,0.9996954
43,2,0,1,3,1,1,50,1.0,1.0,0.4097286,0.0,0.5254586,1,0.0041048913
26,2,3,1,3,1,1,40,0.0,0.0,0.85470307,0.0,0.94066346,0,0.9139564
29,2,3,1,5,1,0,20,0.0,0.0,0.83200014,0.0,0.95205224,0,0.9976412
27,3,3,1,0,1,1,50,0.0,0.0,0.82662046,0.0,0.8247144,0,0.8782221
28,1,0,3,1,1,1,40,0.0,0.0,0.9629787,0.0,0.9908834,0,0.9993692
19,2,7,3,4,1,0,20,0.0,0.0,0.9996416,0.0,0.9908689,0,0.9993691
42,2,6,1,0,0,1,40,0.0,0.0,0.8912673,0.0,0.942288,0,0.9987783
26,2,3,1,0,1,1,50,0.0,0.0,0.83718526,0.0,0.81427705,0,0.8724159
44,2,3,3,5,1,1,55,1.0,0.0,0.77375716,0.0,0.8207765,0,0.90545446
29,2,1,3,5,1,0,45,1.0,0.0,0.9058235,0.0,0.7061515,0,0.8769972
20,2,0,3,0,1,1,20,0.0,0.0,0.9969363,0.0,0.98651665,0,0.9993242
28,2,6,3,4,0,0,30,0.0,0.0,0.9991844,0.0,0.9790716,0,0.99922895
30,2,0,0,3,1,1,52,0.0,0.0,0.88418067,0.0,0.9527868,0,0.9993523
31,3,2,3,2,1,0,48,0.0,0.0,0.631929,1.0,0.2837121,1,0.012270732
35,2,3,0,4,1,0,50,0.0,0.0,0.95572007,0.0,0.92952937,0,0.9987985
42,2,1,1,5,0,1,40,1.0,1.0,0.2789681,1.0,0.21985018,1,1.169191e-05
19,2,6,3,0,1,1,25,0.0,0.0,0.9996762,0.0,0.98186016,0,0.99924743
17,2,6,3,3,1,0,20,0.0,0.0,0.9999998,0.0,0.98657626,0,0.9993297
27,2,3,3,0,1,1,40,0.0,0.0,0.9787932,0.0,0.98059523,0,0.99924505
38,0,3,3,5,1,1,45,1.0,0.0,0.88127273,0.0,0.94261247,0,0.99907756
29,2,3,1,0,1,1,60,0.0,0.0,0.7641649,0.0,0.882756,0,0.8640674
45,2,3,3,4,0,0,40,0.0,0.0,0.9744446,0.0,0.9243979,0,0.99832314
42,2,1,1,3,0,1,40,1.0,1.0,0.33117896,1.0,0.22131765,1,1.24831095e-05
34,3,7,1,0,1,1,40,0.0,0.0,0.75930953,0.0,0.6427755,0,0.8560849
23,2,6,3,4,1,1,30,0.0,0.0,0.9987166,0.0,0.9802945,0,0.9992539
52,2,0,1,2,1,1,40,1.0,1.0,0.31012458,1.0,0.46950698,1,0.027039241
34,2,7,1,0,1,1,40,0.0,0.0,0.699442,0.0,0.7605884,0,0.85904264
54,3,1,1,5,1,1,45,1.0,1.0,0.21211195,1.0,0.1643281,1,5.495775e-06
59,2,1,0,5,1,0,40,0.0,0.0,0.77024597,0.0,0.8673693,0,0.9113931
45,2,1,1,5,1,1,60,1.0,1.0,0.17514294,1.0,0.23324513,1,8.66566e-06
30,2,3,0,4,1,0,36,0.0,0.0,0.9876677,0.0,0.9792721,0,0.99924135
38,2,0,0,5,0,0,40,0.0,0.0,0.90746033,0.0,0.96179456,0,0.99938655
57,3,6,1,3,1,1,15,0.0,0.0,0.9487104,0.0,0.91280776,0,0.9984628
31,2,3,3,2,1,1,43,0.0,0.0,0.91536397,0.0,0.9813966,0,0.99932015
23,2,6,3,0,1,1,40,0.0,0.0,0.9958104,0.0,0.97924834,0,0.99923694
51,0,1,1,2,1,0,40,1.0,1.0,0.2605384,1.0,0.34964508,1,0.031334195
37,2,3,1,0,0,1,40,0.0,0.0,0.8328436,0.0,0.89029473,0,0.87185764
26,2,7,3,0,1,1,40,0.0,0.0,0.97873455,0.0,0.97923505,0,0.9992372
32,2,3,3,0,1,1,40,0.0,0.0,0.96072525,0.0,0.98124593,0,0.99922776
43,0,4,1,4,1,1,35,1.0,1.0,0.37182468,1.0,0.23080194,1,3.7975608e-06
47,2,7,4,0,1,0,25,0.0,0.0,0.9608546,0.0,0.927226,0,0.998752
26,2,3,3,5,1,1,40,0.0,0.0,0.9752223,0.0,0.9800086,0,0.99928397
51,2,6,1,0,1,0,40,0.0,0.0,0.85264736,0.0,0.9206378,0,0.99346876
46,2,3,1,5,1,0,28,1.0,0.0,0.6451459,0.0,0.6705659,0,0.8561028
75,2,3,4,5,1,0,40,0.0,0.0,0.9004097,0.0,0.82845306,0,0.87309295
21,2,3,1,2,1,1,40,1.0,0.0,0.8469944,0.0,0.91813433,0,0.9594462
47,2,3,0,3,1,0,45,0.0,0.0,0.93108076,0.0,0.9488569,0,0.9984255
47,2,6,0,5,1,0,40,0.0,0.0,0.9484262,0.0,0.97697496,0,0.9990305
44,2,3,1,0,0,1,40,0.0,0.0,0.8027388,0.0,0.6369424,0,0.8558411
33,2,3,1,0,0,1,40,0.0,0.0,0.8652015,0.0,0.8898081,0,0.9051291
65,2,5,1,2,1,1,60,1.0,1.0,0.072454214,1.0,0.17782998,1,1.1362883e-05
39,2,3,1,3,0,0,28,0.0,0.0,0.9072151,0.0,0.7484464,0,0.8688106
66,1,6,0,1,1,0,20,0.0,0.0,0.98306465,0.0,0.91885114,0,0.9985977
37,2,7,1,0,1,1,40,1.0,0.0,0.67594254,0.0,0.6372109,0,0.85575575
39,0,0,0,4,1,0,55,0.0,0.0,0.883466,0.0,0.93914145,0,0.9986866
40,2,3,0,5,1,0,38,0.0,0.0,0.92683995,0.0,0.977871,0,0.9990702
40,2,7,1,5,1,0,40,1.0,1.0,0.43376976,1.0,0.24605924,1,0.36274737
46,2,7,1,0,1,1,40,0.0,0.0,0.6325588,0.0,0.55818105,0,0.67467815
53,0,7,0,0,1,1,40,0.0,0.0,0.9496273,0.0,0.95009315,0,0.9980775
18,2,7,3,3,1,0,15,0.0,0.0,0.9998489,0.0,0.9820978,0,0.9995283
41,2,1,1,3,1,1,50,1.0,1.0,0.20435119,1.0,0.21235746,1,1.2215652e-05
39,2,0,2,2,1,0,30,0.0,0.0,0.95898086,0.0,0.9489237,0,0.9995011
62,2,6,1,0,1,1,24,0.0,0.0,0.94102407,0.0,0.8820746,0,0.929573
42,3,6,1,4,0,0,50,0.0,0.0,0.89035404,0.0,0.9076538,0,0.9229883
31,0,3,1,5,1,1,40,1.0,0.0,0.5661429,0.0,0.69778496,0,0.8424087
40,2,3,0,0,1,1,48,0.0,0.0,0.9376251,0.0,0.9782851,0,0.9989145
49,2,1,1,0,1,1,40,1.0,1.0,0.41418028,1.0,0.4969542,1,0.49899903
36,0,0,1,4,1,0,40,0.0,0.0,0.5820877,0.0,0.5898695,0,0.64249486
33,2,0,3,3,0,1,36,0.0,0.0,0.98699975,0.0,0.9435502,0,0.9995788
52,2,4,0,2,1,0,40,0.0,0.0,0.605692,0.0,0.6880198,0,0.99934655
25,2,6,1,0,1,1,40,0.0,0.0,0.95349103,0.0,0.91018265,0,0.99903834
22,2,7,3,4,0,0,30,0.0,0.0,0.99872595,0.0,0.98499453,0,0.999313
51,0,6,4,4,1,0,24,0.0,0.0,0.98574895,0.0,0.96685416,0,0.9989868
19,2,3,3,3,1,0,12,0.0,0.0,0.99966794,0.0,0.9908897,0,0.9993693
46,2,3,1,3,1,0,40,1.0,0.0,0.70471287,0.0,0.5987133,0,0.8386251
47,2,3,1,0,0,1,40,1.0,0.0,0.7937922,0.0,0.6369356,0,0.85584104
47,2,4,0,4,1,1,40,0.0,0.0,0.65352446,0.0,0.8787765,0,0.99933535
63,3,5,1,2,1,1,50,1.0,1.0,0.08206838,1.0,0.12448239,1,4.9740946e-05
30,2,0,3,4,0,1,40,0.0,0.0,0.98517406,0.0,0.9795212,0,0.999255
43,2,4,1,2,1,1,55,0.0,1.0,0.13953316,1.0,0.23689377,1,2.7536846e-05
31,3,7,1,5,1,0,20,1.0,0.0,0.6722529,0.0,0.6933434,0,0.87391275
26,2,6,1,0,1,1,40,0.0,0.0,0.9471317,0.0,0.9102583,0,0.9990381
24,2,3,3,0,0,1,40,0.0,0.0,0.9919886,0.0,0.98018366,0,0.99924964
32,2,3,3,0,1,1,50,0.0,0.0,0.94991827,0.0,0.9257403,0,0.99886215
22,0,7,1,3,1,1,37,0.0,0.0,0.9300879,0.0,0.960575,0,0.9528191
32,2,7,3,0,1,1,40,0.0,0.0,0.95824057,0.0,0.9790038,0,0.99922717
33,2,1,1,2,1,1,50,0.0,1.0,0.2970754,1.0,0.29541248,1,0.016238734
58,2,6,0,4,1,0,40,0.0,0.0,0.9829556,0.0,0.9699766,0,0.99857295
37,2,3,3,5,1,0,55,0.0,0.0,0.9013377,0.0,0.93740386,0,0.9207975
23,2,1,3,2,1,0,21,0.0,0.0,0.9858815,0.0,0.97878057,0,0.9996854
40,2,0,3,4,1,1,25,0.0,0.0,0.9744305,0.0,0.98594254,0,0.99932957
41,2,3,1,5,1,0,60,0.0,1.0,0.45422602,0.0,0.5414696,0,0.5895333
26,3,3,1,5,1,1,40,0.0,0.0,0.7500692,0.0,0.91722035,0,0.91937006
49,2,3,1,0,1,1,45,1.0,0.0,0.6330315,0.0,0.6359126,0,0.85572135
42,3,0,1,3,1,1,40,0.0,1.0,0.44924825,1.0,0.3935002,1,0.45404306
54,2,1,1,0,1,1,45,1.0,1.0,0.32207644,1.0,0.46831965,1,0.45350227
27,2,3,1,0,1,1,50,0.0,0.0,0.8221382,0.0,0.81366146,0,0.8723703
30,2,1,3,3,1,1,40,0.0,0.0,0.849475,0.0,0.9815524,0,0.9995751
33,2,3,1,0,1,1,40,0.0,0.0,0.78622675,0.0,0.8898081,0,0.9051291
24,2,0,3,0,1,1,40,0.0,0.0,0.9783379,0.0,0.97917324,0,0.9992337
44,2,1,1,2,1,1,45,0.0,1.0,0.23018098,1.0,0.2481857,1,2.0418722e-05
21,2,3,3,0,1,1,35,0.0,0.0,0.9962057,0.0,0.9818076,0,0.9992467
24,2,6,1,0,0,1,40,0.0,0.0,0.95845366,0.0,0.91013694,0,0.9990386
43,3,7,1,5,1,1,45,1.0,1.0,0.40550292,1.0,0.2585075,1,7.8316814e-05
52,2,3,3,0,1,1,55,0.0,0.0,0.8273819,0.0,0.8491495,0,0.87369084
33,2,3,1,0,1,1,40,0.0,0.0,0.78622675,0.0,0.8898081,0,0.9051291
19,3,7,3,3,1,0,16,0.0,0.0,0.999686,0.0,0.9634104,0,0.9996482
39,3,3,0,0,1,1,60,0.0,0.0,0.93555516,0.0,0.9320601,0,0.9987276
53,2,6,1,0,1,1,40,0.0,0.0,0.8501786,0.0,0.8999145,0,0.9978369
56,0,7,0,5,1,0,40,0.0,0.0,0.8838048,0.0,0.93182194,0,0.99879515
40,2,7,3,4,1,0,50,1.0,0.0,0.94738996,0.0,0.8113679,0,0.9456499
30,3,0,1,2,1,1,65,1.0,0.0,0.5166099,0.0,0.5818944,1,0.34864286
28,2,1,1,5,1,1,45,1.0,1.0,0.365512,0.0,0.5510502,1,0.29667398
39,0,0,0,2,1,1,59,0.0,0.0,0.85774475,0.0,0.85661495,0,0.9994691
40,3,0,1,2,1,0,15,1.0,0.0,0.617527,0.0,0.5645598,0,0.86973286
29,0,1,0,2,1,1,50,0.0,0.0,0.77158755,0.0,0.89542365,0,0.99933785
44,2,5,0,2,1,1,45,1.0,1.0,0.3027473,1.0,0.4079209,1,0.35728505
25,3,0,3,0,1,1,55,0.0,0.0,0.9744938,0.0,0.94482625,0,0.9982065
66,2,3,4,4,1,0,50,0.0,0.0,0.9409063,0.0,0.88352567,0,0.8748409
53,3,6,1,0,1,1,40,0.0,0.0,0.90045667,0.0,0.8421904,0,0.997675
47,1,3,1,1,1,0,8,1.0,0.0,0.90065724,0.0,0.82431376,0,0.9162342
45,3,1,0,2,1,1,35,0.0,0.0,0.8245441,0.0,0.9777389,0,0.9995677
51,2,7,1,3,1,1,40,1.0,1.0,0.4446664,0.0,0.51583076,1,0.012444735
19,3,7,3,4,1,0,22,0.0,0.0,0.9995034,0.0,0.9829296,0,0.999288
34,0,4,3,2,1,0,40,0.0,0.0,0.91716784,0.0,0.9773711,0,0.99961215
39,2,1,1,2,1,1,40,1.0,1.0,0.29335123,1.0,0.18084383,1,0.00015505108
38,3,3,1,0,1,1,70,0.0,0.0,0.72382975,0.0,0.6369007,0,0.85584354
46,2,7,1,5,1,1,40,0.0,1.0,0.37659347,0.0,0.6501149,1,0.0037915115
46,1,3,0,1,0,0,40,0.0,0.0,0.96960104,0.0,0.9332079,0,0.99848336
31,2,7,1,3,1,1,40,1.0,0.0,0.6662742,0.0,0.7019694,0,0.711272
33,3,3,1,0,1,1,40,1.0,0.0,0.813955,0.0,0.911198,0,0.89102924
38,2,1,1,5,1,1,40,1.0,1.0,0.24994284,1.0,0.20513254,1,3.2155025e-05
64,2,7,4,5,1,0,3,0.0,0.0,0.9714269,0.0,0.9385126,0,0.99839705
52,2,3,1,5,1,1,40,0.0,1.0,0.4722864,0.0,0.5140735,0,0.59956867
17,2,6,3,0,1,1,10,0.0,0.0,0.9999998,0.0,0.98864484,0,0.99935526
53,3,3,1,0,1,1,60,0.0,0.0,0.6738522,0.0,0.6363523,0,0.85577416
51,0,0,0,5,1,0,50,0.0,0.0,0.85555494,0.0,0.85701984,0,0.90704983
33,2,1,1,4,1,0,40,0.0,0.0,0.60060644,1.0,0.29339975,1,0.46668136
26,2,1,1,5,1,1,55,0.0,1.0,0.39368218,0.0,0.532155,0,0.64489347
35,2,7,3,4,1,1,40,0.0,0.0,0.96521217,0.0,0.979077,0,0.99923027
61,1,3,1,1,0,1,6,0.0,0.0,0.96269435,0.0,0.76875144,0,0.9015444
74,3,3,1,5,1,1,30,1.0,0.0,0.67080665,0.0,0.5965322,0,0.84406495
36,2,3,0,0,1,1,55,0.0,0.0,0.9363894,0.0,0.9487665,0,0.99882466
21,0,7,3,5,0,0,12,0.0,0.0,0.99886566,0.0,0.9902594,0,0.9996549
23,2,1,3,5,1,0,40,0.0,0.0,0.9701915,0.0,0.97508246,0,0.9993992
38,2,6,3,2,1,1,90,1.0,0.0,0.9131956,0.0,0.9422854,0,0.9987789
31,0,0,3,5,1,0,35,0.0,0.0,0.9858032,0.0,0.9525228,0,0.9995766
32,0,7,1,0,1,1,60,1.0,0.0,0.6829208,1.0,0.46569806,0,0.63802564
36,0,1,1,4,1,1,55,1.0,1.0,0.28741133,1.0,0.1539343,1,7.698928e-06
33,2,7,1,5,1,1,40,1.0,0.0,0.54521406,1.0,0.3536268,1,0.41150576
48,0,0,0,2,1,0,56,1.0,0.0,0.8627302,0.0,0.8464843,0,0.99202275
31,2,7,1,4,1,1,55,0.0,0.0,0.59261227,1.0,0.4752738,0,0.6585703
36,2,7,3,5,1,0,40,0.0,0.0,0.94911385,0.0,0.92741334,0,0.9988538
50,2,1,1,5,1,0,40,1.0,1.0,0.23045605,1.0,0.36948967,1,0.22901091
28,2,0,3,4,1,0,38,0.0,0.0,0.9943913,0.0,0.9791952,0,0.999236
59,3,7,1,3,1,1,40,0.0,1.0,0.4216913,1.0,0.37914288,1,0.06371741
30,2,7,3,5,0,0,40,0.0,0.0,0.9782064,0.0,0.9341492,0,0.99911565
22,2,1,3,3,1,0,16,0.0,0.0,0.9978589,0.0,0.982447,0,0.999658
21,2,0,3,4,0,1,35,0.0,0.0,0.9979757,0.0,0.9904812,0,0.9993647
27,0,3,3,2,0,0,40,0.0,0.0,0.9729022,0.0,0.988423,0,0.99948055
29,3,3,1,3,1,1,35,0.0,0.0,0.84101605,0.0,0.9704638,0,0.999042
54,2,3,3,5,1,0,40,0.0,0.0,0.8251501,0.0,0.8902281,0,0.91586
43,2,3,1,0,1,1,30,0.0,0.0,0.8220513,0.0,0.88306683,0,0.88263285
40,2,0,1,3,1,1,50,0.0,1.0,0.4226067,1.0,0.4091599,1,0.03345271
29,2,0,3,2,1,0,40,1.0,0.0,0.9593328,0.0,0.979987,0,0.9995253
37,2,6,1,0,0,1,40,0.0,0.0,0.902667,0.0,0.9326735,0,0.9988833
58,2,6,1,0,1,1,40,0.0,0.0,0.8398074,0.0,0.92838216,0,0.9022861
64,2,7,4,4,1,0,35,0.0,0.0,0.9659706,0.0,0.9190148,0,0.99741817
52,0,4,1,2,1,0,40,1.0,1.0,0.28585726,1.0,0.36371487,1,0.004757715
46,0,1,0,2,1,1,40,0.0,0.0,0.72832364,0.0,0.92161983,0,0.99954766
20,2,3,3,4,1,1,40,0.0,0.0,0.9950201,0.0,0.9788909,0,0.9992243
28,2,7,3,5,1,0,40,0.0,0.0,0.9746316,0.0,0.9522413,0,0.99921024
42,2,3,1,0,1,1,55,0.0,0.0,0.6621146,0.0,0.63690877,0,0.85583943
25,2,6,1,0,1,1,40,0.0,0.0,0.95349103,0.0,0.91018265,0,0.99903834
67,0,3,1,4,1,1,40,1.0,0.0,0.58130366,0.0,0.58877957,0,0.84366554
32,2,3,1,0,1,1,80,1.0,0.0,0.7164162,0.0,0.7973838,0,0.86065245
43,2,1,3,2,1,0,40,1.0,0.0,0.7554255,0.0,0.65880734,0,0.9993017
31,2,7,1,0,1,1,45,0.0,0.0,0.66318923,0.0,0.75666136,0,0.86299247
27,2,3,0,0,1,1,50,0.0,0.0,0.96039426,0.0,0.9790293,0,0.99922466
49,2,1,1,5,1,0,43,0.0,1.0,0.21724766,1.0,0.42387104,1,0.18675295
20,2,7,3,4,1,0,20,0.0,0.0,0.9994769,0.0,0.9908755,0,0.99936897
37,2,3,0,0,1,1,40,0.0,0.0,0.95355135,0.0,0.9803389,0,0.9992366
40,0,1,1,2,1,1,40,1.0,1.0,0.35336643,1.0,0.21210194,1,1.9283723e-05
45,3,6,0,0,0,1,35,0.0,0.0,0.9956069,0.0,0.9768624,0,0.99907935
49,2,0,1,3,1,1,45,0.0,1.0,0.4069903,0.0,0.5260184,1,0.013588168
39,3,7,2,0,1,1,60,1.0,0.0,0.95305794,0.0,0.86174554,0,0.9099643
31,2,3,3,0,0,1,40,0.0,0.0,0.98064566,0.0,0.9809449,0,0.999236
21,2,3,3,0,1,1,40,0.0,0.0,0.9932848,0.0,0.97983325,0,0.9992518
39,0,0,0,2,1,0,40,0.0,0.0,0.8915595,0.0,0.94161886,0,0.9995555
40,2,6,3,4,0,0,40,0.0,0.0,0.9940134,0.0,0.9757732,0,0.9989526
47,2,3,1,4,1,0,40,0.0,0.0,0.77992165,0.0,0.63690627,0,0.8558405
22,2,7,3,0,1,1,40,0.0,0.0,0.98946905,0.0,0.9791717,0,0.99923444
26,2,7,1,0,1,1,40,0.0,0.0,0.83779025,0.0,0.83495027,0,0.8739197
28,2,3,0,0,1,1,60,0.0,0.0,0.9488269,0.0,0.93840456,0,0.9989736
51,2,7,1,3,1,1,40,0.0,1.0,0.4446664,0.0,0.51583076,1,0.012444735
41,2,3,3,3,0,0,40,0.0,0.0,0.9669498,0.0,0.9783965,0,0.9989165
46,2,3,1,0,0,1,40,0.0,0.0,0.7969793,0.0,0.63692117,0,0.85584074
43,2,1,1,5,1,1,60,1.0,1.0,0.18238771,1.0,0.22352308,1,9.5649475e-06
26,2,5,1,2,1,1,40,1.0,1.0,0.08077896,1.0,0.3988042,1,0.026617644
34,2,3,1,0,1,1,40,0.0,0.0,0.7777099,0.0,0.8846189,0,0.9028459
27,2,3,1,0,1,1,40,1.0,0.0,0.871626,0.0,0.8812948,0,0.90835494
20,2,3,3,3,1,0,35,0.0,0.0,0.9985984,0.0,0.9908787,0,0.9993693
43,0,7,0,5,1,0,40,0.0,0.0,0.8682513,0.0,0.8302614,0,0.9993801
31,3,3,1,5,1,1,40,0.0,0.0,0.6353024,0.0,0.7078833,0,0.87090105
45,2,1,1,3,1,1,45,1.0,1.0,0.20031148,1.0,0.21707177,1,1.1600825e-05
24,2,1,3,5,1,1,40,0.0,0.0,0.931098,0.0,0.9189774,0,0.9992219
32,2,3,1,0,0,1,40,0.0,0.0,0.87638867,0.0,0.8852514,0,0.908285
69,2,3,1,3,1,0,40,0.0,0.0,0.67473716,0.0,0.54861295,0,0.7794044
34,3,3,1,5,1,1,45,0.0,0.0,0.5396321,0.0,0.680099,0,0.8548468
20,2,7,3,4,1,1,40,0.0,0.0,0.99457705,0.0,0.98067784,0,0.999265
26,0,7,1,5,1,1,12,0.0,0.0,0.9479455,0.0,0.9538228,0,0.99936324
24,2,3,3,0,0,1,50,0.0,0.0,0.98844814,0.0,0.912253,0,0.99904007
17,2,6,3,4,1,0,6,0.0,0.0,0.99999994,0.0,0.98087573,0,0.99926883
17,2,6,3,3,1,0,20,0.0,0.0,0.9999998,0.0,0.98657626,0,0.9993297
49,2,6,0,4,0,1,37,0.0,0.0,0.9936624,0.0,0.97606987,0,0.99908006
26,2,3,3,3,1,0,50,0.0,0.0,0.9786282,0.0,0.9399558,0,0.99918765
29,2,4,3,2,0,1,42,0.0,0.0,0.80296564,0.0,0.734813,0,0.8715078
56,3,7,1,0,1,1,60,0.0,0.0,0.56762004,0.0,0.5550144,0,0.64678437
34,2,6,3,4,1,1,30,0.0,0.0,0.9955295,0.0,0.98063546,0,0.99924845
23,2,1,3,3,0,1,50,0.0,0.0,0.9462881,0.0,0.9085438,0,0.9313325
52,3,7,1,5,1,0,40,1.0,1.0,0.31506336,1.0,0.37410545,0,0.5001356
35,2,3,3,4,0,0,40,0.0,0.0,0.98662764,0.0,0.97631055,0,0.99906284
38,0,1,1,4,1,1,60,0.0,1.0,0.24913698,1.0,0.2091608,1,5.1246643e-06
54,2,2,1,5,1,1,50,1.0,1.0,0.10642135,1.0,0.14542848,1,1.4639452e-05
19,2,3,3,0,1,1,40,0.0,0.0,0.996722,0.0,0.9795984,0,0.99925095
38,2,7,3,3,1,1,50,0.0,0.0,0.861634,0.0,0.88447285,0,0.99338174
43,2,4,1,5,1,1,50,1.0,1.0,0.11027259,1.0,0.22717637,1,2.2323988e-05
50,2,7,0,5,1,0,40,0.0,0.0,0.8901074,0.0,0.9243992,0,0.9975979
23,2,1,3,5,1,0,25,0.0,0.0,0.99048847,0.0,0.99171627,0,0.99963343
37,2,0,1,4,1,1,50,1.0,1.0,0.45783252,1.0,0.44272,0,0.6586637
21,2,7,3,4,1,0,40,0.0,0.0,0.9968496,0.0,0.97776914,0,0.99928266
41,2,5,1,2,1,0,40,1.0,1.0,0.0912351,1.0,0.155388,1,2.974665e-06
42,2,7,0,5,1,0,45,0.0,0.0,0.86443657,0.0,0.876004,0,0.9939996
21,1,7,3,1,1,0,30,0.0,0.0,0.99603254,0.0,0.99088484,0,0.9993692
67,1,6,0,1,1,0,40,0.0,0.0,0.9688425,0.0,0.89826834,0,0.99855286
24,2,3,3,0,1,0,49,0.0,0.0,0.9886817,0.0,0.91648376,0,0.9990834
71,2,4,0,2,1,0,15,0.0,0.0,0.8141199,0.0,0.82978463,0,0.9987676
26,2,3,3,0,1,1,45,0.0,0.0,0.97622246,0.0,0.9590229,0,0.9991855
50,2,7,1,0,1,1,40,1.0,0.0,0.61960304,0.0,0.5577834,0,0.655874
28,2,7,1,4,1,1,70,0.0,0.0,0.63311774,0.0,0.75854695,0,0.66443944
24,2,1,3,4,1,0,30,0.0,0.0,0.9944764,0.0,0.98339593,0,0.9994886
24,2,3,3,0,1,1,50,0.0,0.0,0.98075336,0.0,0.912253,0,0.99904007
21,2,7,3,0,1,1,40,0.0,0.0,0.99161375,0.0,0.9791143,0,0.9992318
28,2,3,3,0,1,1,48,0.0,0.0,0.96851224,0.0,0.9182445,0,0.998993
23,2,3,3,0,1,1,65,0.0,0.0,0.98084724,0.0,0.96123064,0,0.9160674
18,2,7,3,5,1,0,20,0.0,0.0,0.99946016,0.0,0.9864369,0,0.99955076
19,0,3,0,5,1,0,35,0.0,0.0,0.9780405,0.0,0.98330307,0,0.9994855
33,2,1,1,2,1,1,40,1.0,1.0,0.3438173,1.0,0.33524275,1,0.04220842
49,3,1,1,0,1,1,50,0.0,1.0,0.3986972,1.0,0.4940359,1,0.49713537
30,2,6,0,0,1,1,40,0.0,0.0,0.9877481,0.0,0.9821447,0,0.9992366
22,2,7,3,5,1,1,40,0.0,0.0,0.9838581,0.0,0.9443141,0,0.99955815
52,2,6,1,0,1,1,40,0.0,0.0,0.8521984,0.0,0.8974318,0,0.9979436
36,0,4,3,2,1,0,40,0.0,0.0,0.90370303,0.0,0.90817356,0,0.99951077
26,3,1,1,5,1,1,20,0.0,0.0,0.6892957,0.0,0.86013234,0,0.86276793
38,0,7,0,4,1,1,75,0.0,0.0,0.8311296,0.0,0.79568887,0,0.9300173
19,2,3,3,5,1,0,14,0.0,0.0,0.9990584,0.0,0.9909348,0,0.9993807
31,2,3,1,5,1,1,35,0.0,0.0,0.75386864,0.0,0.914458,0,0.90699255
36,0,0,2,5,0,0,40,0.0,0.0,0.9791728,0.0,0.93593675,0,0.99948335
21,2,0,3,2,1,0,40,0.0,0.0,0.98874235,0.0,0.9897651,0,0.99955946
54,2,1,1,4,1,1,48,0.0,1.0,0.20810175,1.0,0.23643869,1,0.0002191065
35,2,1,3,3,1,0,40,1.0,0.0,0.91166925,0.0,0.92947495,0,0.99937004
27,2,3,1,4,1,1,40,0.0,0.0,0.88011134,0.0,0.9009226,0,0.9104804
36,2,3,0,0,1,1,45,1.0,0.0,0.9441043,0.0,0.977388,0,0.99915445
25,3,0,3,3,1,1,50,0.0,0.0,0.97304404,0.0,0.98888934,0,0.9995679
33,3,7,1,5,1,1,45,0.0,1.0,0.45882106,1.0,0.26025343,1,0.40355095
38,2,7,1,5,1,1,50,1.0,1.0,0.36103618,1.0,0.35578525,1,5.7547397e-05
25,0,1,3,5,0,0,40,0.0,0.0,0.9771231,0.0,0.9358156,0,0.9995809
46,3,3,1,0,1,1,50,0.0,0.0,0.7094462,0.0,0.63690615,0,0.8558405
24,2,3,3,5,1,1,50,0.0,0.0,0.9702531,0.0,0.9399828,0,0.9986645
34,2,7,1,0,1,1,40,0.0,0.0,0.699442,0.0,0.7605884,0,0.85904264
21,3,7,3,5,1,0,15,0.0,0.0,0.99853003,0.0,0.95361423,0,0.9995988
44,2,7,3,4,0,1,55,0.0,0.0,0.9195295,0.0,0.7670936,0,0.902748
28,2,0,3,3,1,1,20,0.0,0.0,0.9906677,0.0,0.9738031,0,0.9996265
28,2,1,3,3,1,1,40,0.0,0.0,0.87800753,0.0,0.9919493,0,0.99957687
28,2,0,1,2,1,1,40,1.0,0.0,0.62038517,0.0,0.91256523,0,0.7902814
27,0,1,3,2,1,1,30,0.0,0.0,0.9547574,0.0,0.97315806,0,0.99957687
24,2,3,3,4,1,0,30,0.0,0.0,0.99703425,0.0,0.9795843,0,0.99925727
40,2,5,1,2,1,1,55,1.0,1.0,0.059247434,1.0,0.15340644,1,0.00010288938
53,2,3,0,0,1,1,40,0.0,0.0,0.9319334,0.0,0.93412155,0,0.99837226
44,2,7,1,0,1,1,60,1.0,0.0,0.51095605,1.0,0.49752897,0,0.6446792
39,0,7,2,5,0,0,30,0.0,0.0,0.98375386,0.0,0.94025713,0,0.9995504
20,1,3,3,1,1,0,35,0.0,0.0,0.99580574,0.0,0.97944385,0,0.99925107
48,2,3,1,4,1,1,40,0.0,0.0,0.6578624,0.0,0.63691235,0,0.8558407
47,2,3,3,4,1,0,40,0.0,0.0,0.95665246,0.0,0.93416435,0,0.9984137
33,2,1,3,3,1,0,40,0.0,0.0,0.9252859,0.0,0.9639641,0,0.9994295
27,0,1,3,5,0,1,48,0.0,0.0,0.90106344,0.0,0.7268714,0,0.89057094
41,2,0,0,5,0,0,50,0.0,0.0,0.88540715,0.0,0.8665388,0,0.9761286
22,1,7,3,1,1,1,35,0.0,0.0,0.993132,0.0,0.98677653,0,0.9994154
47,2,3,1,4,0,0,40,0.0,0.0,0.8682919,0.0,0.63690627,0,0.8558405
40,2,7,3,5,1,0,40,0.0,0.0,0.9335206,0.0,0.88010335,0,0.9975495
47,2,3,1,0,1,1,48,1.0,0.0,0.64062536,0.0,0.63483685,0,0.85559225
40,0,5,3,5,1,1,60,1.0,1.0,0.30067128,1.0,0.30629665,1,0.012941506
21,1,7,3,1,1,1,50,0.0,0.0,0.98074543,0.0,0.9476433,0,0.9991999
25,3,1,3,3,1,1,80,0.0,0.0,0.86538196,0.0,0.6378734,0,0.8903885
31,1,7,3,1,0,0,40,0.0,0.0,0.9834366,0.0,0.9787459,0,0.9992211
20,2,7,3,0,1,0,40,0.0,0.0,0.99664086,0.0,0.9767444,0,0.99921453
37,2,6,1,0,1,1,85,0.0,0.0,0.78922665,0.0,0.8819038,0,0.90735084
25,2,3,3,0,0,1,40,0.0,0.0,0.9905883,0.0,0.98034114,0,0.9992482
57,2,1,1,5,1,1,40,1.0,1.0,0.20950389,1.0,0.2566839,1,4.410003e-06
40,0,7,1,5,1,0,40,1.0,1.0,0.4535073,1.0,0.4035076,1,0.2506006
69,1,3,0,1,1,0,35,0.0,0.0,0.96036166,0.0,0.94657826,0,0.99775714
39,0,1,1,5,0,0,40,0.0,1.0,0.38527548,1.0,0.37750226,1,0.041253876
35,2,3,1,0,0,1,40,0.0,0.0,0.84437823,0.0,0.8805417,0,0.8909434
47,2,1,0,0,1,1,51,1.0,0.0,0.8130246,0.0,0.79291856,0,0.880801
18,3,6,3,4,1,0,4,0.0,0.0,0.99998945,0.0,0.98470855,0,0.9992841
47,2,7,1,5,0,0,40,1.0,0.0,0.6076628,1.0,0.24592733,1,0.3650627
18,2,6,3,4,1,1,20,0.0,0.0,0.99984676,0.0,0.9806346,0,0.9992549
44,2,1,1,0,1,1,50,1.0,1.0,0.33877397,1.0,0.37661314,1,0.28771773
42,2,1,1,2,1,0,55,0.0,1.0,0.24406523,1.0,0.46089947,1,0.038007468
28,3,1,3,5,1,1,50,0.0,0.0,0.8179202,0.0,0.70522,0,0.8572559
18,2,6,3,3,0,0,40,0.0,0.0,0.99972326,0.0,0.97884,0,0.9992219
24,2,7,3,3,1,0,20,0.0,0.0,0.9985468,0.0,0.9859548,0,0.9994948
41,2,3,1,0,1,1,60,1.0,0.0,0.6624017,0.0,0.63691556,0,0.85583764
27,2,3,0,4,1,1,30,0.0,0.0,0.9893442,0.0,0.98851943,0,0.9993955
53,2,4,1,3,1,1,60,1.0,1.0,0.13161463,1.0,0.13080823,1,1.4212437e-05
17,0,6,3,4,1,0,40,0.0,0.0,0.9999982,0.0,0.97930723,0,0.9992429
51,0,3,1,0,0,1,60,0.0,0.0,0.622101,0.0,0.5764208,0,0.75416327
25,2,0,1,0,1,1,40,0.0,0.0,0.78871834,0.0,0.83398277,0,0.8739606
30,2,6,1,0,1,1,40,0.0,0.0,0.9240723,0.0,0.91151035,0,0.9990381
63,2,7,1,2,1,1,40,0.0,1.0,0.38265485,0.0,0.7094985,1,0.0025972878
33,2,3,3,4,0,0,40,0.0,0.0,0.98858845,0.0,0.9786601,0,0.999218
52,2,3,0,0,1,1,40,0.0,0.0,0.93347615,0.0,0.9401886,0,0.998343
32,2,1,3,2,1,1,40,0.0,0.0,0.7988025,0.0,0.9653467,0,0.9994697
59,1,3,1,1,1,0,40,1.0,0.0,0.7270387,0.0,0.6803302,0,0.86684275
38,3,7,1,0,1,1,35,0.0,0.0,0.8211268,0.0,0.7811257,0,0.8684736
43,0,1,1,2,1,0,45,1.0,1.0,0.26749867,1.0,0.30108953,1,0.009492933
32,2,7,1,0,1,1,84,1.0,0.0,0.57307243,1.0,0.24089384,0,0.5902782
19,2,7,3,3,1,0,25,0.0,0.0,0.99949294,0.0,0.99049556,0,0.999481
23,2,7,3,0,1,1,15,0.0,0.0,0.9980004,0.0,0.98702776,0,0.99941206
33,2,7,0,5,1,0,40,0.0,0.0,0.92280036,0.0,0.9801498,0,0.9994174
28,2,1,1,2,1,1,43,0.0,1.0,0.39870822,1.0,0.48276234,1,0.091980994
63,2,6,1,3,1,1,40,0.0,0.0,0.7810151,0.0,0.894106,0,0.88763493
38,0,1,1,3,1,1,42,1.0,1.0,0.26808363,1.0,0.21223688,1,2.6045109e-05
55,2,7,3,5,1,0,36,0.0,0.0,0.91802466,0.0,0.9507089,0,0.9178353
41,2,6,0,4,1,0,40,0.0,0.0,0.9829375,0.0,0.97526246,0,0.9990816
42,0,6,0,3,1,1,50,1.0,0.0,0.93714476,0.0,0.9787051,0,0.999218
54,2,7,0,5,1,1,30,0.0,0.0,0.90060467,0.0,0.9103706,0,0.9992435
58,0,3,1,0,1,1,40,0.0,0.0,0.60766375,0.0,0.63568187,0,0.8557917
61,0,7,1,5,1,1,40,1.0,1.0,0.42256206,1.0,0.3501789,1,7.2633884e-05
50,2,3,1,0,1,1,47,0.0,0.0,0.6199274,0.0,0.6013391,0,0.847384
47,2,3,0,5,1,0,40,0.0,0.0,0.89409393,0.0,0.9668595,0,0.9987619
29,0,4,1,2,1,1,50,0.0,1.0,0.4215796,1.0,0.30018282,1,0.017886594
19,0,6,3,0,0,1,20,0.0,0.0,0.9998029,0.0,0.9815782,0,0.9992619
31,2,7,1,0,1,1,40,0.0,0.0,0.7526073,0.0,0.7851753,0,0.86136377
29,2,3,1,4,1,0,40,0.0,0.0,0.8943875,0.0,0.8736121,0,0.90956396
51,2,7,0,5,1,0,50,1.0,0.0,0.84328073,0.0,0.85227257,0,0.8829736
28,2,1,3,5,1,1,40,0.0,0.0,0.88643336,0.0,0.93367344,0,0.99923146
34,3,6,3,4,1,0,40,0.0,0.0,0.9969523,0.0,0.97861224,0,0.99921954
57,0,1,0,0,0,1,39,0.0,0.0,0.9387037,0.0,0.9251506,0,0.9990073
20,2,3,3,0,1,1,40,0.0,0.0,0.99505836,0.0,0.97973067,0,0.9992518
65,1,7,1,1,1,1,40,0.0,0.0,0.5987564,0.0,0.61239195,0,0.6787028
20,2,3,1,5,1,1,50,0.0,0.0,0.8365983,1.0,0.41031146,0,0.86428076
64,3,5,1,2,1,1,9,1.0,1.0,0.16089469,0.0,0.5550102,1,0.008593314
27,2,3,3,0,1,1,28,0.0,0.0,0.9897922,0.0,0.98408085,0,0.99923825
35,0,7,1,4,1,1,50,0.0,0.0,0.5111276,1.0,0.45697618,1,0.13391443
23,2,0,3,4,1,0,40,0.0,0.0,0.99472845,0.0,0.9778122,0,0.9992194
30,2,7,1,0,1,1,40,0.0,0.0,0.77059436,0.0,0.8513597,0,0.86306804
34,2,1,1,2,1,1,40,1.0,1.0,0.32582664,1.0,0.33624136,1,0.04573872
44,3,1,1,2,1,1,80,0.0,1.0,0.33057272,1.0,0.20442516,1,5.4586882e-05
41,0,7,3,4,1,1,40,0.0,0.0,0.9464313,0.0,0.9819064,0,0.9994659
59,2,6,1,0,0,1,40,0.0,0.0,0.8786033,0.0,0.92792577,0,0.90167946
34,2,3,1,3,1,1,50,0.0,0.0,0.59550226,0.0,0.61053586,0,0.85901934
33,1,3,2,1,1,0,40,0.0,0.0,0.96671367,0.0,0.9761317,0,0.99908817
25,2,7,3,4,1,0,35,0.0,0.0,0.99712247,0.0,0.97959405,0,0.99925953
20,2,7,3,4,1,1,45,0.0,0.0,0.99046075,0.0,0.9452554,0,0.99924576
30,3,3,0,0,1,1,40,0.0,0.0,0.96546614,0.0,0.98851323,0,0.9993874
31,3,2,3,2,1,1,40,0.0,0.0,0.7193302,0.0,0.67186606,0,0.8146068
43,2,6,1,0,1,1,35,0.0,0.0,0.9334941,0.0,0.933333,0,0.9989241
66,3,6,4,0,1,1,50,0.0,0.0,0.94736487,0.0,0.7595127,0,0.9974331
34,2,7,3,2,1,0,40,0.0,0.0,0.93859434,0.0,0.95743984,0,0.99942446
64,0,4,1,2,1,0,5,1.0,0.0,0.6492137,0.0,0.75132513,0,0.9059111
21,2,7,3,4,1,0,37,0.0,0.0,0.99848247,0.0,0.9812133,0,0.99927396
22,2,3,3,3,1,0,37,0.0,0.0,0.9972151,0.0,0.99086577,0,0.9993691
48,2,1,1,2,1,1,40,1.0,1.0,0.25614983,1.0,0.2125569,1,1.37383995e-05
39,0,1,0,4,1,1,40,1.0,0.0,0.7916235,0.0,0.956625,0,0.99959785
28,2,0,3,5,0,0,40,0.0,0.0,0.97325027,0.0,0.9682756,0,0.99928457
42,2,1,1,4,0,1,72,1.0,1.0,0.30950403,1.0,0.29936367,1,2.8140505e-06
37,2,7,0,5,0,0,35,0.0,0.0,0.9548148,0.0,0.9839876,0,0.9994747
47,0,3,1,5,1,1,40,1.0,1.0,0.38868308,1.0,0.31499612,1,0.40300804
65,0,3,1,5,1,1,40,1.0,1.0,0.3925748,1.0,0.40175372,1,0.45401368
46,2,6,0,0,0,1,43,0.0,0.0,0.97979474,0.0,0.97563654,0,0.99906725
37,2,3,0,0,1,1,40,0.0,0.0,0.95355135,0.0,0.9803389,0,0.9992366
39,2,3,1,3,1,1,44,1.0,0.0,0.57412565,0.0,0.6271286,0,0.8461881
40,3,7,1,0,1,1,60,0.0,0.0,0.6340397,0.0,0.5672083,0,0.7060503
36,2,6,2,0,1,0,40,0.0,0.0,0.9963332,0.0,0.9758939,0,0.99909985
28,0,1,3,2,1,1,40,0.0,0.0,0.9007528,0.0,0.933324,0,0.9993774
23,2,7,3,3,0,0,40,0.0,0.0,0.9943624,0.0,0.99141484,0,0.9994611
35,2,6,0,0,1,1,50,0.0,0.0,0.9676214,0.0,0.97843605,0,0.99921906
57,3,2,1,2,1,1,35,0.0,1.0,0.22504592,1.0,0.16005069,1,0.00010890937
51,0,2,1,2,1,1,40,1.0,1.0,0.21603662,1.0,0.17753422,1,0.00014782607
24,2,0,3,4,1,1,45,0.0,0.0,0.97389376,0.0,0.94013566,0,0.99920005
40,2,0,1,0,0,1,40,1.0,0.0,0.59567535,0.0,0.6369113,0,0.85583884
35,1,6,0,1,0,1,38,0.0,0.0,0.99343085,0.0,0.9798778,0,0.99925655
59,2,4,1,4,1,1,40,0.0,1.0,0.22573406,0.0,0.6369143,1,1.363317e-06
22,2,3,0,0,1,1,40,0.0,0.0,0.9850624,0.0,0.9831146,0,0.99924195
53,0,1,1,2,0,1,35,0.0,0.0,0.5792729,0.0,0.5762547,1,0.00033710574
22,2,7,3,3,1,0,40,0.0,0.0,0.9955418,0.0,0.99147725,0,0.99946564
28,2,6,0,0,1,0,40,0.0,0.0,0.9902827,0.0,0.9787323,0,0.9992205
23,2,1,3,3,1,1,25,0.0,0.0,0.9855708,0.0,0.97723526,0,0.9995704
22,3,7,1,0,1,1,40,0.0,0.0,0.9071238,0.0,0.84025043,0,0.8849456
55,2,0,1,0,1,1,50,1.0,1.0,0.40515912,0.0,0.55605006,0,0.646898
57,2,1,1,2,1,1,50,1.0,1.0,0.20404726,1.0,0.17981559,1,1.203618e-05
19,2,6,2,4,1,0,40,0.0,0.0,0.9995631,0.0,0.97891325,0,0.99922454
18,1,7,3,1,1,1,25,0.0,0.0,0.9988152,0.0,0.9836777,0,0.99948394
32,2,0,3,4,1,0,60,0.0,0.0,0.9477495,0.0,0.956196,0,0.91208774
62,2,1,1,5,1,1,50,1.0,1.0,0.16003382,1.0,0.32462996,1,3.5314658e-06
39,0,7,1,5,1,1,50,0.0,1.0,0.3726315,0.0,0.51171446,1,1.3081343e-05
35,2,7,1,2,1,1,40,1.0,1.0,0.48722607,1.0,0.3340869,1,0.01618454
52,2,1,1,5,1,1,40,1.0,1.0,0.21247977,1.0,0.27656823,1,4.3871873e-06
29,2,3,1,5,1,1,40,0.0,0.0,0.6940477,0.0,0.7939791,0,0.8825493
65,2,3,0,5,1,0,59,0.0,0.0,0.8620707,0.0,0.80184984,0,0.8735279
32,2,7,2,5,0,0,40,0.0,0.0,0.98082983,0.0,0.9736316,0,0.9993598
21,2,3,3,4,1,1,40,0.0,0.0,0.9933499,0.0,0.9789863,0,0.99922776
21,2,3,3,0,0,1,40,0.0,0.0,0.9956335,0.0,0.97983325,0,0.9992518
31,2,1,3,5,1,0,50,0.0,0.0,0.8686329,0.0,0.7682922,0,0.8713534
29,3,3,1,3,1,0,25,1.0,0.0,0.8888573,0.0,0.9267746,0,0.99888855
37,2,3,3,5,1,0,50,0.0,0.0,0.9065062,0.0,0.93371856,0,0.99614525
26,2,1,3,2,1,0,40,0.0,0.0,0.9387176,0.0,0.954818,0,0.9995363
23,2,6,3,0,0,1,40,1.0,0.0,0.99736655,0.0,0.97924834,0,0.99923694
19,2,7,3,5,1,0,40,0.0,0.0,0.996159,0.0,0.96562135,0,0.99942124
58,0,6,1,0,1,1,40,0.0,0.0,0.88264173,0.0,0.88412833,0,0.93188894
19,2,7,3,3,0,0,40,0.0,0.0,0.9978691,0.0,0.9915912,0,0.99948275
30,3,3,0,4,1,0,40,0.0,0.0,0.9633667,0.0,0.97881615,0,0.9992207
28,2,3,1,4,0,0,23,0.0,0.0,0.9668067,0.0,0.9420201,0,0.99878484
59,2,3,1,0,1,1,40,1.0,0.0,0.61190605,0.0,0.63690543,0,0.8558405
23,2,3,0,5,1,0,40,0.0,0.0,0.9625607,0.0,0.98220867,0,0.99930346
57,2,3,0,5,1,0,45,0.0,0.0,0.8694502,0.0,0.8351913,0,0.9740743
45,2,6,0,0,1,1,40,0.0,0.0,0.98150927,0.0,0.9759835,0,0.9990866
31,2,3,1,0,1,1,48,1.0,0.0,0.76751405,0.0,0.8231524,0,0.87110114
43,2,0,1,4,1,1,40,0.0,1.0,0.45090652,0.0,0.561761,0,0.7074691
35,0,1,1,0,1,1,40,1.0,0.0,0.52740943,0.0,0.5496098,1,0.09328189
23,1,1,3,1,1,1,55,0.0,0.0,0.92494726,0.0,0.98418397,0,0.9995233
28,2,3,1,0,1,1,46,0.0,0.0,0.81443727,0.0,0.81302464,0,0.87239015
73,3,3,1,3,1,0,25,0.0,0.0,0.79506433,0.0,0.82798505,0,0.8769376
51,2,3,3,0,1,1,40,1.0,0.0,0.86151403,0.0,0.9212749,0,0.9984553
22,2,3,3,4,1,1,40,0.0,0.0,0.9916003,0.0,0.97912884,0,0.9992323
42,2,3,3,0,0,0,38,0.0,0.0,0.97877973,0.0,0.97767764,0,0.9988611
72,1,3,1,1,1,1,20,0.0,0.0,0.83384985,0.0,0.7768221,0,0.8839858
19,0,7,3,2,1,1,10,0.0,0.0,0.9991845,0.0,0.9822079,0,0.9995908
21,2,7,3,3,1,0,22,0.0,0.0,0.9991064,0.0,0.9907044,0,0.9994741
73,3,3,1,0,1,1,40,0.0,0.0,0.73131394,0.0,0.62284786,0,0.85339785
35,2,1,1,3,0,1,50,0.0,1.0,0.35959172,1.0,0.15408522,1,0.00059761043
34,2,2,3,2,1,1,50,1.0,0.0,0.53139913,1.0,0.4259382,1,0.009370038
21,2,7,1,4,1,1,40,0.0,0.0,0.9127141,0.0,0.84371567,0,0.8854898
20,2,3,3,4,1,0,38,0.0,0.0,0.99850315,0.0,0.9795002,0,0.99925524
41,0,1,1,2,1,1,35,0.0,1.0,0.47617942,0.0,0.65762854,1,0.00037499538
18,0,3,3,5,1,1,40,0.0,0.0,0.99630374,0.0,0.9833668,0,0.9995864
26,2,1,3,4,0,0,35,0.0,0.0,0.99329287,0.0,0.99129313,0,0.99946004
17,2,6,3,4,1,0,30,0.0,0.0,0.9999997,0.0,0.97901607,0,0.9992291
36,2,3,1,0,0,1,40,0.0,0.0,0.8383009,0.0,0.9239036,0,0.87502086
35,2,7,1,0,1,1,40,0.0,0.0,0.6879552,0.0,0.669696,0,0.8582802
24,0,1,1,4,1,1,45,0.0,0.0,0.57098234,0.0,0.6326035,0,0.67030007
31,2,7,0,5,1,0,45,0.0,0.0,0.9010866,0.0,0.955032,0,0.9988438
67,3,3,4,0,1,1,65,0.0,0.0,0.8816069,0.0,0.66884536,0,0.8633065
55,2,3,0,0,1,1,40,0.0,0.0,0.92880887,0.0,0.9191126,0,0.9983919
65,0,7,3,2,0,0,40,0.0,0.0,0.84894794,0.0,0.79483587,0,0.9962442
73,2,3,1,4,1,1,30,0.0,0.0,0.83604425,0.0,0.7845683,0,0.8755003
70,1,1,0,1,1,0,7,0.0,0.0,0.96115917,0.0,0.9488066,0,0.99843186
28,2,7,0,4,1,1,24,0.0,0.0,0.9883988,0.0,0.99146974,0,0.9994764
29,2,0,1,0,1,1,40,1.0,0.0,0.7027143,0.0,0.8181565,0,0.8725485
45,2,7,0,4,1,0,45,0.0,0.0,0.9245616,0.0,0.86074066,0,0.99796814
31,0,1,3,4,0,1,48,0.0,0.0,0.9282625,0.0,0.9967924,0,0.9994816
37,2,6,1,0,1,1,50,0.0,0.0,0.8022222,0.0,0.9413746,0,0.99872106
43,2,0,2,3,1,0,45,0.0,0.0,0.9233537,0.0,0.8622445,0,0.99766773
25,2,1,3,4,1,1,40,0.0,0.0,0.94540656,0.0,0.9893484,0,0.99964666
35,2,3,0,5,1,0,50,0.0,0.0,0.8961543,0.0,0.9589766,0,0.9982651
90,2,1,3,2,0,1,40,0.0,0.0,0.86928856,1.0,0.20088768,1,0.0020872569
26,2,1,3,2,0,0,40,0.0,0.0,0.9496858,0.0,0.954818,0,0.9995363
48,2,0,1,2,1,0,30,1.0,1.0,0.3275476,1.0,0.42680156,0,0.51762944
53,2,4,1,5,1,1,55,1.0,1.0,0.121715665,1.0,0.1488834,1,1.3325742e-05
37,2,3,1,0,1,1,24,0.0,0.0,0.8719662,0.0,0.9637216,0,0.99785304
48,2,4,1,2,1,1,40,1.0,1.0,0.15729225,1.0,0.19446343,1,1.902195e-05
26,2,7,1,5,1,0,40,0.0,0.0,0.7281908,0.0,0.7009182,0,0.8417517
28,2,3,2,4,1,0,25,0.0,0.0,0.9972232,0.0,0.9796668,0,0.99925846
56,2,3,1,0,1,1,40,1.0,0.0,0.6245427,0.0,0.6369058,0,0.8558405
47,3,7,1,0,1,1,30,0.0,0.0,0.81371087,0.0,0.77700794,0,0.8752681
54,2,0,1,3,1,1,45,0.0,1.0,0.40204608,0.0,0.5504774,1,0.012404685
24,2,1,3,0,0,0,40,0.0,0.0,0.9867661,0.0,0.9799971,0,0.9993703
26,2,3,0,0,1,0,40,0.0,0.0,0.98117393,0.0,0.9788515,0,0.99922216
41,3,3,1,4,1,0,20,0.0,0.0,0.8899498,0.0,0.8852968,0,0.88298684
48,3,5,1,2,1,1,60,1.0,1.0,0.07386309,1.0,0.15387148,1,9.104047e-05
61,2,6,0,4,1,1,40,0.0,0.0,0.97536904,0.0,0.9523027,0,0.99845004
20,2,3,3,0,0,1,40,0.0,0.0,0.9967097,0.0,0.97973067,0,0.9992518
49,3,3,1,0,1,1,40,1.0,0.0,0.74134076,0.0,0.6369108,0,0.85584056
56,2,6,1,0,1,1,36,0.0,0.0,0.9086193,0.0,0.7313581,0,0.99737984
49,2,7,0,4,1,1,40,0.0,0.0,0.89990795,0.0,0.9480038,0,0.9983286
58,3,3,1,5,1,0,20,1.0,0.0,0.6596506,0.0,0.7388463,0,0.8677888
52,2,3,3,5,1,0,40,0.0,0.0,0.84007466,0.0,0.8469467,0,0.9799367
58,0,3,1,4,1,1,40,0.0,0.0,0.57607126,0.0,0.5888849,0,0.8437058
24,2,1,3,5,1,0,45,0.0,0.0,0.9466447,0.0,0.94544494,0,0.99851173
23,2,0,3,0,1,1,50,0.0,0.0,0.96930003,0.0,0.94906574,0,0.9987783
45,3,0,1,2,1,1,50,1.0,1.0,0.39140403,0.0,0.56535184,1,0.0017698084
45,0,4,0,5,1,1,45,0.0,0.0,0.64572203,0.0,0.631587,0,0.56257397
51,3,1,1,3,1,1,50,1.0,1.0,0.22347528,1.0,0.1325751,1,1.39219e-05
32,3,3,1,0,1,1,44,0.0,0.0,0.8044397,0.0,0.87866354,0,0.8710096
35,2,3,1,0,1,1,42,0.0,0.0,0.73874015,0.0,0.87356377,0,0.8633599
49,0,4,3,5,1,1,56,1.0,0.0,0.57219017,1.0,0.33167702,1,0.0009444102
57,0,7,1,2,0,1,40,0.0,0.0,0.5447259,0.0,0.68624735,1,0.00083888613
25,0,1,3,5,1,0,20,0.0,0.0,0.9925567,0.0,0.9582737,0,0.99966383
27,1,1,1,1,1,1,15,0.0,0.0,0.8582779,0.0,0.9882248,0,0.99966896
50,2,1,0,3,0,1,40,0.0,0.0,0.8465264,0.0,0.8895674,0,0.99953914
27,2,0,1,0,1,1,40,0.0,0.0,0.74579626,0.0,0.83203554,0,0.8738059
62,0,1,0,2,1,1,40,0.0,0.0,0.7672629,0.0,0.96336734,0,0.9986998
77,3,7,1,3,1,1,40,0.0,0.0,0.5219681,0.0,0.51618934,1,0.16253775
20,2,7,3,5,1,0,40,0.0,0.0,0.9942637,0.0,0.966545,0,0.9994072
63,1,6,2,1,0,1,40,0.0,0.0,0.99686825,0.0,0.9382845,0,0.99843854
37,2,1,3,5,1,0,35,0.0,0.0,0.92565906,0.0,0.9293191,0,0.99928904
31,2,7,3,0,1,0,50,0.0,0.0,0.96176267,0.0,0.93775827,0,0.99805117
35,2,3,3,0,1,0,40,0.0,0.0,0.97178924,0.0,0.9776299,0,0.9989548
30,2,6,1,0,1,1,50,0.0,0.0,0.83704436,0.0,0.9422811,0,0.9987766
27,2,1,3,3,1,1,40,0.0,0.0,0.8921582,0.0,0.99427,0,0.99957544
46,0,3,1,5,1,1,40,1.0,1.0,0.39209563,1.0,0.2941004,1,0.39219782
24,2,7,3,0,1,1,40,0.0,0.0,0.98432434,0.0,0.9792277,0,0.99923694
41,0,3,1,5,1,1,40,1.0,1.0,0.41985965,1.0,0.3226084,1,0.44933063
34,3,3,1,0,1,1,45,0.0,0.0,0.78450733,0.0,0.8479543,0,0.86708593
59,3,1,1,5,1,1,40,1.0,1.0,0.27829736,1.0,0.33428985,1,5.8106352e-06
41,0,7,1,0,1,0,40,1.0,0.0,0.7379323,0.0,0.5259994,0,0.779076
53,2,3,4,0,1,1,40,1.0,0.0,0.87074447,0.0,0.9034239,0,0.9984616
24,2,6,1,4,0,0,5,0.0,0.0,0.99785596,0.0,0.97828263,0,0.9992192
45,2,6,1,3,1,1,40,1.0,0.0,0.7669728,0.0,0.94285345,0,0.99873704
55,2,7,1,5,1,0,40,1.0,1.0,0.39884555,1.0,0.25376242,1,0.38420448
48,0,1,3,5,1,0,35,0.0,0.0,0.880164,0.0,0.9206337,0,0.9994112
39,2,1,1,0,1,1,40,0.0,1.0,0.46895486,1.0,0.48978972,1,0.4993835
27,2,7,3,0,1,1,45,0.0,0.0,0.96018654,0.0,0.9265638,0,0.9991328
21,2,3,3,4,1,1,35,0.0,0.0,0.9967208,0.0,0.9800011,0,0.9992562
18,1,6,3,1,1,1,25,0.0,0.0,0.9997964,0.0,0.9853391,0,0.99929774
40,3,1,1,2,1,1,60,0.0,1.0,0.3214832,1.0,0.16172194,1,0.0001168772
43,2,1,1,2,1,1,35,0.0,1.0,0.35287154,1.0,0.3407836,1,5.3937274e-05
41,2,3,0,0,1,1,40,0.0,0.0,0.94880325,0.0,0.97641176,0,0.99907434
33,2,3,1,4,1,0,25,0.0,0.0,0.91870207,0.0,0.9547622,0,0.9931986
23,0,7,0,5,1,0,70,0.0,0.0,0.9044459,0.0,0.93704313,0,0.9966995
51,2,7,1,0,1,1,40,0.0,0.0,0.6162351,0.0,0.55642366,0,0.6515873
47,2,0,0,0,0,1,40,0.0,0.0,0.9256546,0.0,0.97561336,0,0.99885297
35,2,3,3,0,1,1,40,0.0,0.0,0.946717,0.0,0.9796116,0,0.99921525
61,2,6,1,0,1,1,40,0.0,0.0,0.8365391,0.0,0.92443097,0,0.9025736
24,0,1,3,2,1,0,40,0.0,0.0,0.9685679,0.0,0.99244493,0,0.9996531
37,0,7,1,0,1,1,40,0.0,0.0,0.77863395,0.0,0.5872495,0,0.8422843
24,2,6,3,4,1,0,32,0.0,0.0,0.99944323,0.0,0.97941434,0,0.999244
25,2,7,3,5,1,0,50,0.0,0.0,0.9659408,0.0,0.9089871,0,0.9962514
25,2,1,3,5,1,0,50,0.0,0.0,0.92952305,0.0,0.93882865,0,0.92208326
44,2,0,0,2,1,0,40,1.0,0.0,0.8389149,0.0,0.8828449,0,0.999451
47,0,3,0,5,1,0,40,0.0,0.0,0.80778956,0.0,0.9440203,0,0.99914765
55,2,3,0,4,1,1,40,0.0,0.0,0.94319695,0.0,0.9089591,0,0.99849737
29,0,3,3,4,1,0,40,0.0,0.0,0.9854421,0.0,0.9790822,0,0.9992304
22,2,6,3,0,1,1,30,0.0,0.0,0.998895,0.0,0.98189485,0,0.99924374
21,2,0,1,4,1,0,50,0.0,0.0,0.83879113,0.0,0.76261145,0,0.88348687
41,2,0,2,4,1,1,40,0.0,0.0,0.9334039,0.0,0.9790598,0,0.9992298
28,0,7,1,5,1,0,40,0.0,0.0,0.64999336,1.0,0.38656896,1,0.45556763
49,3,7,0,5,1,0,32,0.0,0.0,0.85785306,0.0,0.9142383,0,0.99910444
57,3,7,1,5,1,0,60,0.0,1.0,0.2937308,1.0,0.239232,1,0.3510676
46,2,3,0,0,1,1,30,0.0,0.0,0.9664315,0.0,0.9760802,0,0.99902797
52,2,1,1,5,1,1,50,0.0,1.0,0.17384434,1.0,0.27627265,1,3.5745422e-06
59,2,6,1,5,1,1,40,0.0,0.0,0.7136103,0.0,0.8859025,0,0.8836884
26,2,7,1,0,0,1,40,0.0,0.0,0.87221134,0.0,0.83495027,0,0.8739197
19,1,7,3,1,1,1,23,0.0,0.0,0.9982395,0.0,0.9843134,0,0.9994777
18,3,7,3,0,1,0,35,0.0,0.0,0.99938446,0.0,0.98144555,0,0.9992748
35,2,0,3,4,1,0,65,0.0,0.0,0.92523015,0.0,0.9005149,0,0.91334796
48,2,1,4,4,1,0,20,0.0,0.0,0.9226761,0.0,0.95059437,0,0.99887794
27,2,3,3,4,1,1,40,0.0,0.0,0.9806708,0.0,0.9795901,0,0.9992506
36,2,3,1,0,1,1,48,1.0,0.0,0.72416496,0.0,0.76714015,0,0.85909796
45,2,3,1,0,1,1,40,0.0,0.0,0.69538045,0.0,0.6369256,0,0.85584086
59,0,7,4,4,1,0,40,0.0,0.0,0.93663895,0.0,0.92210674,0,0.99760807
23,2,7,3,5,0,1,22,0.0,0.0,0.9958649,0.0,0.98659897,0,0.9996648
40,2,3,0,0,1,1,35,0.0,0.0,0.96814287,0.0,0.9744212,0,0.9992811
59,2,5,1,0,0,1,50,1.0,1.0,0.08558524,1.0,0.24179494,1,1.4231546e-06
23,2,1,3,4,1,0,30,0.0,0.0,0.99531597,0.0,0.98436713,0,0.9994873
40,2,6,1,4,0,0,32,0.0,0.0,0.9596218,0.0,0.94148254,0,0.99878496
31,0,1,0,2,1,0,40,0.0,0.0,0.78408766,0.0,0.8252394,0,0.9996152
42,2,1,3,2,1,0,38,1.0,0.0,0.831468,0.0,0.8735514,0,0.9994785
21,2,3,1,0,1,1,40,0.0,0.0,0.94126,0.0,0.93405825,0,0.9072493
26,2,0,1,0,1,1,40,1.0,0.0,0.76699984,0.0,0.83363545,0,0.8739357
28,2,3,3,5,1,0,38,0.0,0.0,0.98394203,0.0,0.9862195,0,0.999355
39,2,5,1,2,1,0,60,1.0,1.0,0.07009208,1.0,0.18727136,1,1.613358e-05
60,3,0,1,0,1,0,15,1.0,0.0,0.7849557,0.0,0.7721277,0,0.8765455
35,0,7,3,2,0,0,40,0.0,0.0,0.9535975,0.0,0.9066136,0,0.9995497
39,3,5,1,2,1,1,60,1.0,1.0,0.076061845,1.0,0.15242213,1,0.00025000554
17,1,6,3,1,1,0,35,0.0,0.0,0.99999887,0.0,0.97927564,0,0.9992405
52,2,3,1,0,1,0,40,0.0,0.0,0.7339264,0.0,0.636907,0,0.8558405
23,2,1,3,5,1,0,30,0.0,0.0,0.9887626,0.0,0.9918773,0,0.99960035
18,2,6,3,5,1,0,25,0.0,0.0,0.99984294,0.0,0.9799959,0,0.9992625
37,2,3,2,0,1,1,40,0.0,0.0,0.9814429,0.0,0.97876024,0,0.9992206
42,2,7,1,0,1,1,40,0.0,0.0,0.6502106,0.0,0.5642245,0,0.75384396
17,1,6,3,1,0,1,40,0.0,0.0,0.999997,0.0,0.97898287,0,0.9992281
72,1,7,4,1,0,0,4,0.0,0.0,0.9907943,0.0,0.9530668,0,0.9977442
36,0,1,3,5,1,0,40,0.0,0.0,0.9098055,0.0,0.85548806,0,0.9992835
67,1,6,1,1,1,1,3,0.0,0.0,0.9756083,0.0,0.942366,0,0.9708561
29,3,3,3,0,1,1,50,1.0,0.0,0.97213644,0.0,0.9296368,0,0.9990188
53,0,4,0,2,1,0,50,0.0,0.0,0.71099305,0.0,0.8689513,0,0.999244
53,2,1,1,5,1,1,50,1.0,1.0,0.17155147,1.0,0.2709399,1,3.6826116e-06
52,2,3,0,3,1,0,40,0.0,0.0,0.94974303,0.0,0.95321345,0,0.9986168
37,2,3,1,0,1,1,40,0.0,0.0,0.75252205,0.0,0.89029473,0,0.87185764
21,2,7,3,3,1,0,40,0.0,0.0,0.9965404,0.0,0.99155337,0,0.99947315
22,3,7,3,0,1,1,20,0.0,0.0,0.99858844,0.0,0.98963296,0,0.9994752
27,0,1,3,2,1,0,60,0.0,0.0,0.9028517,0.0,0.8538985,0,0.87518585
33,2,1,3,2,1,0,45,1.0,0.0,0.83194315,0.0,0.62261033,0,0.9209142
24,2,1,3,3,1,1,47,0.0,0.0,0.87801576,0.0,0.9407823,0,0.9988624
39,2,1,0,5,1,1,40,0.0,0.0,0.6854559,0.0,0.9748114,0,0.99947864
26,2,1,3,3,1,1,48,0.0,0.0,0.84200263,0.0,0.9283667,0,0.99691075
27,2,3,1,0,1,1,45,1.0,0.0,0.83439064,0.0,0.836124,0,0.88358414
19,2,7,3,4,1,0,4,0.0,0.0,0.99991703,0.0,0.99088544,0,0.9993693
29,3,7,1,5,1,1,45,1.0,0.0,0.536873,0.0,0.545342,0,0.787002
56,3,0,1,3,1,1,54,1.0,1.0,0.31951118,1.0,0.49596667,1,0.007277655
40,2,2,1,2,1,0,30,1.0,1.0,0.22983533,1.0,0.20368624,1,5.678871e-06
30,2,3,3,3,1,0,40,0.0,0.0,0.9792805,0.0,0.9786464,0,0.9992211
21,2,6,3,4,1,1,50,0.0,0.0,0.99494004,0.0,0.97105706,0,0.99920243
51,2,1,1,0,1,1,40,0.0,1.0,0.40787333,0.0,0.51763546,1,0.4977206
62,2,3,4,5,1,0,38,0.0,0.0,0.8882658,0.0,0.9231428,0,0.9746406
29,1,7,3,1,0,0,40,0.0,0.0,0.98531336,0.0,0.9789182,0,0.9992249
52,0,4,1,5,1,1,40,0.0,1.0,0.25135845,1.0,0.19386363,1,1.2580619e-05
24,2,7,3,4,0,0,30,0.0,0.0,0.9982516,0.0,0.98046,0,0.99926776
52,0,1,1,4,1,1,40,0.0,1.0,0.2864521,1.0,0.41058266,1,0.00017983875
36,3,1,0,3,1,1,60,0.0,0.0,0.76703763,0.0,0.6340712,0,0.9988846
41,2,4,1,5,1,1,45,1.0,1.0,0.11253601,1.0,0.21407008,1,3.173057e-05
31,2,3,3,4,0,0,35,0.0,0.0,0.9943229,0.0,0.97875124,0,0.9992211
33,2,6,3,3,1,1,43,0.0,0.0,0.9668922,0.0,0.9775306,0,0.9992167
50,2,6,2,5,0,0,47,0.0,0.0,0.98152834,0.0,0.93206036,0,0.9986879
68,2,6,1,0,0,1,44,0.0,0.0,0.8367913,0.0,0.89369535,0,0.8738556
49,3,2,1,2,1,0,35,1.0,1.0,0.18635422,1.0,0.18753058,1,6.4183155e-06
81,3,3,1,5,1,1,30,0.0,0.0,0.7089893,0.0,0.59288996,0,0.8439541
42,2,4,3,5,1,1,40,1.0,0.0,0.6677165,0.0,0.5321575,0,0.5748969
39,2,3,0,0,1,1,40,0.0,0.0,0.95114464,0.0,0.9772591,0,0.9990952
32,2,6,0,0,1,1,50,0.0,0.0,0.9694853,0.0,0.9785146,0,0.9992198
46,0,1,1,2,1,1,38,1.0,1.0,0.4477238,1.0,0.23461622,1,2.7673104e-05
47,2,6,1,0,1,1,40,0.0,0.0,0.86322963,0.0,0.94382703,0,0.998574
50,2,1,2,3,1,1,40,1.0,0.0,0.6938456,0.0,0.9350519,0,0.99951744
44,2,1,3,5,1,0,37,0.0,0.0,0.87354445,0.0,0.8726026,0,0.9964206
18,1,7,3,1,1,0,4,0.0,0.0,0.9997462,0.0,0.9833385,0,0.99945456
35,2,3,0,0,1,1,40,0.0,0.0,0.9559165,0.0,0.9809651,0,0.9992411
57,3,4,3,0,1,1,20,0.0,0.0,0.8408715,0.0,0.9538102,0,0.9972414
35,3,3,1,4,1,1,60,0.0,0.0,0.64440835,0.0,0.6958679,0,0.85861766
28,3,3,1,0,1,1,50,0.0,0.0,0.8165339,0.0,0.82696944,0,0.8771325
30,2,3,3,0,1,1,40,0.0,0.0,0.96868885,0.0,0.9807764,0,0.9992403
41,0,4,3,2,0,0,40,0.0,0.0,0.86460584,0.0,0.9211829,0,0.999361
42,0,1,1,5,1,1,52,1.0,1.0,0.16705078,1.0,0.15512675,1,1.4990226e-05
27,2,1,1,0,1,1,45,1.0,0.0,0.5903264,1.0,0.40167964,0,0.72334206
37,2,6,1,4,0,1,40,0.0,0.0,0.9031507,0.0,0.9341086,0,0.99882954
45,2,7,1,0,1,1,40,1.0,0.0,0.6368487,0.0,0.5601181,0,0.69370157
43,2,3,1,4,0,1,60,0.0,0.0,0.6884274,1.0,0.4677751,0,0.7200686
64,2,3,4,5,1,0,30,0.0,0.0,0.90517235,0.0,0.94758475,0,0.9877841
21,3,7,3,5,1,1,40,0.0,0.0,0.9865604,0.0,0.9850516,0,0.999642
24,2,6,1,3,1,1,45,0.0,0.0,0.87716484,0.0,0.9223183,0,0.9991646
67,2,1,1,2,1,1,40,1.0,1.0,0.26930112,1.0,0.23283547,1,5.0323847e-06
21,2,3,3,4,0,0,35,0.0,0.0,0.99824077,0.0,0.97953665,0,0.9992568
36,2,3,3,0,1,1,50,0.0,0.0,0.92697877,0.0,0.92812186,0,0.9988005
36,2,3,0,5,1,0,38,0.0,0.0,0.93269104,0.0,0.9795171,0,0.99926215
44,2,3,3,3,1,0,40,0.0,0.0,0.9356935,0.0,0.9541195,0,0.998406
25,2,1,3,2,1,0,40,0.0,0.0,0.9460847,0.0,0.951576,0,0.9995895
31,2,3,3,3,1,0,30,0.0,0.0,0.99102134,0.0,0.9795756,0,0.9992582
47,2,3,1,0,1,1,50,0.0,0.0,0.6324229,0.0,0.6335938,0,0.8554431
35,2,3,1,0,1,1,40,1.0,0.0,0.76904327,0.0,0.8805417,0,0.8909434
33,0,3,1,0,1,1,40,0.0,0.0,0.77942336,0.0,0.87063533,0,0.8704219
50,2,2,1,2,0,1,37,1.0,1.0,0.21438992,1.0,0.15525776,1,0.0001082488
62,2,3,3,0,1,1,40,0.0,0.0,0.8470404,0.0,0.9187106,0,0.9529609
70,3,1,0,5,1,0,55,0.0,0.0,0.7596785,1.0,0.39121443,0,0.69062364
35,2,3,0,0,1,1,35,0.0,0.0,0.97253877,0.0,0.98187226,0,0.9993414
42,2,3,1,0,1,1,50,1.0,0.0,0.6717949,0.0,0.63690674,0,0.85584015
26,2,4,3,2,1,0,40,0.0,0.0,0.9227213,0.0,0.985399,0,0.99958307
38,2,7,1,2,1,1,40,0.0,1.0,0.4498338,0.0,0.5533647,1,0.004246115
56,3,3,1,0,1,1,45,0.0,0.0,0.6901209,0.0,0.63681054,0,0.8558292
22,2,7,3,5,1,0,40,0.0,0.0,0.99011004,0.0,0.9668974,0,0.99937963
34,3,3,1,0,1,1,54,1.0,0.0,0.76769805,0.0,0.75832164,0,0.8590467
44,2,3,3,4,1,1,40,0.0,0.0,0.91943634,0.0,0.97524357,0,0.99908483
43,3,7,1,5,1,1,70,1.0,1.0,0.3844701,0.0,0.5150405,1,5.8701153e-06
23,2,6,1,0,0,0,30,0.0,0.0,0.9830967,0.0,0.9639987,0,0.9991047
51,2,0,1,5,1,1,50,1.0,1.0,0.28836578,0.0,0.5638269,1,0.0025367127
30,2,1,3,5,1,1,42,0.0,0.0,0.8293006,0.0,0.8562853,0,0.90433013
57,2,1,1,5,0,1,40,0.0,1.0,0.30573982,1.0,0.2566839,1,4.410003e-06
31,0,0,3,4,1,1,20,0.0,0.0,0.9932124,0.0,0.97320825,0,0.99954873
43,2,3,1,0,0,1,40,1.0,0.0,0.8057761,0.0,0.6369934,0,0.8558419
45,2,7,1,0,1,1,40,0.0,0.0,0.6368487,0.0,0.5601181,0,0.69370157
40,2,1,0,4,1,1,45,0.0,0.0,0.75987947,0.0,0.97955805,0,0.9991341
45,2,7,1,0,1,1,40,1.0,0.0,0.6368487,0.0,0.5601181,0,0.69370157
20,1,7,3,1,1,0,40,0.0,0.0,0.992576,0.0,0.9891066,0,0.9993542
23,2,7,3,3,1,0,40,0.0,0.0,0.99439317,0.0,0.99141484,0,0.9994611
44,0,6,0,0,1,1,40,0.0,0.0,0.9862282,0.0,0.97581923,0,0.99905235
39,3,3,1,3,1,1,70,0.0,0.0,0.5026732,0.0,0.5099063,0,0.721973
25,2,1,3,5,1,0,40,0.0,0.0,0.9577615,0.0,0.98250425,0,0.9991704
23,2,7,3,5,1,1,20,0.0,0.0,0.99525946,0.0,0.98804975,0,0.99966896
41,2,6,1,0,1,1,40,1.0,0.0,0.8825625,0.0,0.9421095,0,0.9987828
28,2,3,3,0,1,1,40,0.0,0.0,0.9755564,0.0,0.9806631,0,0.99924374
28,2,6,3,0,1,0,40,0.0,0.0,0.9951662,0.0,0.9785537,0,0.99922025
28,2,3,3,0,1,1,40,0.0,0.0,0.9755564,0.0,0.9806631,0,0.99924374
28,2,3,1,5,1,0,40,0.0,0.0,0.7164614,0.0,0.786588,0,0.87988085
24,2,3,3,5,1,0,40,0.0,0.0,0.98699325,0.0,0.97999114,0,0.9993761
25,2,1,3,0,1,1,30,0.0,0.0,0.985807,0.0,0.99071497,0,0.999418
56,2,1,1,5,1,1,50,1.0,1.0,0.16625011,1.0,0.26098025,1,3.961096e-06
60,2,7,1,4,1,1,38,0.0,0.0,0.62062967,0.0,0.6238011,0,0.7250411
54,2,3,0,4,1,0,40,0.0,0.0,0.9670601,0.0,0.89552754,0,0.9985738
21,1,7,3,1,1,1,16,0.0,0.0,0.9975919,0.0,0.98456144,0,0.9995522
21,2,7,3,4,1,0,40,0.0,0.0,0.9968496,0.0,0.97776914,0,0.99928266
26,2,7,1,0,1,1,40,0.0,0.0,0.83779025,0.0,0.83495027,0,0.8739197
41,3,7,1,0,1,1,65,0.0,0.0,0.61523294,0.0,0.56931317,0,0.707842
30,2,2,3,2,1,1,60,0.0,0.0,0.5800185,1.0,0.49546814,1,0.06012531
22,2,7,1,4,1,1,35,0.0,0.0,0.946781,0.0,0.9432763,0,0.919231
42,2,1,1,5,1,1,40,1.0,1.0,0.23657548,1.0,0.21985018,1,1.169191e-05
21,2,0,3,5,0,0,35,0.0,0.0,0.995763,0.0,0.99100035,0,0.9994677
23,2,7,1,0,1,1,60,0.0,0.0,0.7741996,0.0,0.74527025,0,0.86152273
41,2,4,1,2,0,1,45,1.0,1.0,0.17502064,1.0,0.17182398,1,9.193426e-05
55,2,6,1,0,1,1,48,0.0,0.0,0.75271255,0.0,0.88907975,0,0.8765119
24,2,0,3,5,1,0,40,0.0,0.0,0.981175,0.0,0.9697654,0,0.99931
22,2,3,3,4,1,1,40,0.0,0.0,0.9916003,0.0,0.97912884,0,0.9992323
64,0,2,1,2,1,1,50,1.0,1.0,0.17895442,1.0,0.11649954,1,2.3206765e-05
27,3,7,3,5,1,0,45,0.0,0.0,0.956504,0.0,0.95517564,0,0.9986733
22,2,3,3,4,1,0,19,0.0,0.0,0.9988232,0.0,0.9796378,0,0.99925905
35,2,6,1,0,1,1,84,0.0,0.0,0.79482716,0.0,0.8908557,0,0.9057394
52,2,3,1,0,1,1,40,1.0,0.0,0.647069,0.0,0.6369081,0,0.85584056
59,2,3,1,0,1,1,40,0.0,0.0,0.61190605,0.0,0.63690543,0,0.8558405
27,2,1,3,3,1,1,40,0.0,0.0,0.8921582,0.0,0.99427,0,0.99957544
56,1,7,4,1,0,0,40,0.0,0.0,0.94904953,0.0,0.9260583,0,0.99765646
53,2,1,3,2,1,0,40,0.0,0.0,0.6389785,0.0,0.6945169,0,0.8810887
43,2,3,1,0,0,1,40,0.0,0.0,0.8057761,0.0,0.6369934,0,0.8558419
23,2,0,3,3,0,0,36,0.0,0.0,0.9973201,0.0,0.99142146,0,0.9994578
20,2,3,1,3,1,1,20,0.0,0.0,0.9841596,0.0,0.978215,0,0.999228
29,2,7,1,0,1,1,40,0.0,0.0,0.7878647,0.0,0.875162,0,0.8644262
21,2,3,3,0,1,1,40,0.0,0.0,0.9932848,0.0,0.97983325,0,0.9992518
27,0,7,3,5,1,1,40,0.0,0.0,0.97581935,0.0,0.9993976,0,0.9995579
55,2,0,0,5,1,0,40,0.0,0.0,0.8513604,0.0,0.9264024,0,0.9962161
61,2,3,1,0,1,1,40,0.0,0.0,0.6043407,0.0,0.6368996,0,0.8558398
24,2,1,3,4,0,1,32,0.0,0.0,0.9883209,0.0,0.96112466,0,0.999634
52,2,3,4,4,1,0,40,0.0,0.0,0.95546466,0.0,0.9074351,0,0.9984865
19,1,3,3,1,1,1,40,0.0,0.0,0.9964229,0.0,0.9804118,0,0.99926466
48,3,1,1,5,1,1,50,1.0,1.0,0.20489126,1.0,0.15294379,1,1.2500753e-05
54,2,3,1,0,1,1,40,1.0,0.0,0.6357376,0.0,0.636906,0,0.8558405
43,0,1,0,2,1,0,48,0.0,0.0,0.67565155,0.0,0.6732678,0,0.9994849
34,2,1,0,0,1,0,25,0.0,0.0,0.95179474,0.0,0.9784714,0,0.99908197
58,0,3,1,5,0,1,40,1.0,0.0,0.5368875,1.0,0.4037782,1,0.45397192
55,3,3,0,0,1,1,40,0.0,0.0,0.9494125,0.0,0.9274616,0,0.9983352
35,2,3,2,0,0,0,48,0.0,0.0,0.9899857,0.0,0.9311277,0,0.99880433
30,0,4,1,2,1,1,40,1.0,1.0,0.44760728,1.0,0.29877734,1,0.016831983
23,0,7,1,5,1,0,40,0.0,0.0,0.76505935,0.0,0.85265714,0,0.8584735
27,3,0,1,4,1,0,36,1.0,0.0,0.8577566,0.0,0.9576484,0,0.9190527
37,2,7,1,4,1,1,40,1.0,0.0,0.60479033,0.0,0.5502279,0,0.74672556
34,2,3,1,0,1,1,55,0.0,0.0,0.7276939,0.0,0.78271556,0,0.8611443
20,1,7,3,1,1,0,12,0.0,0.0,0.9986902,0.0,0.98896974,0,0.99939215
58,1,7,1,1,1,1,40,1.0,0.0,0.5571903,0.0,0.62652004,0,0.67511964
74,2,1,4,4,1,0,8,0.0,0.0,0.95552623,0.0,0.93663114,0,0.997666
28,2,1,3,3,1,0,40,0.0,0.0,0.95524544,0.0,0.991142,0,0.99948406
71,3,4,1,3,1,1,40,1.0,1.0,0.26246816,1.0,0.20191586,1,1.5991956e-06
63,3,3,1,0,1,1,40,0.0,0.0,0.7122483,0.0,0.63695836,0,0.8558411
58,3,3,1,0,1,1,60,0.0,0.0,0.66329443,0.0,0.58943295,0,0.8438791
38,2,6,1,0,1,1,40,1.0,0.0,0.89261234,0.0,0.9366871,0,0.99885404
18,1,7,3,1,0,0,24,0.0,0.0,0.9991923,0.0,0.99089164,0,0.9993693
22,1,3,3,1,0,1,45,0.0,0.0,0.99377507,0.0,0.97880816,0,0.99922144
54,2,3,1,0,1,1,44,0.0,0.0,0.6029488,0.0,0.60296345,0,0.8477659
31,2,3,1,0,1,1,50,0.0,0.0,0.7646426,0.0,0.8760703,0,0.8640316
53,0,0,1,2,1,1,40,1.0,1.0,0.47047698,1.0,0.17345238,1,0.0003820139
36,2,1,1,5,0,1,45,1.0,1.0,0.28202522,1.0,0.11462796,1,2.8625296e-05
36,3,7,1,5,1,1,60,1.0,1.0,0.41664547,1.0,0.45943445,1,0.0022665607
36,0,7,0,0,1,1,60,0.0,0.0,0.92452353,0.0,0.9332685,0,0.99877197
52,2,3,1,0,1,1,40,0.0,0.0,0.647069,0.0,0.6369081,0,0.85584056
56,0,4,0,5,1,0,40,0.0,0.0,0.69658947,0.0,0.88351786,0,0.9990277
59,1,3,1,1,1,1,16,0.0,0.0,0.8380181,0.0,0.76715815,0,0.89442766
41,2,6,1,4,1,0,32,0.0,0.0,0.9356815,0.0,0.94175994,0,0.99878246
21,2,7,3,2,1,1,10,0.0,0.0,0.9972576,0.0,0.98222244,0,0.999711
18,2,7,3,4,1,1,20,0.0,0.0,0.99950814,0.0,0.9904615,0,0.9993954
24,2,0,1,4,1,1,20,0.0,0.0,0.9430218,0.0,0.964858,0,0.9986576
29,3,3,1,0,1,1,48,0.0,0.0,0.8178887,0.0,0.83629847,0,0.8835456
53,2,7,0,5,1,0,38,0.0,0.0,0.90974694,0.0,0.96396315,0,0.99868065
70,1,3,1,1,1,1,40,0.0,0.0,0.7160375,0.0,0.72399914,0,0.8670899
26,2,3,3,0,1,1,40,0.0,0.0,0.98171496,0.0,0.98048747,0,0.9992466
32,3,1,1,0,1,1,70,1.0,1.0,0.43918186,0.0,0.5224244,1,0.117239945
50,2,3,1,0,1,1,40,1.0,0.0,0.66112244,0.0,0.63691396,0,0.8558407
27,2,3,3,0,1,1,40,0.0,0.0,0.9787932,0.0,0.98059523,0,0.99924505
34,2,7,1,0,1,1,40,1.0,0.0,0.699442,0.0,0.7605884,0,0.85904264
17,2,6,3,3,1,0,20,0.0,0.0,0.9999998,0.0,0.98657626,0,0.9993297
69,1,6,1,1,0,1,34,0.0,0.0,0.95541805,0.0,0.92683756,0,0.9104684
46,2,3,1,0,0,0,36,0.0,0.0,0.89131606,0.0,0.77795047,0,0.8681974
19,2,6,3,0,1,1,40,0.0,0.0,0.998673,0.0,0.97928774,0,0.9992391
37,0,7,1,4,1,1,60,0.0,1.0,0.4558748,0.0,0.5197784,1,0.023243504
32,2,3,3,0,1,1,50,0.0,0.0,0.94991827,0.0,0.9257403,0,0.99886215
44,2,4,3,2,1,0,55,0.0,0.0,0.5795206,0.0,0.5026016,1,0.053243984
24,0,4,3,5,0,0,40,0.0,0.0,0.96040666,0.0,0.99712336,0,0.9994832
22,2,3,3,0,1,1,40,0.0,0.0,0.991375,0.0,0.9799272,0,0.99925154
43,0,3,1,2,1,1,40,0.0,0.0,0.51077485,1.0,0.45058602,0,0.51821214
40,2,5,3,5,1,0,40,0.0,0.0,0.59347105,0.0,0.5618794,1,0.00067476934
26,2,3,1,0,1,1,40,1.0,0.0,0.8838635,0.0,0.88206965,0,0.90813124
38,2,3,0,0,1,1,28,0.0,0.0,0.9753437,0.0,0.97533345,0,0.99929404
43,2,3,0,0,1,1,40,0.0,0.0,0.94634944,0.0,0.97687066,0,0.9990238
20,2,7,3,5,1,1,30,0.0,0.0,0.99642223,0.0,0.9788667,0,0.99967396
27,2,6,1,0,1,1,45,0.0,0.0,0.8739223,0.0,0.9369443,0,0.9988086
64,0,3,0,0,1,1,20,0.0,0.0,0.9708391,0.0,0.94149244,0,0.99836916
42,2,3,1,0,1,1,40,0.0,0.0,0.7166563,0.0,0.63731813,0,0.8558458
65,3,7,4,5,1,0,45,0.0,0.0,0.8760266,0.0,0.5508504,0,0.7695152
26,2,1,3,5,1,0,40,0.0,0.0,0.95176417,0.0,0.9814894,0,0.99895513
35,2,7,0,3,1,0,35,0.0,0.0,0.9706943,0.0,0.9817947,0,0.99930334
63,1,1,1,1,1,1,54,1.0,1.0,0.37660903,1.0,0.13598853,1,4.8280126e-05
44,2,3,1,0,1,0,40,1.0,0.0,0.7681614,0.0,0.63691914,0,0.8558447
24,2,7,3,5,0,0,40,0.0,0.0,0.988377,0.0,0.9638979,0,0.99938023
43,2,7,1,3,1,1,50,1.0,1.0,0.39467084,1.0,0.32219684,1,4.7120953e-05
20,2,7,3,5,1,1,25,0.0,0.0,0.9970155,0.0,0.978833,0,0.99967563
33,2,0,1,2,1,1,40,1.0,0.0,0.50203884,1.0,0.33279723,1,0.39467555
31,2,3,0,0,1,0,40,0.0,0.0,0.97068715,0.0,0.97616345,0,0.99907434
47,2,3,2,3,1,0,52,0.0,0.0,0.92651165,0.0,0.82399356,0,0.9790603
23,2,6,3,0,1,1,35,0.0,0.0,0.99820906,0.0,0.98124844,0,0.9992454
33,2,4,1,2,1,1,50,1.0,1.0,0.17559773,1.0,0.2616372,1,0.0031955393
19,2,6,0,4,1,0,40,0.0,0.0,0.99699473,0.0,0.9796802,0,0.9992557
49,0,4,0,2,1,0,40,0.0,0.0,0.70505744,0.0,0.90333205,0,0.99951065
41,2,7,1,0,1,1,42,1.0,0.0,0.5820099,0.0,0.5625338,0,0.6500623
51,3,0,1,3,1,1,40,1.0,1.0,0.40459657,1.0,0.4015364,1,0.45366716
27,2,1,1,5,1,1,55,1.0,1.0,0.3746764,0.0,0.54172456,1,0.33324647
22,2,1,3,5,1,0,40,0.0,0.0,0.97594666,0.0,0.97449565,0,0.9994041
47,0,3,1,4,1,0,7,1.0,0.0,0.9063907,0.0,0.7640958,0,0.92709994
43,2,5,1,2,1,1,60,1.0,1.0,0.05999589,1.0,0.14692736,1,6.7556415e-05
23,2,7,3,0,1,1,45,0.0,0.0,0.9780146,0.0,0.9388409,0,0.99915767
57,0,6,1,4,1,1,40,0.0,0.0,0.8217832,0.0,0.8823418,0,0.9330073
38,2,3,3,3,1,0,40,0.0,0.0,0.95752496,0.0,0.9758951,0,0.9990908
35,2,3,0,5,1,0,45,0.0,0.0,0.899627,0.0,0.9516415,0,0.9988305
66,3,1,1,3,1,1,26,1.0,0.0,0.51587415,1.0,0.23474252,1,0.006930373
21,2,6,3,4,1,0,40,0.0,0.0,0.9992873,0.0,0.9787253,0,0.99922097
31,0,1,3,2,1,0,40,0.0,0.0,0.93077016,0.0,0.9392245,0,0.99953306
44,2,3,0,5,1,0,40,0.0,0.0,0.9012092,0.0,0.97758806,0,0.9989318
31,2,1,1,2,1,0,40,1.0,1.0,0.38942498,0.0,0.54966277,1,0.12994945
35,2,0,1,0,1,1,40,0.0,0.0,0.57214046,0.0,0.7251495,0,0.8588086
24,2,0,3,0,1,1,40,0.0,0.0,0.9783379,0.0,0.97917324,0,0.9992337
36,0,3,3,0,0,1,40,0.0,0.0,0.9723163,0.0,0.97923696,0,0.99922264
24,0,1,3,2,1,1,15,0.0,0.0,0.986597,0.0,0.97922826,0,0.99957746
17,2,6,3,0,1,1,12,0.0,0.0,0.99999976,0.0,0.987883,0,0.9993492
38,2,3,0,4,1,1,32,0.0,0.0,0.975981,0.0,0.9797073,0,0.99933726
29,2,4,3,3,1,1,50,1.0,0.0,0.7364418,0.0,0.7064636,0,0.883358
45,2,1,1,0,1,1,60,0.0,1.0,0.32081664,1.0,0.46019888,1,0.11337329
55,2,1,1,5,1,1,45,1.0,1.0,0.17911834,1.0,0.26592106,1,4.052788e-06
25,2,3,1,3,1,1,52,0.0,0.0,0.7771229,0.0,0.6367998,0,0.8707335
33,2,3,1,0,1,1,40,0.0,0.0,0.78622675,0.0,0.8898081,0,0.9051291
29,3,5,0,2,1,1,60,1.0,1.0,0.35114276,0.0,0.6204607,0,0.7726457
21,2,3,3,3,1,0,30,0.0,0.0,0.9983668,0.0,0.99088115,0,0.9993692
20,2,7,3,0,1,1,20,0.0,0.0,0.9986151,0.0,0.9903192,0,0.9993736
58,1,6,1,1,1,1,16,0.0,0.0,0.9456655,0.0,0.9062273,0,0.9983375
66,2,3,1,3,1,1,50,0.0,1.0,0.42122382,0.0,0.5979297,0,0.5654696
38,2,3,1,0,1,1,45,0.0,0.0,0.71250427,0.0,0.63544035,0,0.8566375
54,0,3,1,0,0,1,40,0.0,0.0,0.6735838,0.0,0.63700294,0,0.85585856
35,2,2,1,2,1,1,40,1.0,1.0,0.19104332,1.0,0.16791266,1,0.00048633857
28,2,6,3,0,1,0,40,0.0,0.0,0.9951662,0.0,0.9785537,0,0.99922025
34,2,0,0,5,0,1,40,0.0,0.0,0.91574585,0.0,0.9811993,0,0.99949276
32,2,1,1,2,1,1,40,0.0,1.0,0.36136,1.0,0.3377493,1,0.04210996
40,2,7,3,3,1,0,40,0.0,0.0,0.96176654,0.0,0.9101524,0,0.99912125
38,2,7,1,5,1,1,45,0.0,1.0,0.368348,1.0,0.2264008,1,0.00026414843
36,3,5,0,2,1,1,40,1.0,1.0,0.33422852,0.0,0.8210398,0,0.93852794
36,2,3,1,0,1,1,40,0.0,0.0,0.76022047,0.0,0.9239036,0,0.87502086
38,2,3,1,5,1,1,40,1.0,0.0,0.54398525,0.0,0.60074687,0,0.84152794
49,2,1,1,3,0,1,50,1.0,1.0,0.24790686,1.0,0.18933171,1,8.000244e-06
35,2,7,3,3,1,1,48,0.0,0.0,0.89722615,0.0,0.9898832,0,0.99900836
34,3,4,1,3,1,1,60,1.0,1.0,0.18227988,1.0,0.25602245,1,0.0027280762
18,2,6,3,3,1,1,20,0.0,0.0,0.9998111,0.0,0.9864209,0,0.9993268
35,2,3,0,0,1,1,20,0.0,0.0,0.9826542,0.0,0.98773044,0,0.99938226
54,2,3,1,0,0,1,40,1.0,0.0,0.7782656,0.0,0.636906,0,0.8558405
23,0,1,1,4,1,1,38,0.0,0.0,0.7797124,0.0,0.76079476,0,0.86881536
19,2,7,3,5,1,0,20,0.0,0.0,0.9991079,0.0,0.984235,0,0.9995498
19,2,3,2,5,1,0,30,0.0,0.0,0.99833953,0.0,0.9910542,0,0.99940217
51,0,2,0,5,1,0,45,1.0,1.0,0.44298548,1.0,0.20023775,1,0.00056822435
33,2,0,1,2,1,1,40,1.0,0.0,0.50203884,1.0,0.33279723,1,0.39467555
31,2,6,1,0,1,1,40,0.0,0.0,0.9202103,0.0,0.9120048,0,0.9990376
28,2,1,3,5,0,1,35,0.0,0.0,0.96467966,0.0,0.9995767,0,0.99953747
34,2,4,1,5,1,1,40,1.0,1.0,0.172517,1.0,0.29530728,1,0.015897721
61,3,5,1,2,1,1,50,1.0,1.0,0.079080164,1.0,0.13080758,1,5.647197e-05
33,0,2,1,2,1,1,50,1.0,1.0,0.19929159,1.0,0.15971643,1,0.000105393185
54,0,7,1,4,1,1,40,1.0,1.0,0.43010813,1.0,0.36724395,1,0.12228761
43,3,7,1,0,1,1,50,0.0,0.0,0.64751625,0.0,0.5511435,0,0.72852224
43,2,6,1,0,1,1,45,0.0,0.0,0.80262643,0.0,0.9392965,0,0.9985917
50,2,7,0,4,1,0,36,0.0,0.0,0.9634117,0.0,0.94550884,0,0.9986772
60,0,3,1,4,0,1,40,1.0,0.0,0.75595593,0.0,0.58878326,0,0.84366864
51,2,1,0,5,1,0,40,0.0,0.0,0.7508518,0.0,0.8696357,0,0.92665714
20,1,7,3,1,1,0,40,0.0,0.0,0.992576,0.0,0.9891066,0,0.9993542
34,2,1,1,2,1,0,40,0.0,1.0,0.33654714,0.0,0.5287307,1,0.11728756
52,2,1,3,2,1,1,38,0.0,0.0,0.5591825,0.0,0.7648988,0,0.9996182
76,3,6,1,0,1,1,10,0.0,0.0,0.9787682,0.0,0.89335054,0,0.9305878
41,2,5,1,2,1,1,65,1.0,1.0,0.05945468,1.0,0.1520015,1,8.1548475e-05
39,2,1,0,3,1,1,60,0.0,0.0,0.6629519,0.0,0.6634663,0,0.77160394
43,2,4,3,4,1,0,40,0.0,0.0,0.8536532,0.0,0.9237921,0,0.9063827
24,2,1,3,5,1,0,40,0.0,0.0,0.96391726,0.0,0.97543734,0,0.99934536
31,2,3,1,0,1,1,65,0.0,0.0,0.73522353,0.0,0.8417902,0,0.86310685
39,2,5,1,2,1,1,45,1.0,1.0,0.059633613,1.0,0.15599263,1,0.00013914988
34,2,1,1,2,1,1,50,1.0,1.0,0.28186435,1.0,0.17491221,1,0.00090493035
42,2,0,1,2,1,1,40,1.0,1.0,0.3614365,1.0,0.4516933,1,0.0290575
59,3,3,0,5,1,1,60,0.0,0.0,0.7995743,0.0,0.7527722,0,0.87181884
39,2,3,3,0,1,1,48,0.0,0.0,0.90765095,0.0,0.928177,0,0.9988004
24,2,3,3,0,1,0,25,0.0,0.0,0.99676263,0.0,0.9802362,0,0.99925107
50,3,6,3,4,0,0,15,0.0,0.0,0.99858457,0.0,0.97642154,0,0.9990409
37,2,7,1,0,1,1,40,0.0,0.0,0.67594254,0.0,0.6372109,0,0.85575575
28,2,0,3,3,1,0,60,0.0,0.0,0.958344,0.0,0.9155334,0,0.9608813
22,2,7,3,3,1,1,8,0.0,0.0,0.9989815,0.0,0.9891009,0,0.9996592
30,2,3,3,0,1,1,40,0.0,0.0,0.96868885,0.0,0.9807764,0,0.9992403
57,3,7,1,2,1,1,40,0.0,1.0,0.4402125,0.0,0.60615754,1,0.0008275739
35,3,3,1,0,1,1,60,1.0,0.0,0.75220275,0.0,0.6339997,0,0.8569371
34,2,0,1,5,1,0,40,1.0,1.0,0.46905386,1.0,0.43028003,0,0.521927
32,2,7,0,5,1,0,38,0.0,0.0,0.94869936,0.0,0.98901063,0,0.9994843
34,2,3,0,0,1,1,50,0.0,0.0,0.9421814,0.0,0.9759018,0,0.9991322
33,2,6,3,0,1,1,65,0.0,0.0,0.96704715,0.0,0.91828424,0,0.99909294
44,2,3,1,0,0,1,40,0.0,0.0,0.8027388,0.0,0.6369424,0,0.8558411
40,2,7,1,5,1,0,35,1.0,0.0,0.5788486,1.0,0.38481003,1,0.49567074
62,2,3,1,0,1,1,40,1.0,0.0,0.6027235,0.0,0.636878,0,0.85583717
27,2,7,3,4,1,0,40,0.0,0.0,0.9918225,0.0,0.9772272,0,0.99921954
43,2,3,0,0,1,0,50,0.0,0.0,0.9494223,0.0,0.9075145,0,0.99807835
35,3,7,1,3,1,1,50,1.0,1.0,0.46326613,1.0,0.17081332,1,0.010630717
32,1,0,3,1,1,1,40,0.0,0.0,0.9479504,0.0,0.9907343,0,0.9993672
28,0,6,1,0,0,1,40,1.0,0.0,0.9253586,0.0,0.9544138,0,0.99905235
24,2,7,3,4,1,0,37,0.0,0.0,0.9972487,0.0,0.9795411,0,0.999257
40,2,3,1,0,1,1,35,0.0,0.0,0.8194827,0.0,0.89150375,0,0.8841341
44,2,3,1,4,0,0,40,0.0,0.0,0.87215817,0.0,0.63690764,0,0.85584056
65,0,7,1,0,0,1,40,1.0,0.0,0.73157924,0.0,0.6249478,0,0.6063484
37,2,1,1,2,1,1,55,1.0,1.0,0.25284123,1.0,0.16768777,1,0.0002631771
60,1,6,1,1,1,1,30,1.0,0.0,0.91960514,0.0,0.81614655,0,0.91970265
26,2,0,2,4,0,1,40,0.0,0.0,0.9942385,0.0,0.9798693,0,0.9992611
26,2,6,3,0,1,1,40,0.0,0.0,0.99315464,0.0,0.97903466,0,0.9992279
42,2,6,3,0,0,1,40,0.0,0.0,0.98393637,0.0,0.978547,0,0.9992192
36,2,3,1,0,1,1,40,0.0,0.0,0.76022047,0.0,0.9239036,0,0.87502086
49,2,7,0,5,1,0,40,0.0,0.0,0.8903699,0.0,0.93052447,0,0.9979532
33,0,7,1,4,1,1,45,0.0,0.0,0.57344484,0.0,0.66624033,1,0.24274847
22,2,7,3,5,1,0,40,0.0,0.0,0.99011004,0.0,0.9668974,0,0.99937963
56,2,3,1,0,1,1,40,1.0,0.0,0.6245427,0.0,0.6369058,0,0.8558405
35,0,7,0,5,1,0,15,0.0,0.0,0.9678435,0.0,0.93681955,0,0.9995746
50,3,7,0,4,1,1,40,0.0,0.0,0.8908647,0.0,0.9277633,0,0.9985668
46,2,3,1,0,0,1,40,1.0,0.0,0.7969794,0.0,0.63692117,0,0.85584074
46,3,4,0,3,1,1,60,1.0,0.0,0.5139088,0.0,0.502156,1,0.00246995
38,2,1,3,4,1,0,45,0.0,0.0,0.8949005,0.0,0.87508947,0,0.96036744
31,2,3,1,4,1,1,65,0.0,0.0,0.70818686,0.0,0.7990826,0,0.8635876
64,2,3,0,0,1,0,40,0.0,0.0,0.95217896,0.0,0.9423814,0,0.9947478
33,2,3,0,0,1,0,40,0.0,0.0,0.9683944,0.0,0.976844,0,0.9990282
28,2,3,3,0,1,1,45,0.0,0.0,0.96937585,0.0,0.9683819,0,0.99919087
32,2,3,3,0,1,1,40,0.0,0.0,0.96072525,0.0,0.98124593,0,0.99922776
48,3,1,1,5,1,0,25,1.0,1.0,0.35734957,1.0,0.4667353,0,0.5189369
35,2,0,1,0,1,0,44,0.0,1.0,0.47032565,0.0,0.64384663,0,0.8534589
26,2,3,3,0,0,0,40,0.0,0.0,0.9931845,0.0,0.9786769,0,0.99922013
52,2,3,0,0,1,1,40,0.0,0.0,0.93347615,0.0,0.9401886,0,0.998343
38,2,7,1,0,1,1,60,1.0,0.0,0.54172254,0.0,0.5010437,0,0.6617865
25,2,6,1,0,1,1,40,0.0,0.0,0.95349103,0.0,0.91018265,0,0.99903834
37,2,4,1,4,1,1,60,1.0,1.0,0.17298138,1.0,0.25315595,1,9.558483e-06
30,2,0,3,3,1,1,40,0.0,0.0,0.95063645,0.0,0.9771253,0,0.9995436
48,2,1,3,2,1,0,45,0.0,0.0,0.63643456,0.0,0.80424684,0,0.8325158
53,2,3,1,0,1,1,40,0.0,0.0,0.6414137,0.0,0.6369066,0,0.8558405
62,3,3,3,4,1,0,6,0.0,0.0,0.9890359,0.0,0.9350132,0,0.99787045
33,0,1,1,2,0,1,40,0.0,1.0,0.47308105,1.0,0.4508049,1,0.0011973092
52,2,7,1,5,1,1,60,0.0,1.0,0.31578457,0.0,0.53197026,1,5.3163803e-06
41,2,7,0,4,0,0,36,0.0,0.0,0.98470265,0.0,0.97649986,0,0.9990189
22,2,3,3,0,1,1,40,0.0,0.0,0.991375,0.0,0.9799272,0,0.99925154
61,2,3,0,5,0,0,35,0.0,0.0,0.9615285,0.0,0.9613558,0,0.97822034
41,0,7,1,5,1,1,40,0.0,1.0,0.46635312,0.0,0.5557322,1,0.00028789465
48,0,7,1,4,1,1,40,1.0,1.0,0.4472708,1.0,0.4183634,1,0.1403327
29,2,3,1,3,1,1,50,0.0,0.0,0.7058898,0.0,0.62514687,0,0.8769562
51,3,0,1,5,1,1,40,0.0,1.0,0.31894588,1.0,0.3521791,1,0.10651677
34,2,6,1,0,1,1,40,0.0,0.0,0.90810347,0.0,0.9135919,0,0.9990269
47,2,3,1,5,1,1,49,1.0,1.0,0.42804998,1.0,0.4953733,0,0.5038131
66,3,0,1,2,1,1,50,0.0,1.0,0.31972367,0.0,0.5344225,1,0.0045169266
27,0,1,1,4,0,0,48,0.0,0.0,0.68591094,0.0,0.52137464,1,0.20948762
29,2,7,1,5,0,0,40,0.0,0.0,0.7558355,1.0,0.452982,0,0.72771573
64,2,6,1,0,1,1,40,0.0,0.0,0.8393873,0.0,0.9028489,0,0.8879243
44,2,1,1,2,1,1,45,1.0,1.0,0.23018074,1.0,0.24818575,1,2.0418722e-05
21,2,7,3,5,1,0,40,0.0,0.0,0.99224985,0.0,0.96683174,0,0.9993907
49,2,6,3,0,0,1,35,0.0,0.0,0.9877562,0.0,0.97597575,0,0.9990866
22,2,1,3,5,1,0,10,0.0,0.0,0.9969414,0.0,0.98788816,0,0.9996362
22,1,7,2,1,1,0,25,0.0,0.0,0.9937571,0.0,0.9908907,0,0.99936956
43,2,7,0,5,1,0,44,0.0,0.0,0.86494017,0.0,0.87670064,0,0.99473464
33,2,0,0,3,1,1,40,0.0,0.0,0.9055168,0.0,0.95975643,0,0.9995602
48,2,1,1,5,1,1,40,1.0,1.0,0.21962148,1.0,0.2885329,1,6.4787737e-06
40,3,3,1,0,1,1,32,0.0,0.0,0.8384437,0.0,0.88611096,0,0.9000216
75,1,3,1,1,1,0,14,0.0,0.0,0.8876757,0.0,0.80870634,0,0.88249934
38,2,6,0,0,1,1,40,0.0,0.0,0.9844166,0.0,0.9789984,0,0.99922395
43,2,1,1,2,1,1,50,1.0,1.0,0.22651106,1.0,0.24143255,1,1.9539371e-05
61,2,3,1,5,1,1,3,0.0,0.0,0.9066538,0.0,0.7376162,0,0.914724
69,2,3,1,3,1,1,24,0.0,0.0,0.7801715,0.0,0.8439548,0,0.8766896
34,2,7,1,5,1,1,40,0.0,0.0,0.51986885,1.0,0.1967938,1,0.3798582
45,2,7,1,5,1,1,40,0.0,1.0,0.3802082,0.0,0.634657,1,0.0040148785
33,2,3,1,5,1,0,35,1.0,0.0,0.69131666,0.0,0.6878451,0,0.8718869
27,0,7,3,5,0,0,40,0.0,0.0,0.9781953,0.0,0.98773384,0,0.9995912
47,0,0,1,4,1,1,48,1.0,1.0,0.36784083,0.0,0.5010147,1,0.2389504
41,0,3,1,0,1,1,60,0.0,0.0,0.61832386,0.0,0.5901115,0,0.8436052
21,2,7,3,0,1,1,20,0.0,0.0,0.99814403,0.0,0.99052775,0,0.99936646
34,2,3,1,0,1,1,40,0.0,0.0,0.7777099,0.0,0.8846189,0,0.9028459
51,2,1,1,5,1,1,45,1.0,1.0,0.18502301,1.0,0.28714907,1,3.7579346e-06
42,0,7,0,4,1,0,40,0.0,0.0,0.9159382,0.0,0.95547104,0,0.9991487
52,2,3,0,3,1,1,40,0.0,0.0,0.9154849,0.0,0.94252205,0,0.9985038
29,2,3,1,0,1,1,40,0.0,0.0,0.8437966,0.0,0.8819859,0,0.9083108
26,2,0,3,2,1,0,36,0.0,0.0,0.98143464,0.0,0.9676328,0,0.99955314
50,2,1,1,3,1,1,40,1.0,1.0,0.22795808,1.0,0.23983604,1,6.651586e-06
39,1,6,1,1,1,1,40,0.0,0.0,0.8826082,0.0,0.9319913,0,0.99892753
34,2,1,3,3,1,0,40,0.0,0.0,0.91862816,0.0,0.954398,0,0.99941707
22,2,1,3,5,0,0,10,0.0,0.0,0.9978243,0.0,0.98788816,0,0.9996362
22,2,7,3,3,1,0,20,0.0,0.0,0.9990325,0.0,0.98906183,0,0.9994856
48,2,1,1,5,1,1,45,1.0,1.0,0.19165689,1.0,0.30534613,1,4.2273987e-06
56,3,1,1,5,1,1,40,1.0,1.0,0.275483,1.0,0.38998258,1,5.4878924e-06
52,3,3,1,5,1,1,45,1.0,1.0,0.43144238,0.0,0.559198,0,0.6257207
41,2,3,3,4,1,1,40,0.0,0.0,0.9353781,0.0,0.9784985,0,0.9992093
49,2,3,1,0,1,1,40,0.0,0.0,0.6678808,0.0,0.6369151,0,0.8558407
18,2,6,3,5,1,0,15,0.0,0.0,0.9999129,0.0,0.98572654,0,0.99931955
29,2,3,3,5,0,0,40,0.0,0.0,0.9803594,0.0,0.97816277,0,0.9993563
66,2,3,3,5,0,0,40,0.0,0.0,0.8955619,0.0,0.8558695,0,0.89026535
28,2,7,2,0,0,1,40,0.0,0.0,0.9924766,0.0,0.9803311,0,0.99926525
48,2,1,1,2,1,1,45,1.0,1.0,0.2180264,1.0,0.18547177,1,1.3357856e-05
57,2,3,2,0,1,1,40,0.0,0.0,0.96598893,0.0,0.9063844,0,0.99847215
27,2,7,1,4,1,1,40,0.0,0.0,0.8140191,0.0,0.5701621,0,0.87748027
45,2,1,1,2,1,1,40,1.0,1.0,0.26282442,1.0,0.20940286,1,1.7900618e-05
31,2,1,3,2,0,1,40,0.0,0.0,0.88093036,0.0,0.96461475,0,0.9995246
31,2,6,1,0,0,1,40,0.0,0.0,0.9207958,0.0,0.9120048,0,0.9990376
60,0,7,1,5,1,1,40,1.0,1.0,0.41740412,1.0,0.4163344,1,0.000101444035
24,2,3,3,0,1,1,48,0.0,0.0,0.98162967,0.0,0.9175439,0,0.99912757
51,0,3,1,5,1,0,40,0.0,1.0,0.42251372,0.0,0.50165606,0,0.530175
30,3,6,3,0,0,1,40,0.0,0.0,0.9963492,0.0,0.98216593,0,0.9992176
52,0,6,1,0,1,1,40,0.0,0.0,0.89075655,0.0,0.7282686,0,0.9974654
53,2,7,1,0,1,1,66,0.0,1.0,0.47120565,1.0,0.49837917,0,0.5147014
41,3,4,1,3,1,0,35,1.0,1.0,0.3655073,1.0,0.35665554,1,0.25685102
17,0,6,3,5,1,0,15,0.0,0.0,0.99999946,0.0,0.99098986,0,0.9993948
26,2,3,3,0,1,1,40,0.0,0.0,0.98171496,0.0,0.98048747,0,0.9992466
26,2,3,3,0,1,1,40,0.0,0.0,0.98171496,0.0,0.98048747,0,0.9992466
29,2,3,3,2,1,0,50,0.0,0.0,0.94005156,0.0,0.9482359,0,0.9990018
37,2,3,3,0,1,1,40,0.0,0.0,0.9359181,0.0,0.9788682,0,0.99921906
22,2,1,3,2,1,1,40,0.0,0.0,0.93695617,0.0,0.97844076,0,0.99951804
42,2,3,4,4,1,0,40,0.0,0.0,0.9581204,0.0,0.9483737,0,0.99836916
25,2,6,3,0,1,1,40,0.0,0.0,0.9940788,0.0,0.9791064,0,0.99923
31,2,1,3,4,1,1,40,0.0,0.0,0.8934109,0.0,0.9844074,0,0.9996253
35,2,7,1,2,1,1,50,1.0,1.0,0.43470085,0.0,0.5534344,1,0.00026464375
42,0,4,3,2,1,1,70,0.0,0.0,0.610869,1.0,0.31737828,1,0.01598569
23,2,7,3,2,1,1,10,0.0,0.0,0.9953935,0.0,0.9831691,0,0.99971193
38,0,5,1,2,0,1,40,1.0,1.0,0.12433773,1.0,0.2831173,1,0.0016100691
20,3,6,3,0,1,1,40,0.0,0.0,0.9989696,0.0,0.9820811,0,0.99923754
25,0,0,3,5,0,0,38,0.0,0.0,0.98936355,0.0,0.9854958,0,0.99960655
51,0,3,0,4,1,1,40,0.0,0.0,0.909371,0.0,0.9234534,0,0.99878186
36,0,1,3,2,1,1,50,0.0,0.0,0.7635775,0.0,0.7111408,0,0.7723895
26,2,1,3,4,1,0,40,0.0,0.0,0.9810528,0.0,0.99119794,0,0.9994467
27,2,6,1,5,1,0,40,0.0,0.0,0.8571069,0.0,0.9236867,0,0.9991623
46,2,3,1,4,1,1,35,0.0,0.0,0.7886818,0.0,0.7856627,0,0.86869913
71,3,3,4,5,1,0,35,0.0,0.0,0.9031932,0.0,0.88538426,0,0.9984842
41,2,7,1,2,1,0,32,1.0,0.0,0.5181285,1.0,0.42367548,0,0.514911
42,2,7,0,5,1,1,40,0.0,0.0,0.8412075,0.0,0.99192256,0,0.99948186
45,2,6,1,0,1,1,38,0.0,0.0,0.9205998,0.0,0.94033766,0,0.9987708
21,1,7,3,1,1,1,20,0.0,0.0,0.99699724,0.0,0.98686254,0,0.99950624
72,1,7,1,1,1,1,3,0.0,0.0,0.8765489,0.0,0.8910585,0,0.91193527
24,2,3,1,0,1,1,60,1.0,0.0,0.8434034,0.0,0.83574003,0,0.87380034
47,2,1,1,5,0,0,35,1.0,1.0,0.47814023,1.0,0.3069085,1,0.32436073
49,2,3,0,0,1,1,40,0.0,0.0,0.93820167,0.0,0.98198414,0,0.9986345
44,2,1,1,3,1,1,40,1.0,1.0,0.24318534,1.0,0.21970439,1,1.1650526e-05
35,2,6,1,0,1,1,40,0.0,0.0,0.9040015,0.0,0.9196333,0,0.9989942
57,3,3,1,0,0,1,40,0.0,0.0,0.8598303,0.0,0.63691425,0,0.8558407
49,1,1,1,1,1,1,60,1.0,1.0,0.29220265,1.0,0.32528496,1,4.2058646e-06
19,2,7,3,5,1,0,16,0.0,0.0,0.99930847,0.0,0.98145765,0,0.99953735
27,2,5,3,2,1,0,45,0.0,0.0,0.62427545,0.0,0.5668336,0,0.80327106
41,2,6,1,0,1,1,60,0.0,0.0,0.7787757,0.0,0.9329878,0,0.8986594
38,3,3,0,0,1,1,50,0.0,0.0,0.94129014,0.0,0.97543126,0,0.99902785
44,0,7,1,5,1,1,55,1.0,1.0,0.35303468,1.0,0.3357815,1,1.0917498e-05
19,2,3,3,3,1,1,45,0.0,0.0,0.9938105,0.0,0.97707474,0,0.9992267
42,1,3,2,1,1,1,40,0.0,0.0,0.95405513,0.0,0.9763002,0,0.9990552
22,0,1,3,2,1,0,20,0.0,0.0,0.992992,0.0,0.95972943,0,0.999688
22,0,1,3,2,1,1,10,0.0,0.0,0.9939744,0.0,0.9873648,0,0.9995721
39,2,3,0,5,1,1,40,1.0,0.0,0.8796542,0.0,0.97935337,0,0.99924576
23,2,1,3,4,1,0,30,0.0,0.0,0.99531597,0.0,0.98436713,0,0.9994873
51,2,0,2,2,1,0,40,0.0,0.0,0.8899804,0.0,0.94066936,0,0.99895287
43,2,1,1,3,1,1,45,1.0,1.0,0.20560557,1.0,0.21351653,1,1.1868782e-05
17,2,6,3,4,1,1,25,0.0,0.0,0.9999995,0.0,0.9794187,0,0.99925536
37,2,3,0,5,1,0,40,0.0,0.0,0.91533107,0.0,0.97863996,0,0.9992182
39,2,0,1,0,1,1,60,1.0,1.0,0.47927386,0.0,0.50405586,0,0.6810966
25,2,1,3,2,1,1,20,0.0,0.0,0.96255374,0.0,0.9919696,0,0.9996117
48,2,3,1,0,1,1,43,0.0,0.0,0.64607215,0.0,0.6368992,0,0.8558397
29,0,0,1,4,1,1,42,1.0,0.0,0.6186879,0.0,0.51017547,0,0.72740155
49,3,0,1,0,1,1,40,1.0,0.0,0.5227584,0.0,0.6331142,0,0.85538244
37,3,3,3,0,1,1,50,0.0,0.0,0.9428525,0.0,0.928408,0,0.9987986
43,2,1,1,2,1,1,55,1.0,1.0,0.22477776,1.0,0.22139788,1,1.5334366e-05
21,2,3,1,0,0,1,40,0.0,0.0,0.9657291,0.0,0.93405825,0,0.9072493
29,2,1,1,5,1,1,40,1.0,1.0,0.4069183,1.0,0.3613178,1,0.2239415
20,2,7,3,4,1,0,25,0.0,0.0,0.9993103,0.0,0.9906359,0,0.9993673
21,2,6,3,0,1,1,48,0.0,0.0,0.99471575,0.0,0.9748211,0,0.9992099
60,2,6,0,4,0,0,40,0.0,0.0,0.99289685,0.0,0.94604415,0,0.9984347
30,2,1,1,4,1,1,40,0.0,0.0,0.50077057,0.0,0.5742437,0,0.6586201
64,2,6,1,0,1,1,40,0.0,0.0,0.8393873,0.0,0.9028489,0,0.8879243
35,1,7,3,1,0,0,40,0.0,0.0,0.97941154,0.0,0.9764863,0,0.99909115
28,2,1,1,5,1,1,45,0.0,1.0,0.365512,0.0,0.5510502,1,0.29667398
27,1,0,1,1,1,1,20,0.0,0.0,0.7981738,0.0,0.9732903,0,0.99909973
26,2,7,1,3,1,1,40,0.0,0.0,0.78627485,0.0,0.6944455,0,0.8017508
17,2,6,3,4,1,0,10,0.0,0.0,0.9999999,0.0,0.980142,0,0.99926144
56,3,3,1,4,1,1,50,1.0,0.0,0.5720779,0.0,0.5912628,0,0.8445697
45,2,4,1,5,1,1,50,1.0,1.0,0.11075926,1.0,0.20609999,1,1.6157323e-05
74,1,3,1,1,1,1,6,0.0,0.0,0.9070746,0.0,0.7748584,0,0.89977676
22,2,7,3,4,1,1,25,0.0,0.0,0.9972782,0.0,0.9908829,0,0.9993697
19,2,6,3,0,1,1,40,0.0,0.0,0.998673,0.0,0.97928774,0,0.9992391
56,2,3,1,0,1,1,40,0.0,0.0,0.6245427,0.0,0.6369058,0,0.8558405
52,0,3,1,0,1,1,40,0.0,0.0,0.6430913,0.0,0.6369683,0,0.85584795
54,3,3,1,0,1,1,52,1.0,0.0,0.6795702,0.0,0.63686687,0,0.85583586
23,2,6,3,0,1,1,46,0.0,0.0,0.99217355,0.0,0.973765,0,0.99920756
32,3,1,3,5,1,1,55,0.0,0.0,0.7491527,0.0,0.70945394,0,0.76973915
39,2,6,1,0,1,1,40,0.0,0.0,0.8892288,0.0,0.94045734,0,0.9988133
42,0,7,1,4,0,1,40,1.0,0.0,0.5941919,1.0,0.4724738,1,0.1645157
41,2,7,0,5,1,0,40,0.0,0.0,0.89858425,0.0,0.90865546,0,0.9989613
49,0,0,1,0,1,1,40,0.0,0.0,0.6040658,0.0,0.5248718,0,0.77541906
20,0,7,3,5,1,0,25,0.0,0.0,0.9983294,0.0,0.9871769,0,0.99965954
18,2,6,3,4,1,0,30,0.0,0.0,0.9999252,0.0,0.9795163,0,0.99924785
39,0,7,0,5,0,0,40,0.0,0.0,0.9131416,0.0,0.9267303,0,0.9994868
19,2,3,3,0,1,1,35,0.0,0.0,0.998216,0.0,0.9813667,0,0.9992505
36,2,3,1,0,1,1,40,0.0,0.0,0.76022047,0.0,0.9239036,0,0.87502086
47,3,3,1,5,1,1,80,1.0,1.0,0.4174024,1.0,0.37649465,1,0.39724225
44,2,1,1,2,1,1,50,1.0,1.0,0.22322023,1.0,0.22763461,1,1.6419055e-05
59,2,6,1,0,1,1,40,0.0,0.0,0.8376679,0.0,0.92792577,0,0.90167946
61,2,3,1,2,1,1,30,0.0,0.0,0.5637227,0.0,0.7917421,0,0.86515886
27,2,3,1,0,1,1,40,0.0,0.0,0.871626,0.0,0.8812948,0,0.90835494
40,2,1,1,2,1,1,40,1.0,1.0,0.28803384,1.0,0.24538511,1,9.6280906e-05
41,0,4,0,2,1,1,35,0.0,0.0,0.76558304,0.0,0.90704125,0,0.9994143
40,2,3,1,4,1,1,40,0.0,0.0,0.695122,0.0,0.6424868,0,0.85742396
21,2,3,3,4,1,0,25,0.0,0.0,0.9986561,0.0,0.9795804,0,0.99925786
52,1,6,1,1,1,1,40,0.0,0.0,0.8646958,0.0,0.80929923,0,0.9975011
61,0,6,4,4,1,0,32,1.0,0.0,0.9817628,0.0,0.9347459,0,0.99857056
24,2,3,3,4,1,0,25,0.0,0.0,0.99738,0.0,0.9795963,0,0.9992575
23,2,3,3,5,1,0,40,0.0,0.0,0.9891935,0.0,0.98019683,0,0.9993782
40,2,6,1,4,1,1,40,0.0,0.0,0.85355437,0.0,0.94154215,0,0.9987841
18,2,6,3,0,1,1,27,0.0,0.0,0.99980277,0.0,0.98109925,0,0.9992508
28,2,1,1,3,1,1,40,1.0,0.0,0.514102,1.0,0.32191253,1,0.33198115
47,2,0,1,4,1,1,26,0.0,0.0,0.6757195,0.0,0.7071613,0,0.8670121
27,2,3,1,0,1,1,40,0.0,0.0,0.871626,0.0,0.8812948,0,0.90835494
40,2,1,1,5,1,1,40,1.0,1.0,0.2428664,1.0,0.22203869,1,1.2741848e-05
18,1,7,3,1,1,1,4,0.0,0.0,0.9997328,0.0,0.9885508,0,0.99959654
50,2,3,1,2,1,1,40,1.0,1.0,0.4326566,0.0,0.510873,0,0.6753832
39,3,1,1,3,1,1,40,0.0,1.0,0.3229869,1.0,0.23831731,1,7.0480205e-06
36,2,1,3,5,1,0,17,0.0,0.0,0.9684857,0.0,0.9670367,0,0.99954695
36,2,6,1,3,1,1,50,1.0,0.0,0.6851151,0.0,0.9449797,0,0.99828666
47,2,3,2,5,1,0,37,0.0,0.0,0.94459295,0.0,0.9644781,0,0.9989324
50,2,7,1,4,1,1,40,1.0,1.0,0.48786598,0.0,0.5405233,0,0.51238334
36,3,1,3,0,1,1,40,0.0,0.0,0.9145859,0.0,0.9787614,0,0.99922824
29,2,3,1,5,1,0,20,0.0,0.0,0.83200014,0.0,0.95205224,0,0.9976412
52,3,3,3,2,1,1,50,0.0,0.0,0.7521979,0.0,0.8573655,0,0.87669307
34,2,7,1,4,1,1,42,0.0,0.0,0.58276844,1.0,0.23849458,0,0.66246974
40,2,0,3,5,1,0,40,0.0,0.0,0.89156103,0.0,0.8786316,0,0.9966691
51,3,7,0,0,1,1,8,1.0,0.0,0.98613495,0.0,0.8924656,0,0.99903536
17,0,6,3,0,1,1,40,0.0,0.0,0.9999959,0.0,0.9794052,0,0.99925226
34,2,3,1,5,1,1,50,0.0,0.0,0.52395034,0.0,0.5650855,0,0.7853507
34,2,3,3,0,1,1,40,0.0,0.0,0.9516772,0.0,0.98077136,0,0.99921334
59,2,3,1,3,1,1,40,0.0,0.0,0.5541278,0.0,0.58815205,0,0.8431752
47,2,7,0,5,1,1,60,0.0,0.0,0.77204204,0.0,0.7690684,0,0.82732934
45,2,7,1,5,1,1,40,1.0,1.0,0.3802082,0.0,0.634657,1,0.0040148785
27,2,6,1,0,1,1,42,0.0,0.0,0.8859438,0.0,0.92894244,0,0.99889165
34,2,0,1,0,1,1,44,0.0,0.0,0.55528116,0.0,0.7223058,0,0.8587946
32,2,3,3,0,1,1,35,0.0,0.0,0.97519636,0.0,0.981888,0,0.9992372
45,2,7,1,0,1,1,55,0.0,0.0,0.51049054,0.0,0.5011067,0,0.6594537
25,2,6,1,0,1,1,40,0.0,0.0,0.95349103,0.0,0.91018265,0,0.99903834
49,2,7,3,0,1,1,40,0.0,0.0,0.8754977,0.0,0.87700653,0,0.99828964
38,2,7,3,5,0,0,40,0.0,0.0,0.95871973,0.0,0.8898332,0,0.99841404
35,3,6,1,0,1,1,30,0.0,0.0,0.97153145,0.0,0.96788895,0,0.9990816
48,2,0,0,5,1,0,40,0.0,0.0,0.84705293,0.0,0.8971116,0,0.9981615
42,2,3,2,0,1,1,40,0.0,0.0,0.97755903,0.0,0.9763059,0,0.9990575
37,2,3,3,0,1,1,40,0.0,0.0,0.9359181,0.0,0.9788682,0,0.99921906
31,3,7,1,5,0,0,70,0.0,1.0,0.44929945,1.0,0.35695952,1,0.408762
43,0,0,1,5,1,1,40,0.0,1.0,0.36575896,1.0,0.43507874,1,0.0014152633
43,2,1,1,3,1,1,40,1.0,1.0,0.24719465,1.0,0.22017944,1,1.1842213e-05
35,2,3,1,4,1,1,55,0.0,0.0,0.6508608,0.0,0.78479534,0,0.86157244
33,2,1,1,5,1,0,32,1.0,1.0,0.4831792,1.0,0.33232582,1,0.31913975
31,2,1,1,5,1,0,35,1.0,0.0,0.50631434,1.0,0.31476617,1,0.32820126
53,2,3,1,0,1,1,40,0.0,0.0,0.6414137,0.0,0.6369066,0,0.8558405
30,2,3,1,0,1,1,40,1.0,0.0,0.8282283,0.0,0.88408715,0,0.9084467
35,2,1,3,3,1,0,40,0.0,0.0,0.91166925,0.0,0.92947495,0,0.99937004
61,0,3,4,2,1,0,40,0.0,0.0,0.82278067,0.0,0.9200593,0,0.99611604
36,2,1,1,3,1,1,40,1.0,1.0,0.32461715,1.0,0.33756703,1,0.0116198715
48,2,3,2,5,1,0,40,0.0,0.0,0.91344976,0.0,0.887326,0,0.9978682
43,2,2,1,2,1,0,40,0.0,1.0,0.14967519,1.0,0.15887427,1,2.7871765e-06
21,1,7,3,1,1,1,75,0.0,0.0,0.96862006,0.0,0.949952,0,0.9766707
24,1,3,2,1,0,0,37,0.0,0.0,0.9967675,0.0,0.9800677,0,0.9992631
27,2,1,3,0,0,1,40,0.0,0.0,0.97471493,0.0,0.99100786,0,0.9993863
25,0,7,1,0,1,1,40,0.0,0.0,0.9003313,0.0,0.8591013,0,0.870443
23,2,7,3,4,1,0,24,0.0,0.0,0.99871093,0.0,0.9892844,0,0.99935454
34,2,1,3,2,1,0,40,0.0,0.0,0.867113,0.0,0.88369286,0,0.99936527
34,3,1,0,3,1,0,40,0.0,0.0,0.8660422,0.0,0.9641984,0,0.99956006
22,0,7,3,5,1,0,40,0.0,0.0,0.99061346,0.0,0.9904533,0,0.9996008
27,2,6,3,4,1,1,40,0.0,0.0,0.99361616,0.0,0.97875845,0,0.9992211
26,2,3,3,0,1,1,25,0.0,0.0,0.9917837,0.0,0.98455507,0,0.99924123
38,3,7,0,0,1,1,40,0.0,0.0,0.95278394,0.0,0.9732779,0,0.99921346
43,0,3,1,5,0,1,40,0.0,0.0,0.52597487,1.0,0.29758048,1,0.39835945
30,0,3,2,5,1,0,40,0.0,0.0,0.9575046,0.0,0.99143034,0,0.99945563
44,0,0,1,0,1,1,40,1.0,0.0,0.6264328,0.0,0.52571356,0,0.7789711
90,3,1,1,2,1,1,50,0.0,0.0,0.7049753,1.0,0.24681973,1,6.857247e-08
50,2,3,1,3,1,1,48,0.0,1.0,0.47804517,1.0,0.496628,0,0.7097363
63,3,6,1,0,1,1,60,1.0,0.0,0.829962,0.0,0.8303183,0,0.8700653
32,0,1,1,2,1,0,45,0.0,1.0,0.391904,1.0,0.4946956,1,0.010319811
41,2,0,1,0,1,1,40,0.0,1.0,0.49058676,0.0,0.6368821,0,0.8558366
32,2,7,1,0,1,1,45,1.0,0.0,0.6415107,0.0,0.70980275,0,0.8587278
42,3,5,1,2,1,1,50,1.0,1.0,0.0711512,1.0,0.15271771,1,0.00019221174
27,3,3,3,4,1,1,30,0.0,0.0,0.99406326,0.0,0.9870108,0,0.999288
42,0,4,0,2,1,0,38,0.0,0.0,0.7655481,0.0,0.9544995,0,0.99959654
42,2,7,3,4,1,0,40,1.0,0.0,0.97272867,0.0,0.9019899,0,0.9980806
19,2,3,3,4,0,0,40,0.0,0.0,0.9982648,0.0,0.97850704,0,0.9992204
30,2,7,3,0,1,1,40,0.0,0.0,0.96589184,0.0,0.979079,0,0.9992298
42,3,5,1,2,1,1,60,1.0,1.0,0.074450076,1.0,0.15408683,1,0.00011536786
48,2,2,1,2,0,1,40,1.0,1.0,0.17797661,1.0,0.15048039,1,8.380442e-05
25,2,3,2,0,1,1,40,0.0,0.0,0.994371,0.0,0.98008806,0,0.99925226
76,0,6,1,4,1,1,30,0.0,0.0,0.9081767,0.0,0.91291267,0,0.9164752
43,2,6,2,4,0,0,40,0.0,0.0,0.9974214,0.0,0.97505665,0,0.99890876
51,2,3,1,0,1,0,40,0.0,0.0,0.7368574,0.0,0.63690674,0,0.8558405
42,2,3,1,0,0,1,40,0.0,0.0,0.8097735,0.0,0.63731813,0,0.8558458
48,0,1,0,5,1,0,40,0.0,0.0,0.7208312,0.0,0.6681266,0,0.9993624
22,1,1,3,1,0,0,15,0.0,0.0,0.99852526,0.0,0.9698804,0,0.99962854
55,0,1,3,2,1,0,40,0.0,0.0,0.7129723,0.0,0.73403585,0,0.9994097
24,2,7,1,0,1,1,50,1.0,0.0,0.7929343,0.0,0.5875859,0,0.8658518
31,2,3,1,0,1,1,38,0.0,0.0,0.8794645,0.0,0.95320964,0,0.9974819
19,2,3,0,4,1,0,40,0.0,0.0,0.9924464,0.0,0.9797107,0,0.99925977
25,2,0,3,0,1,1,26,0.0,0.0,0.9877483,0.0,0.98202735,0,0.99927455
48,2,7,2,4,1,0,25,0.0,0.0,0.9831186,0.0,0.9495858,0,0.998511
21,2,7,3,4,0,0,40,1.0,0.0,0.99744236,0.0,0.97776914,0,0.99928266
25,2,1,3,3,0,1,44,0.0,0.0,0.943173,0.0,0.9104527,0,0.99918026
23,2,3,1,3,1,1,40,0.0,0.0,0.902297,0.0,0.9417882,0,0.92192435
58,3,3,1,5,1,1,40,1.0,1.0,0.45891488,0.0,0.5055878,0,0.7403977
58,0,6,1,0,1,1,40,0.0,0.0,0.88264173,0.0,0.88412833,0,0.93188894
20,3,3,3,0,1,1,40,0.0,0.0,0.99653065,0.0,0.982772,0,0.99923
37,3,3,1,4,1,1,42,0.0,0.0,0.70383906,0.0,0.67185843,0,0.8573744
49,2,6,1,0,0,1,38,0.0,0.0,0.92123276,0.0,0.9425985,0,0.9985623
31,2,1,1,2,1,1,50,0.0,1.0,0.3290214,1.0,0.29628277,1,0.018891018
35,2,0,3,5,0,0,40,0.0,0.0,0.95036846,0.0,0.9494019,0,0.9991449
38,2,7,1,0,1,1,40,0.0,0.0,0.67085224,0.0,0.6369091,0,0.85583943
19,2,7,3,4,1,0,25,0.0,0.0,0.99952954,0.0,0.9906635,0,0.9993678
50,3,0,1,0,1,1,40,1.0,0.0,0.5143723,0.0,0.60365087,0,0.847934
28,2,7,3,4,1,0,40,0.0,0.0,0.9908321,0.0,0.97703236,0,0.9992175
44,2,7,1,0,1,1,40,0.0,0.0,0.6408484,0.0,0.5630344,0,0.70317185
46,2,3,0,0,1,1,38,0.0,0.0,0.9592161,0.0,0.98221517,0,0.99895465
32,2,1,1,5,1,1,45,1.0,1.0,0.29519212,1.0,0.32644254,1,0.04117827
34,2,6,1,0,1,1,35,0.0,0.0,0.95366496,0.0,0.9672129,0,0.9990741
59,3,3,1,5,1,1,52,1.0,1.0,0.39453846,1.0,0.4932176,0,0.501296
72,1,3,4,1,1,0,8,0.0,0.0,0.9761366,0.0,0.956302,0,0.99812573
27,2,3,2,0,1,1,40,0.0,0.0,0.992729,0.0,0.9801945,0,0.9992514
42,2,0,0,4,1,0,40,0.0,0.0,0.9497481,0.0,0.9801589,0,0.9987233
21,2,3,3,0,1,0,40,0.0,0.0,0.99578243,0.0,0.97872955,0,0.99922097
80,2,4,4,2,1,0,10,0.0,0.0,0.8686829,0.0,0.8385367,0,0.9985732
32,2,4,1,2,1,1,40,1.0,1.0,0.21509218,1.0,0.2967376,1,0.016363561
28,2,7,3,0,0,1,40,0.0,0.0,0.9815771,0.0,0.9791867,0,0.99923456
19,1,7,3,1,1,0,25,0.0,0.0,0.99812376,0.0,0.9908914,0,0.99936944
31,2,7,0,0,1,1,40,0.0,0.0,0.94820434,0.0,0.98756444,0,0.99940026
21,2,3,3,3,1,1,44,0.0,0.0,0.9882445,0.0,0.9787393,0,0.99922395
36,2,3,0,0,1,1,43,0.0,0.0,0.9459607,0.0,0.97785664,0,0.9991703
27,2,1,3,5,1,1,40,0.0,0.0,0.8986149,0.0,0.93173885,0,0.99923015
53,2,6,3,0,0,1,40,0.0,0.0,0.97694296,0.0,0.9731169,0,0.9989839
23,2,1,3,2,1,1,50,0.0,0.0,0.8712507,0.0,0.66633856,0,0.9168136
30,2,3,3,0,1,1,40,0.0,0.0,0.96868885,0.0,0.9807764,0,0.9992403
34,2,7,1,0,1,1,54,0.0,0.0,0.5824069,0.0,0.5754353,0,0.76484036
40,1,0,1,1,1,1,15,0.0,0.0,0.70458305,0.0,0.9582858,0,0.9980825
33,2,3,1,0,1,1,50,0.0,0.0,0.74782646,0.0,0.8687696,0,0.8634564
28,1,3,1,1,1,0,17,0.0,0.0,0.9103475,0.0,0.96791184,0,0.9990244
24,0,0,1,4,1,1,50,0.0,0.0,0.6999029,0.0,0.573792,0,0.7651929
28,2,3,3,2,0,0,40,0.0,0.0,0.96969664,0.0,0.9892814,0,0.99941874
27,2,3,1,0,1,1,40,0.0,0.0,0.871626,0.0,0.8812948,0,0.90835494
25,2,7,3,4,0,0,40,0.0,0.0,0.995317,0.0,0.9775847,0,0.99922943
34,0,4,3,2,1,1,35,0.0,0.0,0.9213093,0.0,0.77060413,0,0.99906546
40,2,7,1,4,1,0,40,0.0,0.0,0.63778484,0.0,0.5007777,0,0.72203285
34,2,3,2,0,0,1,20,0.0,0.0,0.99700135,0.0,0.9815836,0,0.999263
27,2,1,3,3,1,1,46,1.0,0.0,0.8262757,0.0,0.9333536,0,0.99802965
30,2,7,1,2,1,1,25,1.0,0.0,0.73363286,0.0,0.62727726,0,0.8790863
61,2,5,1,0,1,1,5,1.0,1.0,0.38626504,1.0,0.19033867,1,4.8476846e-05
52,2,1,1,2,1,1,38,1.0,1.0,0.31752294,1.0,0.23106617,1,1.3696839e-05
43,0,1,1,0,1,1,40,0.0,1.0,0.4581989,0.0,0.5602305,1,0.18764111
25,2,6,1,0,1,1,40,0.0,0.0,0.95349103,0.0,0.91018265,0,0.99903834
34,0,7,1,4,1,0,40,0.0,0.0,0.64029956,0.0,0.5593946,0,0.5550383
22,0,7,3,0,1,1,25,0.0,0.0,0.9982304,0.0,0.98887354,0,0.99951243
24,3,3,3,4,1,1,30,0.0,0.0,0.9960476,0.0,0.98718745,0,0.99929523
51,2,1,2,3,1,1,40,0.0,0.0,0.6853662,0.0,0.9296876,0,0.9995234
33,2,6,1,0,1,1,40,0.0,0.0,0.9123073,0.0,0.91215503,0,0.9990351
19,2,6,3,0,0,0,52,0.0,0.0,0.99844325,0.0,0.9459729,0,0.99917954
36,3,3,1,0,1,1,45,0.0,0.0,0.768543,0.0,0.7009978,0,0.8573819
43,2,3,1,0,1,1,99,1.0,0.0,0.7362344,0.0,0.50270563,0,0.66503805
19,1,7,3,1,1,0,15,0.0,0.0,0.9989252,0.0,0.9908393,0,0.9993723
21,1,7,1,1,1,0,40,0.0,0.0,0.8232927,0.0,0.9348893,0,0.9259331
35,2,7,3,4,1,0,65,0.0,0.0,0.9492452,0.0,0.9025411,0,0.90842134
33,2,3,3,0,1,1,40,1.0,0.0,0.9563334,0.0,0.98138624,0,0.99921834
24,2,1,3,3,1,1,40,0.0,0.0,0.9300084,0.0,0.9934379,0,0.99954706
32,2,4,1,5,1,0,40,0.0,1.0,0.33309823,1.0,0.39636254,1,0.062532075
20,2,7,3,5,0,0,24,0.0,0.0,0.99844843,0.0,0.98120105,0,0.99954623
53,2,4,0,2,1,0,38,0.0,0.0,0.6310696,0.0,0.51332295,0,0.99940586
35,2,0,1,5,1,1,40,1.0,1.0,0.46585345,0.0,0.5721458,1,0.30121857
63,2,4,0,5,1,0,40,1.0,0.0,0.7153004,0.0,0.67192024,0,0.86896247
53,2,4,1,2,0,1,40,1.0,1.0,0.19103384,1.0,0.14668524,1,1.5351618e-05
39,0,6,0,5,1,0,40,0.0,0.0,0.9544413,0.0,0.97938836,0,0.9992473
49,2,3,1,0,1,1,45,1.0,0.0,0.6330315,0.0,0.6359126,0,0.85572135
25,2,0,3,5,1,1,40,0.0,0.0,0.9622832,0.0,0.9766793,0,0.9994708
36,3,4,1,0,1,1,70,0.0,1.0,0.3279097,0.0,0.70596504,1,8.750583e-06
29,2,3,3,5,1,0,40,0.0,0.0,0.9731656,0.0,0.97816277,0,0.9993563
65,1,3,1,1,0,1,40,0.0,0.0,0.8936213,0.0,0.702586,0,0.86692786
47,2,3,1,0,1,1,40,0.0,0.0,0.6805662,0.0,0.6369356,0,0.85584104
61,2,3,1,5,1,1,40,0.0,1.0,0.46964836,0.0,0.5783285,0,0.57229733
44,2,3,3,0,1,1,50,0.0,0.0,0.86441875,0.0,0.94019693,0,0.99873704
54,2,6,1,3,1,1,51,0.0,0.0,0.6325973,0.0,0.87902457,0,0.87349635
24,2,3,1,0,1,1,40,0.0,0.0,0.9075246,0.0,0.89008653,0,0.9077956
44,0,7,0,4,1,0,40,0.0,0.0,0.9147844,0.0,0.9216055,0,0.999054
26,3,3,1,5,1,1,40,0.0,0.0,0.7500692,0.0,0.91722035,0,0.91937006
33,2,4,1,2,1,1,45,0.0,1.0,0.17909825,1.0,0.29119873,1,0.011992924
70,0,1,3,5,1,1,40,0.0,0.0,0.5147631,0.0,0.8908203,0,0.7062578
54,2,7,1,3,1,1,50,1.0,1.0,0.36723638,1.0,0.28599107,1,0.00035147363
19,2,3,3,0,1,1,35,0.0,0.0,0.998216,0.0,0.9813667,0,0.9992505
38,2,1,1,2,1,0,40,1.0,1.0,0.27650142,0.0,0.533924,1,0.11013937
54,2,1,3,4,1,0,50,0.0,0.0,0.7538018,0.0,0.8080058,0,0.8724124
57,2,6,1,0,1,1,40,0.0,0.0,0.8417782,0.0,0.92954993,0,0.91316086
46,0,0,1,4,1,1,50,1.0,1.0,0.36023545,1.0,0.49876004,1,0.117556795
37,0,4,1,2,1,1,60,1.0,1.0,0.2901314,1.0,0.1655469,1,7.679922e-05
29,2,3,1,4,1,1,40,0.0,0.0,0.8546832,0.0,0.8729441,0,0.90916973
38,2,0,0,5,1,0,16,0.0,0.0,0.9360761,0.0,0.98204285,0,0.99934477
35,3,3,1,5,1,1,50,1.0,0.0,0.5127999,0.0,0.676188,0,0.83526754
20,1,3,3,1,1,1,32,0.0,0.0,0.99741733,0.0,0.98545355,0,0.9993082
34,2,6,3,4,0,0,40,0.0,0.0,0.9960829,0.0,0.97835267,0,0.9992188
31,2,6,3,0,1,1,40,0.0,0.0,0.98744607,0.0,0.97888005,0,0.9992205
51,2,4,1,5,1,1,60,1.0,1.0,0.115914345,1.0,0.15834755,1,1.3124492e-05
31,2,3,3,5,1,1,40,0.0,0.0,0.95342284,0.0,0.97945666,0,0.99926335
19,2,3,3,4,1,1,40,0.0,0.0,0.9965555,0.0,0.9788435,0,0.9992229
36,2,0,1,2,1,1,40,0.0,1.0,0.43234062,1.0,0.23858738,1,0.13408771
38,2,7,4,5,0,0,40,0.0,0.0,0.9045269,0.0,0.8765978,0,0.99437684
27,3,7,1,4,1,1,40,0.0,0.0,0.72388923,0.0,0.71836877,0,0.872306
80,3,3,1,0,1,1,20,0.0,0.0,0.8675335,0.0,0.773167,0,0.8770453
31,2,1,4,3,1,0,40,0.0,0.0,0.8307145,0.0,0.95648676,0,0.99943215
52,2,2,1,5,1,1,38,1.0,1.0,0.15046918,1.0,0.15174133,1,1.6672904e-05
36,2,3,1,0,1,1,50,0.0,0.0,0.71974957,0.0,0.7648032,0,0.8590803
31,0,1,0,2,1,0,40,0.0,0.0,0.78408766,0.0,0.8252394,0,0.9996152
53,3,3,1,5,0,1,45,1.0,0.0,0.57032645,0.0,0.56457514,0,0.611135
36,2,5,0,2,1,1,45,1.0,1.0,0.30403322,0.0,0.50501144,0,0.73720497
23,2,1,3,4,1,1,40,0.0,0.0,0.9614479,0.0,0.9889547,0,0.999647
38,2,6,1,5,1,0,32,0.0,0.0,0.8354831,0.0,0.9422871,0,0.99877816
26,2,7,0,5,1,0,38,0.0,0.0,0.9676055,0.0,0.9867526,0,0.9994727
27,2,1,3,2,1,0,60,0.0,0.0,0.87700534,0.0,0.8351906,0,0.85762143
35,2,1,1,5,1,1,55,1.0,1.0,0.24064243,1.0,0.098237276,1,2.1342346e-05
59,0,7,1,4,1,1,42,0.0,1.0,0.38291115,0.0,0.5583503,1,0.070286326
46,2,7,1,4,1,0,40,0.0,0.0,0.5756913,0.0,0.53698057,0,0.6125702
57,0,1,1,2,1,1,40,1.0,1.0,0.33446217,1.0,0.21127588,1,1.5227462e-05
27,2,6,0,0,1,1,40,0.0,0.0,0.9895609,0.0,0.9827209,0,0.99923384
45,2,7,1,3,1,1,45,0.0,1.0,0.40500486,1.0,0.29303515,1,0.0014608108
38,2,5,1,2,1,1,90,1.0,1.0,0.063556135,1.0,0.15287036,1,8.862626e-05
33,2,3,1,0,1,1,46,0.0,0.0,0.7510507,0.0,0.8674605,0,0.8657618
38,2,1,0,5,1,1,40,0.0,0.0,0.68696934,0.0,0.9788972,0,0.99947554
40,2,3,0,3,1,0,40,0.0,0.0,0.9597589,0.0,0.97673506,0,0.9990113
37,2,3,1,5,1,1,55,0.0,1.0,0.45750773,1.0,0.4560455,0,0.68872774
40,2,0,1,0,0,1,40,0.0,0.0,0.59567535,0.0,0.6369113,0,0.85583884
36,2,7,1,3,1,1,45,0.0,1.0,0.46431756,1.0,0.26952416,1,0.00060962327
37,3,3,1,0,1,1,60,1.0,0.0,0.7399851,0.0,0.63688374,0,0.8558531
20,2,3,3,5,1,0,40,0.0,0.0,0.99481773,0.0,0.98027134,0,0.99937856
23,2,3,3,3,1,1,60,0.0,0.0,0.9722353,0.0,0.9387149,0,0.9987287
39,2,6,1,0,1,1,40,0.0,0.0,0.8892288,0.0,0.94045734,0,0.9988133
23,2,7,1,0,1,1,40,0.0,0.0,0.8875355,0.0,0.8322257,0,0.8736957
22,2,3,3,4,1,0,45,0.0,0.0,0.9937202,0.0,0.95823467,0,0.99918014
47,2,3,0,4,1,0,32,0.0,0.0,0.9792655,0.0,0.9577589,0,0.9989299
39,2,1,1,0,1,1,40,1.0,1.0,0.46895486,1.0,0.48978972,1,0.4993835
20,2,7,3,4,1,0,40,0.0,0.0,0.9976087,0.0,0.9785702,0,0.9993026
28,1,7,3,1,1,0,40,0.0,0.0,0.9730649,0.0,0.9791188,0,0.9992318
54,2,7,1,4,1,1,40,1.0,1.0,0.47877342,0.0,0.55955714,0,0.5121121
28,3,1,3,4,1,1,40,0.0,0.0,0.9379404,0.0,0.9698742,0,0.9996196
49,2,6,1,0,1,1,40,0.0,0.0,0.8582849,0.0,0.92436343,0,0.99789065
35,2,1,1,3,1,1,60,1.0,1.0,0.25415242,1.0,0.12197161,1,4.0668394e-05
34,2,6,0,4,1,0,70,0.0,0.0,0.9667818,0.0,0.9280952,0,0.99879897
36,2,0,1,5,1,1,44,1.0,1.0,0.4041437,1.0,0.12113017,1,0.16832964
39,2,3,3,2,1,1,50,0.0,0.0,0.82731545,0.0,0.9407206,0,0.99861157
44,2,3,1,0,1,1,40,0.0,0.0,0.70244366,0.0,0.6369424,0,0.8558411
53,3,6,1,0,1,1,99,0.0,0.0,0.89033514,0.0,0.6343197,0,0.85683584
32,2,3,1,5,1,1,40,1.0,0.0,0.63104427,0.0,0.71923196,0,0.8748081
66,2,7,1,3,1,1,40,1.0,1.0,0.46526086,1.0,0.44305468,1,0.009175677
76,0,3,1,4,1,1,15,0.0,0.0,0.8760555,0.0,0.7245197,0,0.8903882
18,2,3,3,3,1,0,40,0.0,0.0,0.99892896,0.0,0.9842198,0,0.99930906
79,2,6,4,4,1,0,30,0.0,0.0,0.9882828,0.0,0.9286711,0,0.9938626
43,0,1,1,0,1,1,53,0.0,1.0,0.31007713,0.0,0.6576042,1,0.002064458
18,2,7,3,4,1,0,24,0.0,0.0,0.9997403,0.0,0.9907054,0,0.99936837
30,2,3,3,0,0,1,40,0.0,0.0,0.982518,0.0,0.9807764,0,0.9992403
46,2,0,1,3,1,1,50,0.0,1.0,0.39803988,0.0,0.51205575,1,0.0018575452
68,2,4,1,2,1,1,18,0.0,1.0,0.3344952,1.0,0.17147374,1,8.75272e-05
20,0,7,1,4,1,1,40,0.0,0.0,0.88982844,0.0,0.9363839,0,0.8777728
31,2,3,1,0,1,0,45,0.0,0.0,0.8074697,0.0,0.7308557,0,0.85873526
28,2,0,3,3,1,0,40,0.0,0.0,0.9822209,0.0,0.99136627,0,0.99945194
21,2,6,3,4,0,1,25,0.0,0.0,0.99958515,0.0,0.98045355,0,0.9992536
29,2,1,3,4,1,1,40,0.0,0.0,0.9118205,0.0,0.9886957,0,0.99963427
46,2,6,1,0,1,1,45,0.0,0.0,0.791459,0.0,0.9602902,0,0.99791676
44,2,6,1,5,1,1,40,1.0,0.0,0.7239331,0.0,0.9403238,0,0.9986499
52,2,6,1,0,0,0,30,0.0,0.0,0.95104116,0.0,0.8187544,0,0.99776816
46,2,1,1,3,1,1,40,1.0,1.0,0.2373181,1.0,0.21733266,1,1.141557e-05
20,2,3,3,0,1,1,40,0.0,0.0,0.99505836,0.0,0.97973067,0,0.9992518
38,2,0,1,0,1,1,50,0.0,1.0,0.48286027,0.0,0.5594417,0,0.7108499
53,2,7,1,0,1,1,36,1.0,0.0,0.7332449,0.0,0.58877754,0,0.84366715
39,2,4,1,5,1,1,40,1.0,1.0,0.13145316,1.0,0.16659999,1,0.00015707429
41,0,3,1,0,0,1,40,0.0,0.0,0.71599865,0.0,0.6832906,0,0.86685914
49,0,0,1,5,1,1,60,1.0,1.0,0.30666327,1.0,0.35648698,1,9.246561e-06
23,2,3,3,0,1,1,40,0.0,0.0,0.98917454,0.0,0.98004127,0,0.9992508
27,2,7,3,0,0,1,40,0.0,0.0,0.983726,0.0,0.979222,0,0.99923646
28,2,7,0,5,1,0,40,0.0,0.0,0.9452958,0.0,0.9914562,0,0.9994554
31,2,1,0,4,0,1,70,1.0,0.0,0.88119495,0.0,0.8158606,0,0.9084717
27,2,3,1,0,1,1,40,0.0,0.0,0.871626,0.0,0.8812948,0,0.90835494
60,2,4,1,5,1,1,60,1.0,1.0,0.1315614,1.0,0.120895386,1,9.346185e-06
41,2,1,1,5,1,1,40,1.0,1.0,0.23986214,1.0,0.21987039,1,1.1934704e-05
49,0,4,2,2,1,0,70,0.0,0.0,0.81514794,0.0,0.5506761,1,0.016911345
31,3,6,1,2,1,1,60,0.0,0.0,0.82497567,0.0,0.9505887,0,0.99773055
32,2,0,1,0,1,1,40,0.0,0.0,0.6380958,0.0,0.87606716,0,0.8636158
21,2,7,3,4,1,0,25,0.0,0.0,0.99908364,0.0,0.99044156,0,0.99936527
25,2,7,1,5,1,0,40,0.0,0.0,0.7509259,0.0,0.8432038,0,0.8637951
35,2,0,0,4,1,0,35,0.0,0.0,0.97688717,0.0,0.9795395,0,0.99924976
61,2,7,0,5,1,0,43,0.0,0.0,0.8576132,0.0,0.71105254,0,0.88203406
25,2,3,1,0,1,1,40,0.0,0.0,0.895826,0.0,0.8833736,0,0.90789014
37,0,7,2,4,0,1,52,0.0,0.0,0.9581258,0.0,0.9403616,0,0.9993011
26,2,6,3,4,1,1,40,0.0,0.0,0.99440145,0.0,0.9787663,0,0.9992212
33,2,0,3,2,1,0,40,0.0,0.0,0.93601936,0.0,0.9832785,0,0.99946123
39,0,1,4,2,0,0,10,0.0,0.0,0.8975506,0.0,0.98059064,0,0.99959415
31,2,6,1,3,1,1,40,0.0,0.0,0.85354686,0.0,0.9253056,0,0.99916923
46,2,0,4,4,1,0,40,0.0,0.0,0.9395727,0.0,0.95004475,0,0.99855894
72,2,3,1,3,1,1,12,0.0,0.0,0.87486506,0.0,0.74310863,0,0.8887752
84,2,3,4,4,1,0,13,0.0,0.0,0.985843,0.0,0.92183816,0,0.998154
19,2,6,3,0,1,1,55,0.0,0.0,0.99632585,0.0,0.9657206,0,0.9991923
32,2,3,1,5,1,0,48,0.0,0.0,0.56561506,0.0,0.5652716,0,0.7577967
50,0,3,0,4,1,0,49,0.0,0.0,0.88442016,0.0,0.93354154,0,0.99868923
19,2,7,3,5,1,0,15,0.0,0.0,0.99938715,0.0,0.98087126,0,0.9995296
28,2,3,1,0,0,1,40,0.0,0.0,0.91627264,0.0,0.88115406,0,0.9083622
22,0,1,3,2,1,0,12,0.0,0.0,0.99576926,0.0,0.9506826,0,0.999683
65,2,3,4,3,1,0,40,0.0,0.0,0.9260411,0.0,0.9323153,0,0.99225026
24,2,0,3,2,0,1,20,0.0,0.0,0.9890308,0.0,0.9823667,0,0.999691
23,2,7,1,5,1,1,40,0.0,0.0,0.7899184,0.0,0.8182437,0,0.7935366
67,1,3,4,1,1,1,3,0.0,0.0,0.97603077,0.0,0.9437611,0,0.9983669
45,2,0,1,3,1,1,50,1.0,1.0,0.40202916,1.0,0.49524552,1,0.0018111315
42,0,4,1,2,1,0,38,1.0,1.0,0.3609798,1.0,0.19639152,1,0.02098586
20,2,7,3,4,1,0,10,0.0,0.0,0.99975693,0.0,0.99088466,0,0.99936885
75,0,3,0,5,1,0,20,0.0,0.0,0.94373524,0.0,0.9400459,0,0.9983688
20,2,3,3,3,1,0,25,0.0,0.0,0.9989685,0.0,0.99088305,0,0.9993693
32,2,7,1,0,1,1,50,0.0,0.0,0.614162,0.0,0.67235935,0,0.84285516
49,0,7,1,5,1,1,46,0.0,1.0,0.35507607,1.0,0.38512146,1,3.4450873e-05
29,2,7,1,5,0,1,40,0.0,0.0,0.73709047,0.0,0.77222335,0,0.755044
41,0,7,0,5,1,0,40,0.0,0.0,0.86916304,0.0,0.8674357,0,0.9994504
26,2,7,3,3,1,1,40,0.0,0.0,0.9743866,0.0,0.98842555,0,0.99966073
35,2,3,1,0,1,1,40,0.0,0.0,0.76904327,0.0,0.8805417,0,0.8909434
28,2,7,0,5,1,0,40,0.0,0.0,0.9452958,0.0,0.9914562,0,0.9994554
30,3,7,1,5,1,1,36,1.0,0.0,0.643027,0.0,0.5557569,0,0.8578882
24,0,7,1,2,1,1,40,0.0,0.0,0.8211081,0.0,0.73901975,0,0.72704583
56,3,4,0,5,1,1,60,1.0,0.0,0.54858446,1.0,0.12125671,1,7.51429e-06
58,2,6,1,4,1,1,38,0.0,0.0,0.906388,0.0,0.77173793,0,0.9967997
57,0,3,1,5,1,1,40,1.0,1.0,0.37251008,1.0,0.40468967,1,0.4540028
48,3,7,3,5,1,1,40,0.0,0.0,0.83057714,0.0,0.90055585,0,0.9975158
39,2,1,0,5,1,1,40,0.0,0.0,0.6854559,0.0,0.9748114,0,0.99947864
49,3,1,1,3,1,1,40,1.0,1.0,0.29514885,1.0,0.3963501,1,8.205302e-07
20,2,7,3,0,1,0,6,0.0,0.0,0.9997016,0.0,0.9904541,0,0.99937254
35,2,1,1,2,1,1,50,1.0,1.0,0.2690522,1.0,0.1473608,1,0.00054804416
33,3,1,1,0,1,1,35,0.0,0.0,0.709511,0.0,0.7505491,0,0.8671758
38,2,0,3,2,1,0,39,0.0,0.0,0.9283092,0.0,0.9579542,0,0.99949276
43,2,7,1,3,1,1,45,0.0,1.0,0.41216654,1.0,0.3964573,1,0.0006242894
20,2,7,3,5,1,0,15,0.0,0.0,0.9990988,0.0,0.9805822,0,0.999521
34,3,0,1,5,1,0,36,0.0,1.0,0.4754824,0.0,0.6089381,0,0.7466629
70,3,4,1,5,0,1,40,0.0,1.0,0.41051966,1.0,0.25496763,1,1.4413014e-06
39,2,4,1,0,1,1,40,0.0,1.0,0.29427564,0.0,0.51343024,1,0.022093315
31,2,1,0,5,1,0,50,1.0,0.0,0.80422556,0.0,0.7370293,0,0.9004611
37,2,7,1,0,1,1,40,0.0,0.0,0.67594254,0.0,0.6372109,0,0.85575575
59,2,3,1,2,0,0,38,0.0,0.0,0.6270994,0.0,0.537518,0,0.7674504
25,0,1,3,2,1,0,40,0.0,0.0,0.96371937,0.0,0.99379903,0,0.9996239
24,2,3,3,3,0,0,20,0.0,0.0,0.9978002,0.0,0.99070895,0,0.99936754
35,2,3,1,0,1,1,40,0.0,0.0,0.76904327,0.0,0.8805417,0,0.8909434
52,2,3,1,5,1,1,48,0.0,1.0,0.40855587,1.0,0.48982835,1,0.4994148
68,3,7,1,4,1,1,30,0.0,0.0,0.69237053,0.0,0.7294799,0,0.8703872
64,2,7,1,3,1,1,40,0.0,1.0,0.45864362,1.0,0.44719136,1,0.009421019
51,3,1,1,4,0,1,40,1.0,0.0,0.55825686,1.0,0.45036507,1,0.0009629622
46,2,1,1,5,1,1,40,1.0,1.0,0.22486728,1.0,0.22956765,1,1.0650389e-05
68,2,2,0,2,1,0,40,0.0,0.0,0.6090983,1.0,0.3653404,1,0.0042333417
37,2,3,3,4,1,0,40,0.0,0.0,0.97727823,0.0,0.96684754,0,0.9988555
46,1,1,0,1,1,0,8,0.0,0.0,0.9514358,0.0,0.9258276,0,0.9992317
19,2,3,3,4,1,1,40,0.0,0.0,0.9965555,0.0,0.9788435,0,0.9992229
50,2,3,1,0,1,1,50,1.0,0.0,0.6099385,0.0,0.59128416,0,0.8445703
55,2,6,1,0,0,1,45,0.0,0.0,0.81422174,0.0,0.88690835,0,0.87804586
47,2,3,3,0,1,1,40,0.0,0.0,0.8691878,0.0,0.97655284,0,0.9987066
41,0,1,1,2,0,0,48,1.0,1.0,0.32661778,1.0,0.18570226,1,0.00986376
43,0,7,3,5,1,1,40,0.0,0.0,0.9025135,0.0,0.96057796,0,0.9995003
67,2,3,4,3,1,0,18,0.0,0.0,0.9704357,0.0,0.9424415,0,0.99794334
39,3,7,1,0,1,1,80,0.0,0.0,0.61753696,0.0,0.50293523,0,0.6615253
31,2,3,1,0,1,1,40,0.0,0.0,0.8111576,0.0,0.88446635,0,0.90845007
38,2,3,3,5,1,0,40,0.0,0.0,0.93155974,0.0,0.938903,0,0.9989936
41,2,3,1,0,1,1,40,1.0,0.0,0.7237092,0.0,0.6379037,0,0.85585743
41,3,0,1,2,1,0,15,1.0,0.0,0.607214,0.0,0.570296,0,0.8685924
25,2,3,3,0,1,1,75,0.0,0.0,0.9732811,0.0,0.9511275,0,0.92404765
34,1,3,1,1,1,1,80,0.0,1.0,0.47196054,0.0,0.6365675,0,0.8575335
35,2,3,3,0,1,1,40,0.0,0.0,0.946717,0.0,0.9796116,0,0.99921525
47,2,7,1,4,1,1,60,0.0,1.0,0.41380703,1.0,0.29957289,1,0.032380976
51,2,3,1,0,1,1,40,1.0,0.0,0.653708,0.0,0.6369114,0,0.85584056
32,2,3,1,0,1,1,40,0.0,0.0,0.7946254,0.0,0.8852514,0,0.908285
38,2,1,1,5,1,1,50,1.0,1.0,0.21330458,1.0,0.20587629,1,1.194543e-05
26,2,3,1,0,1,1,45,0.0,0.0,0.8491155,0.0,0.83800215,0,0.88750625
24,2,1,1,2,1,0,40,0.0,0.0,0.56350017,0.0,0.5780187,1,0.399743
40,2,0,0,0,1,0,40,0.0,0.0,0.92555386,0.0,0.9813545,0,0.9986985
49,2,3,1,5,1,1,40,1.0,1.0,0.479276,1.0,0.4946326,0,0.65070754
50,2,6,1,0,1,1,48,0.0,0.0,0.7677902,0.0,0.89867896,0,0.905643
72,1,6,0,1,1,1,30,0.0,0.0,0.9817977,0.0,0.88796455,0,0.9987413
33,2,0,3,0,1,1,40,0.0,0.0,0.93923295,0.0,0.97907734,0,0.99922884
47,3,3,1,5,1,0,35,0.0,0.0,0.566316,0.0,0.6374616,0,0.8558537
45,2,3,0,5,1,0,40,0.0,0.0,0.8986871,0.0,0.9759714,0,0.9989268
37,2,0,1,0,1,1,55,0.0,1.0,0.49154317,0.0,0.52229536,0,0.7221661
35,3,3,1,0,1,1,99,0.0,0.0,0.7753785,0.0,0.5173837,0,0.7323545
27,2,3,3,0,1,1,40,0.0,0.0,0.9787932,0.0,0.98059523,0,0.99924505
38,2,1,1,0,1,1,50,1.0,1.0,0.36483127,1.0,0.37609237,1,0.28850356
35,1,3,1,1,1,0,12,0.0,0.0,0.8907069,0.0,0.91506076,0,0.9985049
34,2,0,3,2,1,1,40,0.0,0.0,0.89791834,0.0,0.9914791,0,0.9996331
34,0,1,1,4,1,1,48,1.0,1.0,0.34220123,1.0,0.101622045,1,1.9027102e-05
50,2,0,2,2,1,0,40,0.0,0.0,0.8931395,0.0,0.94164395,0,0.9989967
30,2,1,1,2,0,1,40,0.0,1.0,0.43248188,1.0,0.48908252,1,0.09343554
41,2,3,3,5,1,0,40,0.0,0.0,0.91346574,0.0,0.95591486,0,0.9987612
76,1,6,1,1,1,1,40,0.0,0.0,0.89476264,0.0,0.88418335,0,0.8830352
60,3,3,1,5,1,0,15,1.0,0.0,0.7263404,0.0,0.83202183,0,0.8676078
33,2,7,3,0,1,1,80,0.0,0.0,0.9006697,0.0,0.8438864,0,0.8838862
26,2,1,3,5,1,1,40,0.0,0.0,0.9099027,0.0,0.9334462,0,0.99923015
28,2,3,1,3,1,1,40,0.0,0.0,0.81907535,0.0,0.91414076,0,0.9025233
59,2,3,2,4,1,0,40,0.0,0.0,0.96396405,0.0,0.9105264,0,0.99819946
30,2,1,3,4,1,0,72,0.0,0.0,0.9163386,0.0,0.7978725,0,0.8715164
45,2,0,1,2,1,1,42,1.0,1.0,0.31825286,1.0,0.4666323,1,0.0039266357
46,3,0,1,5,1,1,60,1.0,1.0,0.35183716,1.0,0.36402482,1,0.0011591171
28,2,7,3,3,0,1,40,0.0,0.0,0.97990453,0.0,0.9882313,0,0.9996637
45,2,2,1,2,1,1,50,1.0,1.0,0.121738076,1.0,0.13019401,1,4.155808e-05
28,2,1,3,0,1,1,25,0.0,0.0,0.9820717,0.0,0.9830864,0,0.99945205
48,3,3,2,4,1,0,25,0.0,0.0,0.987209,0.0,0.9766897,0,0.99900657
39,2,6,1,2,1,1,60,0.0,0.0,0.6545859,0.0,0.9222171,0,0.89989287
38,1,5,0,1,1,0,30,0.0,0.0,0.7283037,0.0,0.9576666,0,0.9995603
47,3,3,1,5,1,1,32,0.0,0.0,0.5893864,0.0,0.6419966,0,0.85705364
33,2,3,1,0,1,1,50,1.0,0.0,0.74782646,0.0,0.8687696,0,0.8634564
45,2,6,3,0,0,1,40,0.0,0.0,0.98064315,0.0,0.97801226,0,0.99920064
54,3,6,1,0,1,1,50,0.0,0.0,0.852316,0.0,0.8627958,0,0.8871925
48,0,3,1,0,1,1,60,0.0,0.0,0.5883815,0.0,0.5671276,0,0.75407237
38,0,0,3,5,1,1,60,0.0,0.0,0.86625516,0.0,0.7747965,0,0.786909
59,2,7,1,0,1,1,40,1.0,0.0,0.6017757,0.0,0.59076095,0,0.6745559
46,0,5,3,2,1,0,55,1.0,1.0,0.4093166,1.0,0.19098443,1,0.00011352434
24,2,1,3,2,1,1,20,0.0,0.0,0.9680235,0.0,0.9931906,0,0.9996141
39,2,3,1,0,1,1,40,0.0,0.0,0.7376021,0.0,0.68282413,0,0.86681145
51,3,3,1,0,1,1,35,1.0,0.0,0.791127,0.0,0.76684535,0,0.87161946
42,2,0,1,4,1,1,40,0.0,1.0,0.45601344,0.0,0.5602163,0,0.7087918
42,2,6,1,0,1,1,40,0.0,0.0,0.8791028,0.0,0.942288,0,0.9987783
40,2,7,1,0,1,1,50,1.0,0.0,0.5533842,0.0,0.50239027,0,0.6603127
26,2,3,1,0,1,1,48,0.0,0.0,0.84388006,0.0,0.8138709,0,0.87290806
34,2,3,1,0,1,0,40,0.0,0.0,0.8266411,0.0,0.6923564,0,0.86705905
22,2,3,3,4,1,0,40,0.0,0.0,0.99587125,0.0,0.9787503,0,0.9992211
20,2,7,3,4,1,1,40,0.0,0.0,0.99457705,0.0,0.98067784,0,0.999265
27,1,4,3,1,0,1,20,0.0,0.0,0.9868911,0.0,0.9888843,0,0.9997098
48,2,3,3,0,1,1,40,0.0,0.0,0.865828,0.0,0.97678614,0,0.998696
27,2,7,3,0,1,0,40,0.0,0.0,0.98702294,0.0,0.97871614,0,0.99922085
63,3,6,4,0,1,0,10,0.0,0.0,0.99375784,0.0,0.93739885,0,0.99847
39,2,0,3,4,1,0,40,0.0,0.0,0.96763265,0.0,0.9623279,0,0.9988159
19,3,7,3,4,1,0,25,0.0,0.0,0.9994276,0.0,0.9829322,0,0.999288
63,2,6,0,3,1,0,40,0.0,0.0,0.9774771,0.0,0.9345501,0,0.9984503
29,2,3,0,4,1,0,36,0.0,0.0,0.9885224,0.0,0.97943926,0,0.99925154
41,2,3,0,4,0,0,40,0.0,0.0,0.9812843,0.0,0.9796436,0,0.9988456
39,2,3,1,0,1,1,40,0.0,0.0,0.7376021,0.0,0.68282413,0,0.86681145
31,3,4,2,4,1,0,25,0.0,0.0,0.9591877,0.0,0.96315175,0,0.9995403
41,0,7,3,2,1,1,7,0.0,0.0,0.98384047,0.0,0.95640063,0,0.9996111
29,2,3,3,5,1,0,38,0.0,0.0,0.98182803,0.0,0.986944,0,0.9993642
41,2,3,1,5,1,1,40,1.0,0.0,0.523702,0.0,0.59063005,0,0.7700366
25,2,3,3,0,1,1,40,0.0,0.0,0.9844109,0.0,0.98034114,0,0.9992482
22,2,6,3,0,0,1,50,0.0,0.0,0.9955412,0.0,0.9722647,0,0.9992048
33,0,4,1,0,0,1,40,0.0,1.0,0.48495036,1.0,0.45874572,1,0.00048294917
19,2,6,3,3,0,0,32,0.0,0.0,0.9998224,0.0,0.9795049,0,0.9992555
19,1,3,3,1,1,1,40,0.0,0.0,0.9964229,0.0,0.9804118,0,0.99926466
19,2,7,3,4,1,0,20,0.0,0.0,0.9996416,0.0,0.9908689,0,0.9993691
22,2,0,3,5,0,1,40,0.0,0.0,0.98661894,0.0,0.974363,0,0.9994443
38,2,0,1,0,1,1,40,0.0,0.0,0.5091185,0.0,0.63692266,0,0.8558356
32,2,3,1,0,1,1,40,0.0,0.0,0.7946254,0.0,0.8852514,0,0.908285
40,2,0,0,2,1,0,32,0.0,0.0,0.853166,0.0,0.9128504,0,0.99941075
21,2,7,1,0,1,1,20,0.0,0.0,0.97758245,0.0,0.96890706,0,0.9987213
44,2,6,0,0,1,0,40,0.0,0.0,0.98433095,0.0,0.9792227,0,0.99888784
44,3,1,3,3,1,1,42,0.0,0.0,0.63136196,0.0,0.7876264,0,0.9994491
17,2,6,3,0,1,1,10,0.0,0.0,0.9999998,0.0,0.98864484,0,0.99935526
41,2,1,3,0,1,1,40,0.0,0.0,0.8514404,0.0,0.97151154,0,0.9986885
56,0,7,1,5,0,1,40,0.0,0.0,0.53129095,1.0,0.46014768,1,9.682284e-05
23,3,3,0,4,1,0,50,0.0,0.0,0.9546858,0.0,0.9787339,0,0.99922097
21,2,7,3,3,1,1,35,0.0,0.0,0.99554145,0.0,0.9879277,0,0.99967015
57,0,3,0,0,0,0,30,0.0,0.0,0.97882617,0.0,0.9428569,0,0.9978387
56,2,6,1,0,1,1,26,0.0,0.0,0.9361704,0.0,0.7562499,0,0.997502
41,2,3,0,0,1,1,55,0.0,0.0,0.9307617,0.0,0.9284294,0,0.99879825
49,2,7,1,5,1,1,40,0.0,1.0,0.36811197,0.0,0.6658763,1,0.004571915
37,2,1,1,3,1,1,40,1.0,1.0,0.304662,1.0,0.21923614,1,0.00051544816
36,2,7,0,5,1,1,45,0.0,0.0,0.8195758,0.0,0.9568385,0,0.998643
71,2,3,1,4,1,1,20,0.0,0.0,0.88186496,0.0,0.7818093,0,0.8760979
47,2,7,1,5,1,0,35,0.0,0.0,0.54166925,1.0,0.42596632,0,0.51576984
22,2,3,3,3,1,0,40,0.0,0.0,0.99468005,0.0,0.9823729,0,0.99928904
32,1,6,4,1,1,0,40,0.0,0.0,0.9650415,0.0,0.976645,0,0.9991254
35,2,3,1,0,1,1,40,0.0,0.0,0.76904327,0.0,0.8805417,0,0.8909434
39,2,7,2,0,1,1,40,0.0,0.0,0.97131234,0.0,0.9766017,0,0.99911886
20,3,7,3,2,1,1,10,0.0,0.0,0.99870527,0.0,0.9553977,0,0.9996747
28,2,1,1,2,0,0,40,0.0,0.0,0.54774344,0.0,0.52883637,1,0.07991356
37,2,3,3,0,1,1,40,0.0,0.0,0.9359181,0.0,0.9788682,0,0.99921906
43,0,7,0,5,1,0,40,0.0,0.0,0.8682513,0.0,0.8302614,0,0.9993801
40,2,1,1,4,1,1,40,1.0,1.0,0.32058907,1.0,0.33570457,1,0.0013106513
31,2,3,2,5,1,0,12,0.0,0.0,0.9928165,0.0,0.9910245,0,0.99939144
29,2,7,1,0,1,1,20,0.0,0.0,0.9295878,0.0,0.9669308,0,0.99562067
54,2,7,3,3,0,1,41,0.0,0.0,0.84148216,0.0,0.744503,0,0.8819305
67,3,1,1,5,1,1,75,1.0,1.0,0.2065239,1.0,0.28233188,1,2.116133e-06
31,2,3,2,5,1,1,45,0.0,0.0,0.95576715,0.0,0.94887763,0,0.99923897
23,3,7,3,2,1,1,50,0.0,0.0,0.971761,0.0,0.9699674,0,0.9995672
70,2,6,1,0,1,0,40,0.0,0.0,0.8694139,0.0,0.88995266,0,0.8832346
44,2,1,1,2,1,1,40,0.0,1.0,0.26742584,1.0,0.20901203,1,2.0882726e-05
24,3,3,2,4,1,0,50,0.0,0.0,0.9819648,0.0,0.97689325,0,0.999215
38,0,7,3,2,1,1,40,0.0,0.0,0.9294348,0.0,0.9943277,0,0.99965465
21,2,7,3,3,1,0,16,0.0,0.0,0.9994158,0.0,0.9826675,0,0.9995214
30,2,1,3,5,1,1,40,0.0,0.0,0.86064804,0.0,0.9457343,0,0.9992455
42,2,1,1,5,1,1,40,0.0,1.0,0.23657548,1.0,0.21985018,1,1.169191e-05
26,3,3,1,5,1,1,40,0.0,0.0,0.7500692,0.0,0.91722035,0,0.91937006
27,2,7,1,5,1,1,80,0.0,0.0,0.5394405,0.0,0.6711916,0,0.58015966
58,0,1,1,2,0,1,40,0.0,1.0,0.4549399,1.0,0.21170777,1,1.5038108e-05
42,0,7,1,4,1,1,52,1.0,1.0,0.41466624,0.0,0.53591734,1,0.006392472
41,2,4,1,2,1,1,40,0.0,1.0,0.16306531,1.0,0.17044926,1,0.00013072541
60,2,3,1,3,1,1,40,0.0,0.0,0.5516827,0.0,0.58716047,0,0.84224814
24,2,1,3,2,1,0,8,0.0,0.0,0.9935831,0.0,0.98410994,0,0.999705
35,2,6,0,0,1,0,40,0.0,0.0,0.98773384,0.0,0.97590655,0,0.99908745
55,3,7,1,3,1,1,40,1.0,1.0,0.41865355,1.0,0.37193525,1,0.10741966
20,2,7,3,3,1,0,20,0.0,0.0,0.99943066,0.0,0.9902871,0,0.99948525
57,2,1,1,5,1,1,50,1.0,1.0,0.16487336,1.0,0.25989002,1,4.0339396e-06
17,2,6,3,4,1,1,20,0.0,0.0,0.99999964,0.0,0.9796761,0,0.9992624
59,2,6,1,4,1,1,40,0.0,0.0,0.8377134,0.0,0.9127053,0,0.8961469
52,2,7,1,2,1,1,40,0.0,1.0,0.39267898,1.0,0.4379328,1,0.0032937992
42,2,3,1,4,1,1,40,0.0,0.0,0.68283916,0.0,0.63702637,0,0.85584223
24,2,3,3,0,0,0,30,0.0,0.0,0.99719816,0.0,0.9799616,0,0.9992481
17,2,6,3,0,1,1,30,0.0,0.0,0.99999934,0.0,0.9797561,0,0.99926895
25,2,7,3,0,1,1,20,0.0,0.0,0.99586266,0.0,0.9898594,0,0.9993765
52,2,3,1,5,1,1,55,1.0,1.0,0.38503242,1.0,0.3545125,1,0.39715183
30,2,7,3,4,0,0,40,0.0,0.0,0.9920711,0.0,0.9758454,0,0.9992125
53,3,5,3,2,0,1,40,1.0,1.0,0.431149,1.0,0.4883694,1,0.38989404
38,2,6,0,0,1,0,40,0.0,0.0,0.9866622,0.0,0.9757983,0,0.999086
25,2,1,3,0,1,1,50,1.0,0.0,0.93428963,0.0,0.8922851,0,0.9965702
33,2,4,1,5,1,0,50,1.0,1.0,0.24140418,1.0,0.4624406,1,0.0019003855
22,2,6,3,0,1,1,40,0.0,0.0,0.9966065,0.0,0.97929436,0,0.99923956
37,2,7,1,0,0,1,40,1.0,0.0,0.72830856,0.0,0.6372109,0,0.85575575
43,0,4,1,2,1,1,40,1.0,1.0,0.3243155,1.0,0.16289008,1,3.4122917e-05
36,2,6,0,0,1,1,56,0.0,0.0,0.9629676,0.0,0.97194904,0,0.9991742
27,2,7,3,5,1,0,56,0.0,0.0,0.9489826,0.0,0.9462864,0,0.97670174
17,2,6,3,3,1,1,20,0.0,0.0,0.99999964,0.0,0.99065024,0,0.99936646
58,2,6,3,0,1,1,40,0.0,0.0,0.95840895,0.0,0.9736636,0,0.99869007
37,3,7,3,0,1,1,40,0.0,0.0,0.9644642,0.0,0.981776,0,0.9991761
37,2,1,1,5,1,1,40,1.0,1.0,0.2619828,1.0,0.15698719,1,0.00040247483
45,0,3,0,0,1,1,48,0.0,0.0,0.9224791,0.0,0.94355524,0,0.9983595
45,2,1,1,5,1,1,60,1.0,1.0,0.17514294,1.0,0.23324513,1,8.66566e-06
26,2,1,3,2,1,1,50,1.0,0.0,0.81816787,0.0,0.68876696,0,0.89012617
49,2,3,0,5,1,0,38,0.0,0.0,0.91742957,0.0,0.9618519,0,0.9990019
22,1,3,3,1,1,0,40,0.0,0.0,0.990597,0.0,0.97930765,0,0.99924266
81,1,1,4,1,1,1,5,0.0,0.0,0.9470619,0.0,0.95183945,0,0.99769443
23,2,3,0,0,1,1,60,0.0,0.0,0.9653394,0.0,0.9429488,0,0.999169
40,0,1,1,2,1,1,60,1.0,1.0,0.29468614,1.0,0.17027152,1,2.2724e-05
29,2,3,3,0,1,1,45,0.0,0.0,0.965542,0.0,0.96855175,0,0.999178
49,2,1,1,5,1,0,40,1.0,1.0,0.22836733,1.0,0.3693995,1,0.22872505
22,2,0,3,5,1,0,27,0.0,0.0,0.9951068,0.0,0.98699355,0,0.9994753
46,2,0,1,0,1,1,42,0.0,1.0,0.42759013,0.0,0.5557606,0,0.6545635
49,0,4,4,2,1,0,20,0.0,0.0,0.8173799,0.0,0.8124378,0,0.999453
35,2,3,0,0,1,1,60,0.0,0.0,0.9349428,0.0,0.92941594,0,0.99879754
60,1,1,1,1,0,1,40,0.0,0.0,0.67040205,0.0,0.7059298,1,0.0012428783
21,2,7,3,4,1,0,50,0.0,0.0,0.9917206,0.0,0.94015676,0,0.9989335
48,2,1,1,5,1,1,55,1.0,1.0,0.17368245,1.0,0.29782528,1,3.7767502e-06
51,0,3,2,4,0,1,40,0.0,0.0,0.96787417,0.0,0.9450825,0,0.9984849
50,0,1,3,2,1,0,40,1.0,0.0,0.7624704,0.0,0.7459099,0,0.99942327
68,2,3,3,3,1,0,30,0.0,0.0,0.9295866,0.0,0.9324203,0,0.9969863
48,3,3,1,0,1,1,60,1.0,0.0,0.6908525,0.0,0.6369048,0,0.85584044
42,1,6,1,1,1,1,15,0.0,0.0,0.95942795,0.0,0.96922624,0,0.9989981
37,0,0,1,5,1,1,40,1.0,1.0,0.43804663,1.0,0.26009792,1,0.05747429
22,2,0,3,4,1,0,40,0.0,0.0,0.9956902,0.0,0.97775596,0,0.9992212
35,2,7,4,5,1,0,30,0.0,0.0,0.910117,0.0,0.9912487,0,0.9994704
39,0,0,1,4,1,1,48,1.0,1.0,0.39818466,0.0,0.508927,1,0.17147548
51,2,3,0,4,0,1,32,0.0,0.0,0.98221,0.0,0.9671876,0,0.9988223
39,3,1,1,2,1,1,50,0.0,1.0,0.33143127,1.0,0.19387054,1,8.325872e-05
23,2,3,3,4,0,1,16,0.0,0.0,0.998156,0.0,0.9843127,0,0.999276
27,2,3,1,3,1,1,50,0.0,0.0,0.748865,0.0,0.634804,0,0.87745404
20,2,7,3,3,1,1,20,0.0,0.0,0.99837965,0.0,0.98794204,0,0.99967384
63,2,3,1,3,1,1,35,0.0,0.0,0.70166326,0.0,0.79724026,0,0.86930555
25,2,4,3,2,1,0,40,0.0,0.0,0.9325436,0.0,0.9863916,0,0.99958724
24,2,1,3,5,1,0,15,0.0,0.0,0.99376124,0.0,0.9865044,0,0.99963546
24,2,1,1,3,0,1,30,0.0,0.0,0.8813621,0.0,0.7450986,0,0.87243795
28,2,3,2,3,0,0,40,0.0,0.0,0.99594164,0.0,0.9789822,0,0.99922764
34,3,0,1,2,1,0,25,1.0,0.0,0.5923608,0.0,0.67805946,0,0.8452162
27,2,3,3,4,1,0,32,0.0,0.0,0.99513054,0.0,0.97946644,0,0.99925107
23,2,6,3,0,1,1,55,0.0,0.0,0.99024427,0.0,0.9701722,0,0.99920064
42,2,3,1,0,1,1,40,0.0,0.0,0.7166563,0.0,0.63731813,0,0.8558458
23,2,7,3,4,1,0,15,0.0,0.0,0.99928254,0.0,0.9901531,0,0.99936193
34,0,4,3,2,0,0,24,0.0,0.0,0.95737255,0.0,0.97131073,0,0.9996331
46,2,3,1,0,1,1,40,1.0,0.0,0.68801314,0.0,0.63692117,0,0.85584074
21,2,0,3,5,1,1,40,0.0,0.0,0.98215294,0.0,0.9713453,0,0.9994443
22,2,1,3,5,0,0,40,0.0,0.0,0.9855373,0.0,0.97449565,0,0.9994041
61,0,2,1,2,1,1,40,1.0,1.0,0.19834012,1.0,0.15606844,1,9.632224e-05
38,2,7,0,5,1,0,40,0.0,0.0,0.90248114,0.0,0.925317,0,0.9993299
24,2,3,3,4,1,1,30,0.0,0.0,0.99476683,0.0,0.9807189,0,0.9992557
20,2,7,1,3,1,0,30,0.0,0.0,0.9766027,0.0,0.95805174,0,0.9905495
20,2,3,3,4,1,0,30,0.0,0.0,0.9988768,0.0,0.9795487,0,0.9992574
26,2,7,3,3,1,1,45,0.0,0.0,0.96052414,0.0,0.9186832,0,0.99948657
33,0,7,3,4,1,0,10,0.0,0.0,0.99862045,0.0,0.9765088,0,0.9994974
22,2,0,3,5,1,0,40,0.0,0.0,0.9876291,0.0,0.9695832,0,0.99931073
63,0,1,0,0,0,1,35,0.0,0.0,0.94773704,0.0,0.9463071,0,0.99807125
27,0,3,2,5,0,0,40,0.0,0.0,0.9777402,0.0,0.990296,0,0.9994572
36,2,7,1,5,1,1,40,1.0,1.0,0.47266603,1.0,0.22820824,1,0.079244554
30,0,4,1,2,1,0,50,1.0,1.0,0.43518722,0.0,0.7913437,1,0.0047953036
49,3,7,1,5,1,1,50,1.0,1.0,0.3725472,1.0,0.27468646,1,6.2074055e-06
41,2,4,3,5,1,0,40,0.0,0.0,0.803524,0.0,0.6304082,0,0.8587271
36,2,3,1,0,1,1,60,1.0,0.0,0.7016505,0.0,0.6366932,0,0.8575072
42,2,7,1,2,1,1,50,0.0,1.0,0.37336957,0.0,0.58143866,1,1.2132084e-05
59,0,4,3,5,1,1,40,0.0,0.0,0.57414794,1.0,0.460222,1,0.121301234
35,1,7,3,1,0,1,30,0.0,0.0,0.98921824,0.0,0.98278314,0,0.9994265
63,2,3,1,5,0,1,40,0.0,0.0,0.63643265,0.0,0.57743025,0,0.5726069
54,3,1,1,5,1,1,40,1.0,1.0,0.27279425,1.0,0.46305192,1,5.3101076e-06
20,2,3,3,5,0,0,40,0.0,0.0,0.9948253,0.0,0.98027134,0,0.99937856
39,2,6,1,4,1,1,40,0.0,0.0,0.8560345,0.0,0.9406676,0,0.99878734
19,2,7,3,5,1,0,20,0.0,0.0,0.9991079,0.0,0.984235,0,0.9995498
22,2,3,3,0,1,1,16,0.0,0.0,0.9976829,0.0,0.98673844,0,0.99927074
19,2,7,3,5,1,0,40,0.0,0.0,0.996159,0.0,0.96562135,0,0.99942124
41,2,3,3,0,1,1,50,0.0,0.0,0.8895308,0.0,0.94229496,0,0.9987778
46,2,7,1,3,1,1,40,1.0,1.0,0.46221966,0.0,0.5264031,1,0.01486471
41,2,4,1,2,1,1,50,1.0,1.0,0.14336997,1.0,0.17706543,1,5.281551e-05
90,1,6,2,1,1,0,15,0.0,0.0,0.9982812,0.0,0.92965937,0,0.9979195
24,0,7,0,5,0,0,25,0.0,0.0,0.9820582,0.0,0.9818696,0,0.99963784
50,0,6,2,0,1,1,56,0.0,0.0,0.9855568,0.0,0.9546276,0,0.9986675
59,0,3,1,5,1,1,40,1.0,1.0,0.36892295,1.0,0.4029593,1,0.45388082
31,2,3,1,4,1,1,40,0.0,0.0,0.82671803,0.0,0.8715611,0,0.9089662
50,2,7,1,3,1,1,50,0.0,1.0,0.3743617,1.0,0.24618411,1,0.0003574893
41,2,3,0,5,1,0,40,0.0,0.0,0.90771496,0.0,0.9767205,0,0.9990275
69,1,3,1,1,1,1,45,1.0,0.0,0.6452839,0.0,0.5887751,0,0.8436661
30,2,3,3,0,1,1,40,0.0,0.0,0.96868885,0.0,0.9807764,0,0.9992403
34,2,3,1,0,1,1,30,0.0,0.0,0.872186,0.0,0.9650018,0,0.9982406
38,0,7,0,4,0,0,40,1.0,0.0,0.9566373,0.0,0.9634464,0,0.9991277
23,2,7,3,5,0,1,40,0.0,0.0,0.98685396,0.0,0.929401,0,0.999548
50,0,1,0,2,0,0,40,0.0,0.0,0.79146594,0.0,0.75614995,0,0.99949014
19,1,7,3,1,1,0,24,0.0,0.0,0.99825424,0.0,0.99089265,0,0.99936944
60,2,1,1,5,1,1,45,1.0,1.0,0.17449373,1.0,0.27368867,1,4.63767e-06
42,2,3,2,4,1,0,25,0.0,0.0,0.9908531,0.0,0.97672045,0,0.99901557
37,2,6,0,5,1,0,35,0.0,0.0,0.9719239,0.0,0.9786433,0,0.9992156
18,0,3,3,4,1,1,25,0.0,0.0,0.9992112,0.0,0.99079597,0,0.99937063
21,2,0,3,0,1,1,15,0.0,0.0,0.9972728,0.0,0.9875988,0,0.99939835
27,2,0,3,3,1,1,52,0.0,0.0,0.9332521,0.0,0.960056,0,0.9989813
46,2,7,0,0,1,1,55,0.0,0.0,0.88292134,0.0,0.7069367,0,0.9896436
37,2,0,1,0,1,1,40,1.0,0.0,0.52909315,0.0,0.63686466,0,0.8559201
31,2,0,1,2,1,1,40,0.0,0.0,0.5485009,0.0,0.8197081,0,0.76443076
44,2,6,1,0,1,1,40,0.0,0.0,0.8726034,0.0,0.94238734,0,0.9987723
37,2,3,1,0,1,1,35,0.0,0.0,0.83695805,0.0,0.9003559,0,0.9493726
62,3,1,0,2,1,0,40,1.0,0.0,0.7686618,0.0,0.8293074,0,0.99867517
24,3,7,1,0,1,1,60,0.0,0.0,0.7739092,0.0,0.7568387,0,0.8628359
31,2,3,3,0,1,1,45,0.0,0.0,0.9572288,0.0,0.96731454,0,0.99912745
19,2,3,3,0,1,0,34,0.0,0.0,0.9989147,0.0,0.9797307,0,0.9992526
43,0,0,1,2,1,0,40,1.0,0.0,0.5206731,1.0,0.34103817,1,0.40854934
23,2,1,3,5,1,0,60,0.0,0.0,0.932253,0.0,0.9401298,0,0.9067414
31,0,7,0,4,1,1,40,1.0,0.0,0.9458318,0.0,0.9612804,0,0.999498
38,2,3,2,4,1,1,35,0.0,0.0,0.986381,0.0,0.9796238,0,0.9992545
55,2,3,1,3,1,1,40,0.0,0.0,0.5634248,0.0,0.58877784,0,0.8436659
44,0,0,0,4,1,1,40,0.0,0.0,0.87953866,0.0,0.9597331,0,0.9992138
48,2,3,1,4,1,1,40,0.0,0.0,0.6578624,0.0,0.63691235,0,0.8558407
38,2,0,1,0,1,1,40,1.0,0.0,0.5091185,0.0,0.63692266,0,0.8558356
37,1,3,0,1,0,0,42,0.0,0.0,0.9598627,0.0,0.9771136,0,0.9989945
24,2,6,1,0,0,1,40,0.0,0.0,0.95845366,0.0,0.91013694,0,0.9990386
37,2,6,0,0,1,0,40,0.0,0.0,0.9870339,0.0,0.9758543,0,0.9990864
56,2,3,0,0,1,0,40,0.0,0.0,0.9500059,0.0,0.9046133,0,0.998519
47,0,7,1,4,1,1,40,1.0,1.0,0.45173764,1.0,0.4435416,1,0.15125757
46,2,0,1,5,1,1,40,0.0,1.0,0.3328569,1.0,0.48418403,1,0.027703188
46,2,6,0,2,0,1,40,1.0,0.0,0.95813996,0.0,0.9771737,0,0.99914765
56,2,0,0,5,1,0,40,0.0,0.0,0.85218453,0.0,0.91261613,0,0.99436235
23,2,1,3,2,1,1,40,0.0,0.0,0.9251395,0.0,0.97779864,0,0.9995264
33,2,0,1,0,0,1,40,0.0,0.0,0.7003412,0.0,0.81422806,0,0.86209804
60,0,1,1,2,1,1,40,1.0,1.0,0.3324176,1.0,0.21212798,1,1.4370795e-05
18,2,6,3,4,1,0,20,0.0,0.0,0.99995005,0.0,0.9797413,0,0.9992543
29,2,1,1,0,1,1,40,0.0,0.0,0.6518405,0.0,0.6513423,0,0.8417008
21,2,7,3,3,1,0,25,0.0,0.0,0.99898565,0.0,0.9908377,0,0.9994715
31,2,7,1,0,1,1,50,0.0,0.0,0.63640654,0.0,0.8069196,0,0.85235053
46,2,4,1,2,1,1,35,1.0,1.0,0.20087975,1.0,0.14040613,1,2.5410243e-05
37,2,3,1,0,0,1,40,0.0,0.0,0.8328436,0.0,0.89029473,0,0.87185764
20,2,3,1,0,1,1,48,0.0,0.0,0.9291433,0.0,0.83193827,0,0.89074254
22,2,7,3,5,0,1,30,0.0,0.0,0.9955922,0.0,0.9814669,0,0.99966586
25,2,3,1,5,1,0,50,1.0,0.0,0.71280944,0.0,0.69827604,0,0.8664111
45,3,1,1,0,1,1,77,0.0,1.0,0.3757003,1.0,0.37560844,1,0.020977078
26,0,1,3,2,1,1,55,0.0,0.0,0.8781651,0.0,0.6945846,0,0.88809407
48,2,2,1,2,1,1,40,1.0,1.0,0.15103114,1.0,0.15048039,1,8.380442e-05
36,2,3,1,0,1,1,44,0.0,0.0,0.7300762,0.0,0.7883077,0,0.8591728
30,2,3,3,0,1,0,40,0.0,0.0,0.98316437,0.0,0.97757727,0,0.99917114
29,2,7,1,4,1,1,40,0.0,0.0,0.7754359,0.0,0.60359263,0,0.8774012
31,2,1,3,4,1,1,40,0.0,0.0,0.8934109,0.0,0.9844074,0,0.9996253
57,3,5,1,2,0,1,50,1.0,1.0,0.11377603,1.0,0.14445698,1,7.3699426e-05
29,1,6,1,1,1,0,40,0.0,0.0,0.92796135,0.0,0.9392216,0,0.99879646
47,2,3,0,0,1,0,60,0.0,0.0,0.94466734,0.0,0.7610772,0,0.9971698
48,2,3,1,0,1,1,40,1.0,0.0,0.67398167,0.0,0.6369239,0,0.85584086
50,3,3,1,0,1,1,30,0.0,0.0,0.81446266,0.0,0.7650037,0,0.87619483
31,0,4,3,5,1,1,45,0.0,0.0,0.8244641,0.0,0.5611166,0,0.87611586
45,2,3,0,0,1,0,40,0.0,0.0,0.958604,0.0,0.9712869,0,0.998483
33,0,3,1,0,1,1,40,0.0,0.0,0.77942336,0.0,0.87063533,0,0.8704219
26,2,3,3,5,1,0,50,0.0,0.0,0.9694981,0.0,0.9446386,0,0.998565
67,2,6,1,0,1,1,16,0.0,0.0,0.9551333,0.0,0.8869338,0,0.9312474
37,2,7,0,0,1,1,52,0.0,0.0,0.889679,0.0,0.9281698,0,0.99879885
23,2,1,3,4,1,1,35,0.0,0.0,0.9791228,0.0,0.96351033,0,0.9996395
53,2,1,1,0,1,1,40,1.0,1.0,0.40355134,0.0,0.5332178,1,0.49640378
29,2,3,1,4,0,1,25,0.0,0.0,0.9557013,0.0,0.92570317,0,0.99901044
42,2,1,1,0,1,1,40,0.0,1.0,0.44628543,1.0,0.4899457,1,0.49939275
40,2,7,1,3,1,1,60,1.0,1.0,0.3838582,0.0,0.55831265,1,2.3016997e-05
39,2,3,3,4,1,0,38,0.0,0.0,0.98502177,0.0,0.97670865,0,0.99903536
25,3,7,3,4,1,0,22,0.0,0.0,0.9981794,0.0,0.9856453,0,0.9993186
51,2,6,0,0,1,1,40,0.0,0.0,0.978431,0.0,0.9781282,0,0.99896014
23,2,7,3,5,0,0,40,0.0,0.0,0.9900276,0.0,0.9663115,0,0.9993793
51,2,6,1,0,1,1,40,0.0,0.0,0.85414225,0.0,0.8996122,0,0.99798346
23,2,3,3,0,0,0,40,0.0,0.0,0.9955668,0.0,0.97872037,0,0.99922085
40,2,3,1,0,1,1,30,0.0,0.0,0.837214,0.0,0.9016912,0,0.8980324
28,2,1,3,5,1,1,60,1.0,0.0,0.81268775,0.0,0.70338416,0,0.8219558
45,2,7,1,0,1,1,48,0.0,0.0,0.541829,0.0,0.5552652,0,0.6477818
46,0,1,1,4,1,1,40,1.0,1.0,0.27927858,1.0,0.4957478,1,0.00068166526
39,2,5,1,2,1,1,55,1.0,1.0,0.059435904,1.0,0.15354645,1,0.000111569
45,0,1,3,4,0,0,40,0.0,0.0,0.9580327,0.0,0.92861277,0,0.99876803
51,2,0,4,2,0,0,40,0.0,0.0,0.8304939,0.0,0.97176725,0,0.91795754
37,2,3,1,5,1,1,40,1.0,0.0,0.55146515,0.0,0.5179827,0,0.84201974
54,0,3,1,2,1,1,40,1.0,1.0,0.46865892,1.0,0.46493417,0,0.51917756
47,3,1,1,5,1,1,30,0.0,1.0,0.414546,0.0,0.80801874,1,2.4080668e-05
34,3,5,2,2,1,1,48,1.0,0.0,0.5089613,1.0,0.4170637,0,0.7480747
55,0,4,1,5,1,1,55,1.0,1.0,0.20365953,1.0,0.14359796,1,1.3934544e-05
29,2,3,3,4,1,0,40,0.0,0.0,0.9890051,0.0,0.9787292,0,0.99922097
40,2,0,0,2,1,0,40,1.0,0.0,0.84509397,0.0,0.9400586,0,0.99948335
21,1,7,3,1,1,0,35,0.0,0.0,0.995268,0.0,0.9908782,0,0.9993691
37,2,1,3,2,1,0,45,0.0,0.0,0.7830421,0.0,0.66962206,0,0.87896234
49,0,7,1,0,1,1,40,1.0,0.0,0.71537435,0.0,0.61014044,0,0.7027513
25,2,3,0,0,1,1,50,0.0,0.0,0.9661297,0.0,0.97919124,0,0.9992287
35,2,3,1,5,1,0,42,1.0,0.0,0.5279844,0.0,0.5501903,0,0.7547601
37,2,7,1,0,1,1,50,1.0,0.0,0.5722616,0.0,0.5131961,0,0.7192704
17,0,6,3,2,1,0,20,0.0,0.0,0.9999991,0.0,0.99106055,0,0.9994086
43,2,3,1,3,1,1,40,0.0,0.0,0.61570495,0.0,0.6369086,0,0.8558396
41,2,7,1,0,0,1,40,0.0,0.0,0.7138834,0.0,0.52641064,0,0.7762102
61,2,7,0,4,0,1,40,0.0,0.0,0.95908296,0.0,0.9705334,0,0.9804049
19,1,6,3,1,1,0,35,0.0,0.0,0.99954754,0.0,0.97952193,0,0.99924797
40,2,3,0,4,1,0,35,0.0,0.0,0.9799735,0.0,0.97678655,0,0.99900776
18,1,6,3,1,0,1,30,0.0,0.0,0.9998822,0.0,0.9844048,0,0.9992867
28,2,1,1,5,1,0,50,1.0,1.0,0.43570876,0.0,0.5576796,1,0.07509161
59,3,1,1,3,1,1,55,1.0,1.0,0.22077852,1.0,0.14235675,1,8.429847e-06
37,3,1,0,3,1,0,60,0.0,0.0,0.76804346,0.0,0.8844174,0,0.98812544
34,2,6,1,0,1,1,40,0.0,0.0,0.90810347,0.0,0.9135919,0,0.9990269
47,0,0,1,5,1,0,35,0.0,1.0,0.47358394,1.0,0.45360965,0,0.5184966
57,0,3,0,4,1,0,40,0.0,0.0,0.9089568,0.0,0.9426556,0,0.99757904
23,3,6,3,0,1,1,50,0.0,0.0,0.9945097,0.0,0.9757071,0,0.9992118
19,1,7,3,1,1,1,15,0.0,0.0,0.9988997,0.0,0.9838907,0,0.9995679
30,0,7,3,0,0,0,40,0.0,0.0,0.9870032,0.0,0.97952515,0,0.999257
62,2,2,0,2,1,1,50,1.0,1.0,0.49352002,1.0,0.2535776,1,0.0070103016
42,0,7,1,0,0,1,40,0.0,0.0,0.7584758,0.0,0.6455134,0,0.7424577
55,3,3,2,0,1,0,55,0.0,0.0,0.96942717,0.0,0.81004655,0,0.88529
21,2,3,0,3,1,0,40,0.0,0.0,0.9890648,0.0,0.9859563,0,0.9993242
45,2,1,1,2,1,1,40,1.0,1.0,0.26282442,1.0,0.20940286,1,1.7900618e-05
50,3,5,1,2,1,1,75,1.0,1.0,0.081118405,1.0,0.14902806,1,7.4275e-05
51,2,3,1,4,1,1,40,0.0,0.0,0.6537794,0.0,0.63690984,0,0.85584056
39,3,7,1,0,1,1,40,0.0,0.0,0.721805,0.0,0.63690615,0,0.8558405
45,2,7,1,0,1,1,40,0.0,0.0,0.6368487,0.0,0.5601181,0,0.69370157
38,2,7,1,0,0,1,40,0.0,0.0,0.72490907,0.0,0.6369091,0,0.85583943
35,1,6,1,1,1,0,35,0.0,0.0,0.9367809,0.0,0.92571723,0,0.99888355
53,2,7,1,0,1,1,40,1.0,0.0,0.6110289,0.0,0.5561448,0,0.6497512
27,2,0,1,4,1,0,38,0.0,0.0,0.8665831,0.0,0.9021631,0,0.9107656
46,0,5,1,4,1,1,40,1.0,1.0,0.09661853,1.0,0.12107378,1,3.2818672e-05
75,1,6,1,1,1,1,25,0.0,0.0,0.93342584,0.0,0.9102549,0,0.897189
39,2,7,2,2,1,0,40,0.0,0.0,0.93353605,0.0,0.90858877,0,0.99942917
46,2,7,0,4,1,0,30,0.0,0.0,0.9695064,0.0,0.965372,0,0.9988288
45,0,3,1,0,1,0,40,1.0,0.0,0.7435665,0.0,0.6373136,0,0.85600096
31,2,0,1,0,1,1,55,0.0,0.0,0.6077931,0.0,0.8079689,0,0.86306095
31,2,3,1,0,1,1,45,0.0,0.0,0.7702286,0.0,0.81325036,0,0.8725018
47,2,1,1,3,0,1,40,1.0,1.0,0.31866372,1.0,0.21548426,1,1.06236275e-05
47,0,4,0,2,1,0,45,0.0,0.0,0.71358943,0.0,0.95904154,0,0.9995295
64,3,6,1,4,1,1,25,0.0,0.0,0.94054186,0.0,0.8210995,0,0.9200935
42,2,1,0,3,1,1,45,0.0,0.0,0.67792255,0.0,0.95145154,0,0.9994815
40,3,4,1,5,1,0,30,1.0,1.0,0.24200177,1.0,0.4630363,1,0.039176106
45,2,6,0,3,1,0,40,0.0,0.0,0.97522295,0.0,0.9767779,0,0.99901235
56,2,6,4,0,1,1,20,0.0,0.0,0.96380335,0.0,0.9768452,0,0.9990031
21,0,6,3,4,0,1,20,0.0,0.0,0.9997185,0.0,0.9815778,0,0.9992736
40,2,3,3,5,1,0,45,0.0,0.0,0.89160454,0.0,0.86989385,0,0.9942035
44,2,1,1,5,1,1,45,0.0,1.0,0.20041895,1.0,0.22509634,1,1.0612925e-05
37,2,0,1,2,1,0,30,0.0,1.0,0.47018874,1.0,0.4268849,0,0.5168283
55,3,3,1,5,1,1,45,1.0,1.0,0.41963655,0.0,0.5979556,0,0.56562394
64,2,5,1,5,1,1,60,0.0,1.0,0.05668676,1.0,0.12895769,1,1.4337655e-05
56,2,3,1,0,1,1,45,0.0,0.0,0.58549976,0.0,0.58932936,0,0.84386533
56,2,7,1,3,1,1,50,1.0,1.0,0.36505675,1.0,0.31449944,1,0.00033971443
60,2,6,1,3,1,1,40,0.0,0.0,0.77473533,0.0,0.9137316,0,0.8965713
40,3,3,1,0,1,1,84,0.0,0.0,0.7086281,0.0,0.6369128,0,0.8558384
41,0,0,2,0,1,1,50,0.0,0.0,0.94992477,0.0,0.9792446,0,0.9986766
34,3,3,1,2,1,1,51,0.0,0.0,0.5925302,0.0,0.67545056,0,0.83495456
40,0,3,1,5,1,1,40,1.0,1.0,0.42549956,1.0,0.34213835,1,0.46647573
21,2,3,3,4,1,0,30,0.0,0.0,0.9984584,0.0,0.97956085,0,0.9992575
29,2,6,1,5,1,0,40,0.0,0.0,0.82812923,0.0,0.9290986,0,0.99914134
51,2,4,1,5,1,1,50,1.0,1.0,0.120370865,1.0,0.14914006,1,1.3589031e-05
44,2,1,1,5,1,1,40,1.0,1.0,0.23029071,1.0,0.22219938,1,1.1348144e-05
53,3,3,1,0,0,1,72,0.0,0.0,0.7798054,0.0,0.588282,0,0.8428209
30,2,3,3,0,1,1,35,0.0,0.0,0.9805788,0.0,0.98204774,0,0.9992384
25,2,6,3,0,1,1,43,0.0,0.0,0.9902593,0.0,0.97459316,0,0.9992094
39,2,1,3,5,1,0,40,0.0,0.0,0.8480215,0.0,0.6960024,0,0.9114931
33,2,3,1,0,1,1,40,1.0,0.0,0.78622675,0.0,0.8898081,0,0.9051291
43,2,3,2,0,1,0,44,0.0,0.0,0.9745539,0.0,0.9274235,0,0.9987224
47,3,1,1,3,1,1,60,1.0,1.0,0.2336623,1.0,0.13487977,1,1.4468086e-05
26,2,3,1,3,1,1,55,0.0,0.0,0.7525542,0.0,0.72010183,0,0.8701472
31,3,1,0,5,1,1,60,1.0,0.0,0.648571,0.0,0.9205941,0,0.86469156
47,2,1,1,4,1,1,48,0.0,1.0,0.21112531,1.0,0.28914905,1,2.2144752e-05
36,0,7,0,5,1,0,39,0.0,0.0,0.91986036,0.0,0.94030845,0,0.9995597
25,0,1,3,4,0,0,40,0.0,0.0,0.9905742,0.0,0.9905483,0,0.9996289
17,1,6,3,1,1,1,40,0.0,0.0,0.9999971,0.0,0.97898287,0,0.9992281
49,2,1,1,5,1,1,50,1.0,1.0,0.18167394,1.0,0.29630214,1,3.5885603e-06
19,2,6,1,0,1,1,99,0.0,0.0,0.89133537,0.0,0.83959454,0,0.8805279
33,2,3,1,0,1,1,40,1.0,0.0,0.78622675,0.0,0.8898081,0,0.9051291
29,2,6,3,4,0,0,40,0.0,0.0,0.99744123,0.0,0.97813046,0,0.9992187
55,1,1,1,1,1,1,40,0.0,1.0,0.4717123,0.0,0.70831525,1,0.002389117
32,2,7,1,3,1,1,50,0.0,0.0,0.52026105,1.0,0.48629898,1,0.077470824
37,2,3,1,5,1,0,40,1.0,0.0,0.55970174,0.0,0.5773252,0,0.76097023
28,2,4,1,2,1,1,38,1.0,1.0,0.33790243,1.0,0.37333947,1,0.28979346
35,3,1,2,2,1,0,50,0.0,0.0,0.8805547,0.0,0.8885366,0,0.9990669
72,2,7,1,2,1,1,20,0.0,0.0,0.57050836,1.0,0.4879973,1,0.30879262
26,2,7,1,5,1,1,60,0.0,0.0,0.5839039,0.0,0.79074234,0,0.66099
50,2,0,1,5,0,0,40,1.0,1.0,0.4753155,1.0,0.3681183,0,0.501609
52,2,1,1,0,1,1,50,1.0,1.0,0.31023294,1.0,0.38848102,1,0.29814696
73,2,3,4,3,1,0,15,0.0,0.0,0.9750942,0.0,0.94669515,0,0.9972362
58,0,1,1,2,1,0,20,1.0,1.0,0.43696386,1.0,0.19147545,1,0.004961845
36,2,1,1,0,1,1,48,1.0,1.0,0.38639194,1.0,0.30508798,1,0.3645468
38,2,6,0,0,1,0,60,0.0,0.0,0.973363,0.0,0.9288404,0,0.99879944
22,2,3,3,4,1,0,24,0.0,0.0,0.99838316,0.0,0.97959775,0,0.999258
34,1,6,2,1,0,0,53,0.0,0.0,0.9934964,0.0,0.97455025,0,0.9989159
59,3,1,1,2,1,1,43,1.0,1.0,0.27993262,1.0,0.13373166,1,1.076063e-05
20,2,7,3,4,1,0,12,0.0,0.0,0.9997129,0.0,0.9908844,0,0.99936885
17,2,6,3,0,1,1,12,0.0,0.0,0.99999976,0.0,0.987883,0,0.9993492
27,2,6,1,0,1,1,45,0.0,0.0,0.8739223,0.0,0.9369443,0,0.9988086
25,2,3,3,5,1,0,40,0.0,0.0,0.98463434,0.0,0.9797587,0,0.99937326
23,2,6,1,0,1,1,40,0.0,0.0,0.96545327,0.0,0.9101572,0,0.9990392
41,0,4,0,2,1,0,55,0.0,0.0,0.7289751,0.0,0.82035196,0,0.9994299
57,1,1,1,1,1,1,80,1.0,1.0,0.3008392,1.0,0.33681637,1,1.8121946e-06
20,2,7,3,0,1,1,40,0.0,0.0,0.99371064,0.0,0.97910154,0,0.9992317
21,2,7,3,4,0,1,40,0.0,0.0,0.99494195,0.0,0.9804094,0,0.9992617
23,2,3,3,3,0,1,40,0.0,0.0,0.99330324,0.0,0.9905936,0,0.99936575
52,2,3,0,0,1,0,40,0.0,0.0,0.9525398,0.0,0.901975,0,0.99852496
28,2,1,3,3,1,1,50,0.0,0.0,0.7971121,0.0,0.90759873,0,0.9883631
17,2,6,3,5,1,0,20,0.0,0.0,0.99999964,0.0,0.9830485,0,0.9992901
44,1,7,0,1,1,0,10,0.0,0.0,0.9626088,0.0,0.95145166,0,0.9991743
29,2,7,1,0,1,1,40,1.0,0.0,0.7878647,0.0,0.875162,0,0.8644262
42,0,1,1,2,1,1,40,1.0,1.0,0.3497823,1.0,0.2109257,1,1.9261688e-05
32,2,7,3,5,1,0,60,0.0,0.0,0.90943795,0.0,0.82266176,0,0.8713928
58,1,3,1,1,0,1,30,0.0,0.0,0.9122442,0.0,0.7979152,0,0.87899923
44,2,3,1,0,1,1,80,0.0,0.0,0.63854265,0.0,0.5651889,0,0.7046075
19,2,3,3,0,1,0,40,0.0,0.0,0.9978745,0.0,0.9787267,0,0.99922097
51,2,1,1,0,1,1,40,1.0,1.0,0.40787333,0.0,0.51763546,1,0.4977206
26,2,7,3,5,1,0,40,0.0,0.0,0.98002654,0.0,0.9485865,0,0.99937147
33,2,7,1,0,0,1,40,0.0,0.0,0.7769934,0.0,0.7698627,0,0.85912883
22,2,7,3,3,1,0,17,0.0,0.0,0.99923134,0.0,0.98311156,0,0.9995141
35,1,0,1,1,1,0,40,1.0,1.0,0.49603343,0.0,0.63746715,0,0.8556825
40,2,3,2,5,1,0,45,0.0,0.0,0.91189635,0.0,0.9523901,0,0.9983286
48,2,0,1,0,1,1,45,0.0,1.0,0.41746616,0.0,0.55574197,0,0.6469374
20,2,3,3,0,1,1,45,0.0,0.0,0.99302906,0.0,0.92104834,0,0.9991684
45,0,0,1,4,1,1,60,1.0,1.0,0.35313594,1.0,0.48802572,1,0.0262667
39,2,3,2,4,1,0,40,0.0,0.0,0.98080254,0.0,0.95272774,0,0.99880004
20,2,7,3,5,1,0,25,0.0,0.0,0.99824595,0.0,0.9809551,0,0.99954176
19,2,7,3,5,1,0,30,0.0,0.0,0.9985915,0.0,0.99009454,0,0.9995092
24,2,1,3,5,1,0,40,0.0,0.0,0.96391726,0.0,0.97543734,0,0.99934536
45,2,7,0,4,0,0,40,0.0,0.0,0.97557396,0.0,0.94854134,0,0.9984596
32,1,7,0,1,1,1,40,0.0,0.0,0.83806485,0.0,0.986376,0,0.9994124
42,2,1,1,2,1,1,90,0.0,1.0,0.23425692,1.0,0.19295096,1,1.2188281e-05
46,2,1,1,5,1,1,50,1.0,1.0,0.18907219,1.0,0.2441634,1,8.087178e-06
20,2,7,3,2,1,0,48,0.0,0.0,0.9885347,0.0,0.98430943,0,0.9991704
43,3,7,1,3,1,1,50,1.0,1.0,0.4099574,1.0,0.46009642,1,3.019245e-05
29,2,6,3,0,1,1,48,0.0,0.0,0.9822574,0.0,0.97216004,0,0.9992046
37,2,4,3,5,0,0,40,1.0,0.0,0.90735,0.0,0.7734853,0,0.87222713
23,2,3,3,5,0,0,40,0.0,0.0,0.9906315,0.0,0.98019683,0,0.9993782
77,1,6,1,1,1,1,20,0.0,0.0,0.9417482,0.0,0.9180882,0,0.9144125
43,2,6,1,0,0,0,72,0.0,0.0,0.85955393,0.0,0.8859806,0,0.90782726
27,0,3,0,4,1,1,40,0.0,0.0,0.95829356,0.0,0.9831465,0,0.999424
26,2,6,3,0,1,1,48,0.0,0.0,0.98744893,0.0,0.9726168,0,0.9992054
28,2,0,1,3,1,1,40,0.0,0.0,0.74292946,0.0,0.75444555,0,0.86390346
37,3,3,1,0,1,1,47,0.0,0.0,0.7596985,0.0,0.637081,0,0.8558484
25,2,1,3,5,1,1,40,0.0,0.0,0.92078876,0.0,0.9303045,0,0.999228
61,0,7,1,2,1,1,40,0.0,0.0,0.52155143,1.0,0.45271397,1,0.0001530947
20,2,3,3,4,1,0,20,0.0,0.0,0.9992099,0.0,0.97959405,0,0.99925834
54,1,3,0,1,1,0,30,0.0,0.0,0.9525265,0.0,0.92615736,0,0.99879646
59,0,3,3,5,1,1,40,0.0,0.0,0.7248426,0.0,0.95864826,0,0.9688147
18,2,3,3,0,1,1,25,0.0,0.0,0.99927044,0.0,0.9830282,0,0.99925345
49,3,2,1,2,1,1,60,0.0,1.0,0.16742826,1.0,0.14330441,1,6.801524e-05
33,2,3,2,3,1,0,35,0.0,0.0,0.99269503,0.0,0.9794945,0,0.99925417
33,0,3,0,5,1,1,40,0.0,0.0,0.85925525,0.0,0.9614789,0,0.9994986
38,2,3,1,3,1,1,50,0.0,0.0,0.5475769,0.0,0.55869234,0,0.7494683
18,2,7,3,4,1,0,20,0.0,0.0,0.99978566,0.0,0.99082077,0,0.9993691
37,2,3,3,0,1,1,40,0.0,0.0,0.9359181,0.0,0.9788682,0,0.99921906
56,0,7,1,5,1,1,40,1.0,1.0,0.40602863,1.0,0.46014768,1,9.682284e-05
20,2,3,3,4,1,1,40,0.0,0.0,0.9950201,0.0,0.9788909,0,0.9992243
34,2,7,1,4,1,1,40,1.0,0.0,0.67234886,0.0,0.82253516,0,0.8555645
36,2,3,1,4,1,1,45,1.0,0.0,0.6623168,0.0,0.8211267,0,0.86220944
47,2,0,1,2,0,0,40,1.0,1.0,0.36489463,1.0,0.31203908,1,0.4270743
35,2,1,3,3,1,1,50,0.0,0.0,0.66458166,0.0,0.7312751,0,0.813824
35,2,1,1,3,1,1,45,0.0,1.0,0.2740541,1.0,0.15721393,1,0.0007630705
23,2,1,3,5,1,0,45,0.0,0.0,0.9542831,0.0,0.9371562,0,0.9985896
30,2,0,1,2,1,0,36,1.0,0.0,0.59812284,0.0,0.5393269,0,0.6862006
24,2,7,3,5,1,0,40,0.0,0.0,0.98524135,0.0,0.9638979,0,0.99938023
20,2,7,3,2,1,1,20,0.0,0.0,0.9959535,0.0,0.9825368,0,0.9997105
53,2,3,1,0,1,1,40,0.0,0.0,0.6414137,0.0,0.6369066,0,0.8558405
33,2,3,3,0,1,1,40,0.0,0.0,0.9563334,0.0,0.98138624,0,0.99921834
39,2,7,0,4,1,0,40,0.0,0.0,0.95118654,0.0,0.9771947,0,0.9989951
49,2,7,1,5,1,1,40,1.0,1.0,0.36811197,0.0,0.6658763,1,0.004571915
55,2,6,1,5,1,1,75,0.0,0.0,0.6220671,0.0,0.6360568,0,0.8575201
43,2,3,1,0,1,1,40,1.0,0.0,0.70952773,0.0,0.6369934,0,0.8558419
55,2,3,1,5,1,1,40,1.0,1.0,0.46753633,0.0,0.5391209,0,0.58041674
17,0,6,3,5,0,0,40,0.0,0.0,0.9999942,0.0,0.9911679,0,0.9994381
35,2,7,0,0,0,1,40,0.0,0.0,0.9600873,0.0,0.9811845,0,0.99937004
25,2,7,1,4,1,0,60,0.0,0.0,0.7430645,0.0,0.7774354,0,0.8571889
61,1,1,0,1,1,0,40,0.0,0.0,0.87463415,0.0,0.93690205,0,0.9983456
31,2,3,1,0,1,1,40,0.0,0.0,0.8111576,0.0,0.88446635,0,0.90845007
74,0,6,4,0,1,0,20,0.0,0.0,0.9916343,0.0,0.93742746,0,0.99595106
44,2,7,1,3,1,1,45,1.0,1.0,0.40823448,1.0,0.28854322,1,0.0012423162
32,3,1,1,2,1,0,8,1.0,0.0,0.65237087,0.0,0.6595024,0,0.9637694
25,2,1,3,5,1,0,40,0.0,0.0,0.9577615,0.0,0.98250425,0,0.9991704
51,2,2,1,2,0,1,99,0.0,0.0,0.50655675,1.0,0.15647745,1,1.4393303e-05
19,2,7,3,3,1,0,30,0.0,0.0,0.9993936,0.0,0.9906105,0,0.99947554
51,0,3,1,4,1,1,40,1.0,0.0,0.58148944,0.0,0.6350777,0,0.8556201
55,2,0,1,0,1,1,40,1.0,1.0,0.42896622,0.0,0.6148807,0,0.75411433
45,2,3,1,0,1,1,48,1.0,0.0,0.6566738,0.0,0.63690543,0,0.85584044
36,2,0,0,5,0,0,40,0.0,0.0,0.91411567,0.0,0.97486067,0,0.9993925
25,2,3,3,3,0,1,40,0.0,0.0,0.9906937,0.0,0.9906758,0,0.99936646
61,2,3,0,5,1,0,40,0.0,0.0,0.892452,0.0,0.9590919,0,0.99457955
24,0,7,3,4,1,0,40,0.0,0.0,0.99393,0.0,0.9914208,0,0.9994566
29,3,1,1,5,1,1,70,0.0,1.0,0.29301387,1.0,0.40539408,1,0.07054324
49,0,3,4,5,1,0,20,0.0,0.0,0.8421785,0.0,0.9088924,0,0.99924254
22,1,7,2,1,1,1,25,0.0,0.0,0.99496454,0.0,0.9835087,0,0.99946016
23,2,7,3,4,1,0,37,0.0,0.0,0.9976943,0.0,0.97962487,0,0.99925953
44,3,3,1,3,1,0,40,1.0,0.0,0.6436994,0.0,0.63691056,0,0.8558396
26,2,3,3,4,1,0,35,0.0,0.0,0.99536204,0.0,0.979516,0,0.9992543
39,2,7,1,5,1,1,40,1.0,1.0,0.4158758,1.0,0.289101,1,0.0010366628
29,0,4,1,2,1,0,45,1.0,1.0,0.46267265,0.0,0.7095893,1,0.036500942
24,2,1,3,5,1,1,40,0.0,0.0,0.931098,0.0,0.9189774,0,0.9992219
38,2,3,2,3,1,0,10,0.0,0.0,0.9953484,0.0,0.97962,0,0.99927026
37,2,3,0,0,1,1,40,0.0,0.0,0.95355135,0.0,0.9803389,0,0.9992366
58,2,6,0,0,0,1,50,0.0,0.0,0.976558,0.0,0.96182925,0,0.9984427
58,2,6,1,3,1,1,40,0.0,0.0,0.769599,0.0,0.93168664,0,0.9106484
34,1,7,1,1,1,0,20,1.0,0.0,0.76206017,0.0,0.90703654,0,0.9042464
36,1,3,1,1,0,1,40,0.0,0.0,0.869339,0.0,0.86739886,0,0.88428026
36,2,7,3,4,1,1,40,0.0,0.0,0.96267533,0.0,0.97895753,0,0.99922645
66,1,7,0,1,1,0,35,0.0,0.0,0.9170691,0.0,0.9485899,0,0.9981444
29,0,3,2,4,1,0,40,0.0,0.0,0.9854847,0.0,0.979042,0,0.9992293
61,2,5,1,2,1,1,20,1.0,1.0,0.09908545,1.0,0.19320226,1,0.0013222384
21,2,7,3,5,1,0,40,0.0,0.0,0.99224985,0.0,0.9668317,0,0.9993907
34,2,1,1,2,1,1,50,1.0,1.0,0.28186435,1.0,0.17491221,1,0.00090493035
34,2,0,0,0,1,1,40,0.0,0.0,0.9329862,0.0,0.98334736,0,0.99939597
48,2,0,0,4,1,0,40,0.0,0.0,0.94831705,0.0,0.9483176,0,0.9984756
44,2,1,3,4,1,1,40,1.0,0.0,0.7386755,0.0,0.9266574,0,0.99909616
52,0,7,1,5,1,1,40,0.0,1.0,0.4113729,1.0,0.37643534,1,0.00012853954
19,2,6,3,0,1,1,36,0.0,0.0,0.9994179,0.0,0.9802623,0,0.99925405
53,2,2,0,5,1,0,55,1.0,1.0,0.44648373,0.0,0.5097091,1,0.00017046838
55,0,7,1,5,0,0,35,0.0,0.0,0.6524434,1.0,0.46210784,0,0.5090608
19,2,7,3,0,1,1,25,0.0,0.0,0.99878657,0.0,0.9908092,0,0.9993686
61,2,7,1,2,1,1,42,0.0,1.0,0.34555262,1.0,0.20229107,1,4.047837e-05
54,2,7,0,5,1,0,40,0.0,0.0,0.8884213,0.0,0.8981575,0,0.98544204
27,0,1,3,2,1,0,40,0.0,0.0,0.9535954,0.0,0.9948131,0,0.9995815
31,3,7,3,5,1,1,65,1.0,0.0,0.8974111,0.0,0.8448753,0,0.87995654
20,2,7,3,4,1,1,15,0.0,0.0,0.9991713,0.0,0.9882153,0,0.9994122
37,2,3,3,0,0,1,50,0.0,0.0,0.95629287,0.0,0.9296088,0,0.9987978
40,0,1,1,2,1,1,40,1.0,1.0,0.35336643,1.0,0.21210194,1,1.9283723e-05
43,2,7,0,0,1,1,35,0.0,0.0,0.95732707,0.0,0.97314066,0,0.9991036
61,0,7,1,5,1,1,40,1.0,1.0,0.42256206,1.0,0.3501789,1,7.2633884e-05
44,0,1,1,4,0,0,40,1.0,0.0,0.5597774,1.0,0.3095891,1,0.3324644
31,2,6,3,0,1,1,45,0.0,0.0,0.97931254,0.0,0.9728472,0,0.99920577
42,2,3,0,4,0,1,35,0.0,0.0,0.9821896,0.0,0.97073156,0,0.999273
30,2,3,1,0,1,1,35,0.0,0.0,0.9007596,0.0,0.96228606,0,0.9981516
23,2,1,3,3,1,0,40,0.0,0.0,0.980892,0.0,0.9896882,0,0.99958915
76,1,7,4,1,1,0,40,0.0,0.0,0.93245685,0.0,0.83450806,0,0.99837303
31,2,3,3,2,1,1,40,0.0,0.0,0.9306858,0.0,0.9909641,0,0.9993905
55,2,7,1,0,0,1,40,1.0,0.0,0.67988783,0.0,0.55742496,0,0.6498038
24,2,7,1,0,1,1,40,0.0,0.0,0.87079984,0.0,0.8338113,0,0.8739437
25,0,3,3,2,1,1,40,0.0,0.0,0.97735196,0.0,0.95667857,0,0.99964607
19,2,3,3,3,1,1,50,0.0,0.0,0.9924845,0.0,0.9414829,0,0.99926037
33,0,7,1,4,1,1,40,1.0,0.0,0.64801055,0.0,0.65013766,1,0.42905724
43,3,3,0,0,1,1,50,0.0,0.0,0.93961513,0.0,0.9749807,0,0.998679
42,2,6,1,0,1,1,40,0.0,0.0,0.8791028,0.0,0.942288,0,0.9987783
20,2,7,3,3,0,1,44,0.0,0.0,0.9902448,0.0,0.946219,0,0.99961406
17,2,6,3,0,1,1,16,0.0,0.0,0.9999997,0.0,0.9860642,0,0.999335
21,2,3,3,5,1,1,40,0.0,0.0,0.99046206,0.0,0.981015,0,0.9992995
45,2,6,1,0,1,1,40,0.0,0.0,0.86949456,0.0,0.94308513,0,0.99873096
24,2,6,3,0,1,0,40,0.0,0.0,0.9973381,0.0,0.9786259,0,0.9992206
21,0,0,3,4,1,1,10,0.0,0.0,0.9993316,0.0,0.9735427,0,0.99963284
60,2,0,1,5,1,1,40,1.0,1.0,0.3126564,1.0,0.48662907,1,0.027895918
33,2,1,1,3,1,1,55,1.0,1.0,0.28692728,1.0,0.29145366,1,0.02037646
39,2,1,1,2,1,1,50,1.0,1.0,0.24649292,1.0,0.22616643,1,8.613237e-05
28,2,1,3,2,1,0,15,0.0,0.0,0.9800937,0.0,0.9782223,0,0.9996749
31,2,3,1,5,1,0,27,0.0,0.0,0.7681574,0.0,0.9057865,0,0.9093649
25,0,1,3,4,0,1,40,0.0,0.0,0.97825,0.0,0.9964558,0,0.99962676
42,3,2,1,2,1,1,60,1.0,1.0,0.1594994,1.0,0.15405345,1,9.428227e-05
34,2,3,2,5,1,0,40,0.0,0.0,0.9617514,0.0,0.9776934,0,0.9992538
44,2,1,1,5,1,1,40,1.0,1.0,0.23029071,1.0,0.22219938,1,1.1348144e-05
39,2,1,1,2,1,1,40,1.0,1.0,0.29335123,1.0,0.18084383,1,0.00015505108
24,2,7,3,5,1,0,40,0.0,0.0,0.98524135,0.0,0.9638979,0,0.99938023
27,0,3,3,0,0,1,40,0.0,0.0,0.9887432,0.0,0.9805278,0,0.99925846
78,1,3,4,1,1,0,1,0.0,0.0,0.997077,0.0,0.9566288,0,0.9981501
32,2,3,0,5,1,1,40,0.0,0.0,0.9032856,0.0,0.9794376,0,0.9992506
37,2,6,0,5,1,1,50,0.0,0.0,0.920806,0.0,0.97870857,0,0.99922085
36,2,7,0,2,1,1,40,0.0,0.0,0.8437351,0.0,0.9842413,0,0.9996314
43,2,0,1,3,0,1,60,0.0,1.0,0.46383876,0.0,0.5017053,1,0.00071687775
54,0,7,1,0,0,1,30,0.0,0.0,0.84457463,0.0,0.81289804,0,0.8745808
56,2,6,1,0,0,1,40,0.0,0.0,0.8772838,0.0,0.90097356,0,0.9889558
36,2,6,1,0,1,1,35,0.0,0.0,0.9495082,0.0,0.9603429,0,0.99905914
55,3,3,4,3,1,1,40,0.0,0.0,0.8024833,0.0,0.94047785,0,0.9906183
20,0,7,3,5,1,0,10,0.0,0.0,0.99938,0.0,0.989275,0,0.9996573
44,0,6,2,4,0,1,40,0.0,0.0,0.9943507,0.0,0.9783888,0,0.99920315
43,2,3,1,0,1,1,40,0.0,0.0,0.70952773,0.0,0.6369934,0,0.8558419
24,1,6,3,1,1,0,20,0.0,0.0,0.9991224,0.0,0.9802293,0,0.9992537
20,2,7,3,5,1,0,28,0.0,0.0,0.9981013,0.0,0.9834709,0,0.9995291
53,3,6,1,0,1,1,70,0.0,0.0,0.8364605,0.0,0.84481025,0,0.8696182
59,2,7,0,2,1,1,40,0.0,0.0,0.8104089,0.0,0.96252704,0,0.99895155
26,2,6,3,0,1,1,50,0.0,0.0,0.986427,0.0,0.9718627,0,0.9992041
30,2,3,2,5,1,0,40,0.0,0.0,0.9748406,0.0,0.9872592,0,0.99941826
31,2,4,3,5,1,1,40,1.0,0.0,0.80538774,0.0,0.6640889,0,0.88967407
24,2,1,3,3,1,0,40,0.0,0.0,0.9764205,0.0,0.98945826,0,0.9995443
36,2,1,1,5,1,1,50,1.0,1.0,0.23089641,1.0,0.12830287,1,1.7554212e-05
74,1,6,1,1,1,1,2,0.0,0.0,0.9784309,0.0,0.9461746,0,0.99585366
40,2,1,1,5,1,1,40,0.0,1.0,0.2428664,1.0,0.22203869,1,1.2741848e-05
49,2,1,3,5,1,1,40,1.0,0.0,0.5780827,0.0,0.60498476,1,0.42793977
32,0,3,1,4,1,1,45,0.0,0.0,0.6780183,0.0,0.7575555,0,0.86050594
39,2,1,1,3,1,1,50,1.0,1.0,0.21208513,1.0,0.24586195,1,1.5830346e-05
28,0,1,3,2,1,0,50,0.0,0.0,0.91114295,0.0,0.84190696,0,0.9991423
35,2,0,1,4,1,0,35,1.0,0.0,0.7886764,0.0,0.6430938,0,0.85371006
37,0,0,2,5,0,1,40,0.0,0.0,0.97364414,0.0,0.9477888,0,0.9996382
23,2,3,0,4,1,0,10,0.0,0.0,0.9973069,0.0,0.9838244,0,0.9994205
28,2,3,1,3,1,1,40,0.0,0.0,0.81907535,0.0,0.91414076,0,0.9025233
41,2,1,1,5,1,1,40,0.0,1.0,0.23986214,1.0,0.21987039,1,1.1934704e-05
60,2,3,1,0,1,1,60,1.0,0.0,0.5590846,0.0,0.58637416,0,0.7283539
37,2,3,1,0,1,1,45,0.0,0.0,0.7196195,0.0,0.6717658,0,0.85845804
24,2,3,3,0,0,1,40,0.0,0.0,0.9919886,0.0,0.98018366,0,0.99924964
46,3,3,1,3,1,1,50,0.0,1.0,0.4946013,0.0,0.58840764,0,0.8433663
36,2,0,0,4,1,0,60,0.0,0.0,0.9132968,0.0,0.89686215,0,0.9951096
32,2,1,3,2,1,0,50,0.0,0.0,0.830365,0.0,0.6525261,0,0.86627173
19,2,3,3,3,0,0,20,0.0,0.0,0.9993412,0.0,0.990885,0,0.9993693
18,2,6,3,4,1,0,28,0.0,0.0,0.99993163,0.0,0.979572,0,0.9992499
47,2,0,0,2,1,0,40,0.0,0.0,0.83408505,0.0,0.8805999,0,0.99934787
51,2,1,1,0,1,1,40,0.0,1.0,0.40787333,0.0,0.51763546,1,0.4977206
60,1,3,0,1,1,0,40,0.0,0.0,0.9360912,0.0,0.94580686,0,0.997136
48,3,4,1,3,0,1,50,0.0,1.0,0.2056008,1.0,0.15743113,1,1.5614722e-05
49,2,6,3,0,1,1,45,0.0,0.0,0.94593066,0.0,0.9413593,0,0.9989849
30,2,0,1,2,1,1,40,0.0,0.0,0.5728793,0.0,0.85423875,0,0.75658953
32,2,0,1,5,1,0,40,1.0,0.0,0.5145887,1.0,0.45727283,0,0.6545514
26,2,3,0,0,1,1,40,0.0,0.0,0.9765759,0.0,0.9828125,0,0.9992415
26,2,7,3,0,1,1,50,0.0,0.0,0.95985943,0.0,0.9470882,0,0.99855345
45,2,1,0,3,1,1,60,1.0,0.0,0.6389562,0.0,0.61552656,0,0.6715843
38,3,1,1,4,1,1,10,0.0,0.0,0.79511094,0.0,0.9203806,0,0.99915576
19,2,6,3,0,1,1,25,0.0,0.0,0.9996762,0.0,0.98186016,0,0.99924743
38,2,0,1,4,1,1,40,1.0,0.0,0.51049995,0.0,0.6369056,0,0.85338515
26,0,5,3,2,0,1,50,0.0,0.0,0.6379983,0.0,0.57728183,0,0.79786706
35,2,7,3,0,0,0,30,0.0,0.0,0.98978055,0.0,0.97657883,0,0.99903345
44,2,7,1,0,1,1,55,0.0,0.0,0.5145406,0.0,0.5019697,0,0.65991545
30,2,0,3,2,1,1,40,0.0,0.0,0.9305751,0.0,0.988847,0,0.99965227
22,2,7,3,3,1,1,20,0.0,0.0,0.9970915,0.0,0.9877564,0,0.9996749
58,0,1,2,2,1,1,40,1.0,0.0,0.8347641,0.0,0.619781,0,0.99557793
38,0,7,0,5,1,0,38,0.0,0.0,0.91348684,0.0,0.93909466,0,0.9995598
53,3,3,1,0,1,1,45,1.0,0.0,0.6997729,0.0,0.6369052,0,0.8558405
53,0,3,1,5,1,1,60,0.0,1.0,0.30986392,1.0,0.34480214,1,0.14339472
19,2,6,3,0,1,1,45,0.0,0.0,0.99741346,0.0,0.9776101,0,0.99921703
27,2,7,1,3,1,0,25,0.0,0.0,0.9365731,0.0,0.795308,0,0.9093618
60,0,3,3,5,0,0,40,0.0,0.0,0.8571361,0.0,0.8321427,0,0.89939165
33,3,7,1,0,1,1,50,1.0,0.0,0.703311,0.0,0.6485132,0,0.8578155
23,2,3,3,0,1,1,40,0.0,0.0,0.98917454,0.0,0.98004127,0,0.9992508
38,2,7,1,0,1,1,40,1.0,0.0,0.67085224,0.0,0.6369091,0,0.85583943
46,2,6,1,0,1,0,40,0.0,0.0,0.86251885,0.0,0.9095907,0,0.99595237
43,2,3,0,0,0,1,40,0.0,0.0,0.96819687,0.0,0.97687066,0,0.9990238
19,2,0,3,2,1,0,40,0.0,0.0,0.9939418,0.0,0.98729247,0,0.9995714
28,2,7,3,4,1,0,40,0.0,0.0,0.9908321,0.0,0.97703236,0,0.9992175
27,3,3,0,0,1,1,70,0.0,0.0,0.93650365,0.0,0.9316833,0,0.9987992
17,2,6,3,0,1,1,12,0.0,0.0,0.99999976,0.0,0.987883,0,0.9993492
65,2,3,0,4,1,1,25,0.0,0.0,0.974381,0.0,0.96590424,0,0.99247664
35,2,7,1,0,0,1,50,1.0,0.0,0.6952664,0.0,0.5389083,0,0.7479276
50,2,4,1,2,1,1,60,0.0,1.0,0.13562119,1.0,0.18726605,1,1.6509903e-05
33,2,3,0,4,1,0,32,0.0,0.0,0.9858023,0.0,0.9790515,0,0.99922967
41,2,3,1,0,1,1,40,1.0,0.0,0.72370905,0.0,0.6379037,0,0.85585743
25,2,3,3,0,1,1,40,0.0,0.0,0.9844109,0.0,0.98034114,0,0.9992482
63,2,6,1,3,1,1,22,0.0,0.0,0.90838087,0.0,0.8936772,0,0.9271253
31,0,7,3,4,1,1,13,0.0,0.0,0.9968962,0.0,0.9773176,0,0.9996151
34,2,7,1,0,0,1,40,0.0,0.0,0.76205564,0.0,0.7605884,0,0.85904264
35,0,3,1,4,0,1,40,0.0,0.0,0.7920181,0.0,0.7543918,0,0.86789995
48,2,6,1,0,1,1,40,0.0,0.0,0.8603132,0.0,0.93890834,0,0.9983559
38,2,7,0,5,1,1,50,0.0,0.0,0.795025,0.0,0.8896405,0,0.91777176
28,2,7,3,4,1,0,30,0.0,0.0,0.9966673,0.0,0.9796032,0,0.9992581
51,3,0,0,5,1,0,99,0.0,0.0,0.9138017,1.0,0.49404073,0,0.6658616
22,2,7,3,0,1,1,25,0.0,0.0,0.99693835,0.0,0.9849698,0,0.99930394
38,1,6,3,1,1,0,32,0.0,0.0,0.99465555,0.0,0.97868145,0,0.99921656
28,2,3,1,0,1,1,40,0.0,0.0,0.85827374,0.0,0.88115406,0,0.9083622
43,2,6,1,0,1,1,40,0.0,0.0,0.8758142,0.0,0.94231635,0,0.99877673
33,3,6,1,0,1,1,50,0.0,0.0,0.8821036,0.0,0.94227195,0,0.9987777
37,2,1,3,2,1,1,40,1.0,0.0,0.7097262,0.0,0.7288048,0,0.9980275
44,3,7,1,4,1,1,40,1.0,1.0,0.48821378,0.0,0.5275692,0,0.7789333
53,2,6,4,3,0,0,25,0.0,0.0,0.9846734,0.0,0.9760969,0,0.9989988
53,0,3,1,0,0,1,40,1.0,0.0,0.6754116,0.0,0.63697994,0,0.8558505
27,2,6,3,3,0,0,20,0.0,0.0,0.9993602,0.0,0.9793896,0,0.99924767
62,2,7,0,5,1,0,40,0.0,0.0,0.88060653,0.0,0.77715904,0,0.8965556
34,2,3,1,2,1,1,60,1.0,1.0,0.48048723,1.0,0.4275521,0,0.6552888
29,2,3,1,0,0,0,40,0.0,0.0,0.9222328,0.0,0.90257645,0,0.9051835
51,3,1,1,5,1,0,40,1.0,1.0,0.23878735,1.0,0.40691274,1,0.24727605
19,2,7,3,2,1,1,10,0.0,0.0,0.9987168,0.0,0.9799433,0,0.9997081
38,0,2,1,2,1,1,40,1.0,1.0,0.23276538,1.0,0.23880595,1,0.0004089924
27,2,7,3,5,1,0,40,0.0,0.0,0.977344,0.0,0.96294355,0,0.99934036
35,2,7,1,0,1,1,40,0.0,0.0,0.6879552,0.0,0.669696,0,0.8582802
40,1,6,0,1,1,0,5,0.0,0.0,0.9938364,0.0,0.96861136,0,0.99930394
37,2,1,3,0,1,1,90,1.0,0.0,0.7732978,1.0,0.40618753,0,0.70674235
36,2,7,1,3,1,1,50,1.0,1.0,0.43824863,1.0,0.4886033,1,0.0003936499
63,3,6,1,0,1,1,40,0.0,0.0,0.899641,0.0,0.893498,0,0.92657197
51,3,3,0,3,1,1,40,0.0,0.0,0.89906096,0.0,0.9296915,0,0.99879277
40,2,7,1,4,1,1,40,0.0,0.0,0.5394784,0.0,0.5022292,0,0.6603451
43,2,3,0,3,1,1,20,0.0,0.0,0.9731257,0.0,0.96394974,0,0.99930286
28,2,3,1,0,1,1,40,0.0,0.0,0.85827374,0.0,0.88115406,0,0.9083622
23,2,7,3,3,1,1,30,0.0,0.0,0.99421316,0.0,0.9879714,0,0.99966836
37,2,1,1,0,1,1,40,1.0,1.0,0.4884078,1.0,0.4898365,1,0.49944878
18,2,3,3,4,1,1,20,0.0,0.0,0.99943095,0.0,0.9810242,0,0.9992661
35,2,3,0,5,1,0,40,0.0,0.0,0.9180101,0.0,0.97874403,0,0.9992225
51,0,1,1,2,1,1,26,0.0,0.0,0.514171,0.0,0.7446991,1,0.0027931544
40,2,1,1,3,1,1,50,1.0,1.0,0.20812058,1.0,0.21651703,1,1.3142215e-05
37,2,3,3,0,0,1,40,0.0,0.0,0.9671167,0.0,0.9788682,0,0.99921906
44,2,3,1,5,1,1,60,1.0,1.0,0.4078732,1.0,0.36420387,1,0.39778033
25,0,7,3,5,0,0,35,0.0,0.0,0.9927403,0.0,0.9849307,0,0.9996387
19,2,6,3,4,1,1,30,0.0,0.0,0.9995479,0.0,0.9800562,0,0.9992562
70,1,3,1,1,1,1,14,0.0,0.0,0.863694,0.0,0.7651981,0,0.8927919
41,2,1,0,2,0,1,40,0.0,0.0,0.7814051,0.0,0.85523486,0,0.9995982
20,1,3,3,1,1,1,40,0.0,0.0,0.9951062,0.0,0.9800044,0,0.9992599
34,2,7,3,4,1,0,40,0.0,0.0,0.9842979,0.0,0.9447509,0,0.99915624
51,0,2,1,2,1,1,52,1.0,1.0,0.1854772,1.0,0.10560131,1,2.8849743e-05
43,2,3,2,5,1,0,48,0.0,0.0,0.8953861,0.0,0.8687172,0,0.9947876
34,3,6,1,0,1,1,40,0.0,0.0,0.93394464,0.0,0.9315313,0,0.9990388
53,2,1,1,5,1,1,40,1.0,1.0,0.21112049,1.0,0.2697593,1,4.350743e-06
32,2,3,0,0,0,0,40,0.0,0.0,0.9824143,0.0,0.976602,0,0.9990464
48,2,4,1,5,1,1,40,1.0,1.0,0.13824087,1.0,0.20162326,1,1.3913246e-05
25,1,6,3,1,1,0,40,0.0,0.0,0.9968182,0.0,0.97873765,0,0.99922097
43,2,3,1,5,1,1,40,0.0,0.0,0.5099416,1.0,0.44184667,0,0.72628814
20,2,3,3,0,1,1,40,0.0,0.0,0.99505836,0.0,0.97973067,0,0.9992518
21,2,7,3,0,1,1,70,0.0,0.0,0.97548413,0.0,0.9321807,0,0.8991386
37,3,3,1,3,1,1,45,0.0,0.0,0.58976805,0.0,0.63731205,0,0.85572577
33,2,7,1,4,1,1,40,0.0,0.0,0.693771,0.0,0.75889784,0,0.8666797
31,2,7,0,0,1,1,40,0.0,0.0,0.94820434,0.0,0.98756444,0,0.99940026
33,2,7,2,4,1,0,50,0.0,0.0,0.9683384,0.0,0.9579185,0,0.9982255
62,0,3,4,5,1,0,40,0.0,0.0,0.8011941,0.0,0.8683294,0,0.92510194
44,0,1,1,5,1,1,46,1.0,1.0,0.18195158,1.0,0.173159,1,1.4401129e-05
48,1,6,2,1,1,1,40,0.0,0.0,0.99168116,0.0,0.9758919,0,0.99908316
43,2,1,0,4,1,1,40,0.0,0.0,0.8172828,0.0,0.9593203,0,0.9991824
48,3,7,0,0,1,1,40,0.0,0.0,0.9394232,0.0,0.92819,0,0.99852055
55,0,4,3,2,1,0,45,0.0,0.0,0.6680291,0.0,0.9240897,0,0.73555106
44,2,3,3,0,0,0,45,0.0,0.0,0.95411533,0.0,0.9140413,0,0.9980459
41,2,0,0,3,1,1,40,0.0,0.0,0.85860133,0.0,0.98624396,0,0.9994554
34,2,1,1,2,1,1,40,1.0,1.0,0.32582664,1.0,0.33624136,1,0.04573872
24,2,7,3,5,1,0,40,0.0,0.0,0.98524135,0.0,0.9638979,0,0.99938023
39,2,0,1,0,1,1,40,0.0,0.0,0.50254756,0.0,0.636948,0,0.85582846
42,2,0,0,5,1,0,40,0.0,0.0,0.8568662,0.0,0.9118468,0,0.99920624
30,2,1,1,3,1,1,40,1.0,1.0,0.4622885,1.0,0.3669489,1,0.22146413
39,2,1,1,0,1,0,40,1.0,0.0,0.52710783,1.0,0.49452108,0,0.62040406
50,3,7,1,0,1,1,48,0.0,0.0,0.6241669,0.0,0.5740316,0,0.7072127
43,2,3,3,4,0,0,40,0.0,0.0,0.9771213,0.0,0.9478958,0,0.99869776
53,0,7,3,2,1,0,40,0.0,0.0,0.87561405,0.0,0.69899124,0,0.99912614
20,2,3,3,3,1,0,8,0.0,0.0,0.99963766,0.0,0.99089366,0,0.9993697
23,2,6,3,5,1,1,40,0.0,0.0,0.99430805,0.0,0.97874206,0,0.9992211
74,2,3,1,4,1,1,15,0.0,0.0,0.91571283,0.0,0.795371,0,0.8793844
22,2,7,3,5,1,1,35,0.0,0.0,0.9923216,0.0,0.9807141,0,0.99966764
63,1,3,1,1,1,1,25,0.0,0.0,0.8055609,0.0,0.79225224,0,0.88137794
41,2,3,3,3,1,1,50,0.0,0.0,0.83764684,0.0,0.9429443,0,0.99874383
26,2,3,1,2,1,1,40,0.0,0.0,0.71975726,0.0,0.8759862,0,0.8813122
32,0,7,1,4,1,1,99,0.0,0.0,0.6373905,0.0,0.5312154,1,0.00025030583
29,2,2,3,2,1,1,40,0.0,0.0,0.7024517,0.0,0.6107384,0,0.790204
44,2,1,1,5,0,1,40,0.0,1.0,0.2787761,1.0,0.22219938,1,1.1348144e-05
24,0,1,3,5,1,1,40,0.0,0.0,0.9326068,0.0,0.9418367,0,0.9993598
32,2,6,1,4,1,0,60,0.0,0.0,0.79216105,0.0,0.96527094,0,0.913744
40,0,3,1,5,1,1,40,0.0,1.0,0.42549956,1.0,0.34213835,1,0.46647573
22,2,3,0,4,1,0,30,0.0,0.0,0.9947476,0.0,0.9833788,0,0.9992906
22,2,6,3,3,1,0,40,0.0,0.0,0.99864084,0.0,0.97876155,0,0.9992211
48,2,3,1,0,1,1,46,0.0,0.0,0.6352959,0.0,0.6340912,0,0.8555028
40,2,3,2,5,1,0,37,0.0,0.0,0.9578748,0.0,0.9787581,0,0.99922216
31,2,3,1,4,1,1,40,0.0,0.0,0.82671803,0.0,0.8715611,0,0.9089662
27,2,7,1,5,1,1,40,0.0,0.0,0.693251,0.0,0.7843898,0,0.80299973
59,2,1,1,5,1,1,50,0.0,1.0,0.16190153,1.0,0.2662279,1,4.3432933e-06
29,2,3,1,5,1,1,40,0.0,0.0,0.6940477,0.0,0.7939791,0,0.8825493
64,2,7,0,5,1,0,40,0.0,0.0,0.8796624,0.0,0.80811226,0,0.89935344
21,2,6,1,0,1,1,50,0.0,0.0,0.92802024,0.0,0.9420814,0,0.9987791
24,0,7,3,4,1,1,50,1.0,0.0,0.9746912,0.0,0.96036875,0,0.99952674
20,2,7,3,4,1,0,24,0.0,0.0,0.9993665,0.0,0.99078125,0,0.9993685
31,0,7,3,5,0,0,25,0.0,0.0,0.99100465,0.0,0.9778595,0,0.9996518
27,2,3,3,0,1,1,60,0.0,0.0,0.9686168,0.0,0.9253827,0,0.99430346
37,2,7,1,0,1,1,50,0.0,0.0,0.5722616,0.0,0.5131961,0,0.7192704
35,2,3,0,4,1,0,40,0.0,0.0,0.9758635,0.0,0.9764502,0,0.99904853
25,3,3,2,0,1,1,35,0.0,0.0,0.9960886,0.0,0.98549795,0,0.99929047
35,2,3,1,0,1,1,40,0.0,0.0,0.76904327,0.0,0.8805417,0,0.8909434
26,2,1,3,5,0,1,50,0.0,0.0,0.906345,0.0,0.89681035,0,0.8659893
41,2,1,1,3,1,1,40,1.0,1.0,0.25900596,1.0,0.22443444,1,1.4327758e-05
42,2,3,1,5,1,1,45,0.0,1.0,0.46388513,0.0,0.5352891,0,0.64217836
42,2,1,2,4,0,1,50,0.0,0.0,0.8871542,0.0,0.75887483,0,0.8991968
46,2,5,1,2,1,1,45,1.0,1.0,0.059235394,1.0,0.15243173,1,8.3355066e-05
46,2,2,1,5,1,1,60,1.0,1.0,0.099916995,1.0,0.16659945,1,1.3885305e-05
56,2,0,1,0,1,1,45,1.0,1.0,0.39367455,0.0,0.55518126,0,0.6468569
71,3,3,1,0,0,1,35,0.0,0.0,0.9067793,0.0,0.7752502,0,0.87545663
25,0,1,3,2,1,0,35,0.0,0.0,0.9798756,0.0,0.95159316,0,0.99965346
48,3,7,1,3,1,1,70,1.0,1.0,0.39354134,1.0,0.4581809,1,4.597859e-06
35,2,6,4,4,1,0,80,0.0,0.0,0.9644794,0.0,0.9419124,0,0.998754
42,2,7,0,4,1,0,32,0.0,0.0,0.96753705,0.0,0.97275466,0,0.9990226
37,2,3,4,0,1,0,20,0.0,0.0,0.9785109,0.0,0.9766539,0,0.9990362
23,2,1,3,2,1,1,40,0.0,0.0,0.9251395,0.0,0.97779864,0,0.9995264
24,2,7,1,0,1,1,40,0.0,0.0,0.87079984,0.0,0.8338113,0,0.8739437
40,2,0,1,5,1,1,55,1.0,1.0,0.32279068,1.0,0.121836364,1,0.00017323547
62,1,3,1,1,0,1,24,0.0,0.0,0.92187697,0.0,0.7757399,0,0.88207036
17,2,6,3,0,1,1,20,0.0,0.0,0.9999996,0.0,0.9833184,0,0.999308
57,3,4,1,3,1,1,65,1.0,1.0,0.1458093,1.0,0.127702,1,1.4400634e-05
27,3,3,3,3,1,1,50,0.0,0.0,0.96688575,0.0,0.9784583,0,0.99922025
56,3,6,1,0,1,1,40,0.0,0.0,0.8998453,0.0,0.84078234,0,0.9978498
48,2,3,1,5,1,1,60,0.0,1.0,0.39028013,1.0,0.34352243,1,0.39073682
27,2,5,1,2,1,0,50,1.0,1.0,0.0835588,1.0,0.15329045,1,0.00045701524
66,3,3,1,0,1,1,40,0.0,0.0,0.7156136,0.0,0.63693535,0,0.8558386
19,1,3,3,1,1,0,28,0.0,0.0,0.9974663,0.0,0.979535,0,0.9992567
33,2,3,0,3,1,0,40,0.0,0.0,0.967292,0.0,0.97931033,0,0.99924207
58,2,3,1,0,1,1,40,0.0,0.0,0.61648786,0.0,0.63690567,0,0.8558405
32,2,0,3,5,1,0,23,0.0,0.0,0.9822582,0.0,0.9895524,0,0.99946636
47,2,0,3,4,1,0,55,0.0,0.0,0.8664323,0.0,0.82005376,0,0.878699
37,3,3,3,0,1,1,35,0.0,0.0,0.973392,0.0,0.98054713,0,0.99923396
30,2,1,3,2,1,0,37,0.0,0.0,0.9409204,0.0,0.94328094,0,0.999607
41,2,7,0,3,1,0,48,0.0,0.0,0.90021014,0.0,0.8704527,0,0.99633765
28,2,6,1,0,1,1,60,1.0,0.0,0.8324177,0.0,0.9641626,0,0.9254982
60,1,7,0,1,1,0,40,1.0,0.0,0.86966115,0.0,0.9325887,0,0.9975535
18,1,6,3,1,1,1,40,0.0,0.0,0.9993868,0.0,0.97969574,0,0.9992557
60,2,1,0,5,1,0,40,1.0,0.0,0.773093,0.0,0.86629933,0,0.91292715
50,2,7,1,3,1,1,40,1.0,1.0,0.44733644,0.0,0.5171971,1,0.012662982
47,2,3,1,4,1,1,40,0.0,0.0,0.65981674,0.0,0.63691807,0,0.85584074
27,0,3,3,0,1,1,40,0.0,0.0,0.9867215,0.0,0.9805278,0,0.99925846
51,3,0,3,3,1,0,25,0.0,0.0,0.9629854,0.0,0.92006385,0,0.9990225
69,2,1,4,5,1,0,15,0.0,0.0,0.8746527,0.0,0.77583,0,0.99711406
20,1,7,3,1,1,1,25,0.0,0.0,0.99709713,0.0,0.9836066,0,0.9994616
26,2,3,3,4,1,1,44,0.0,0.0,0.97518176,0.0,0.9571009,0,0.99918264
33,2,3,3,4,1,1,40,0.0,0.0,0.96517175,0.0,0.9795305,0,0.9992399
33,2,6,1,0,1,1,40,0.0,0.0,0.9123073,0.0,0.91215503,0,0.9990351
27,2,1,3,2,1,0,40,0.0,0.0,0.9309616,0.0,0.97744465,0,0.99948263
38,2,3,1,5,1,0,60,0.0,1.0,0.47089034,0.0,0.5427942,0,0.6376674
31,2,1,3,5,1,0,50,1.0,0.0,0.8686329,0.0,0.7682922,0,0.8713534
26,2,3,3,5,1,0,40,0.0,0.0,0.9821321,0.0,0.97962135,0,0.9993718
20,1,7,3,1,1,1,40,0.0,0.0,0.99226415,0.0,0.9908961,0,0.99937016
20,2,7,3,0,1,1,40,0.0,0.0,0.99371064,0.0,0.97910154,0,0.9992317
76,1,7,1,1,1,1,8,0.0,0.0,0.8312484,0.0,0.8874865,0,0.91264784
48,2,4,1,5,1,1,40,0.0,1.0,0.13824087,1.0,0.20162326,1,1.3913246e-05
23,2,0,1,4,1,0,40,0.0,0.0,0.8666374,0.0,0.8956705,0,0.9058469
21,2,3,3,0,0,1,32,0.0,0.0,0.99770874,0.0,0.98219764,0,0.99924564
19,2,7,3,3,1,1,25,0.0,0.0,0.9985935,0.0,0.98807687,0,0.9996724
23,1,3,3,1,1,1,40,0.0,0.0,0.9907911,0.0,0.98005307,0,0.9992563
48,2,3,3,0,0,1,40,0.0,0.0,0.9299859,0.0,0.97678614,0,0.998696
48,3,1,1,0,1,1,70,1.0,1.0,0.3709038,1.0,0.3052243,1,0.01991089
50,0,1,0,4,1,1,40,1.0,0.0,0.7458267,0.0,0.72014415,0,0.9994593
44,3,4,0,5,0,0,40,0.0,0.0,0.7487855,0.0,0.8963008,0,0.9986848
22,2,6,3,0,1,1,65,0.0,0.0,0.99018747,0.0,0.9350925,0,0.9991704
40,2,4,1,5,1,1,50,1.0,1.0,0.11108738,1.0,0.16571367,1,3.66936e-05
38,3,1,1,0,1,1,99,0.0,0.0,0.56993157,1.0,0.30410397,1,4.0026873e-05
36,0,7,3,5,1,0,40,0.0,0.0,0.9581144,0.0,0.9631832,0,0.9994186
42,2,4,1,2,1,1,60,0.0,1.0,0.13944572,1.0,0.19871682,1,3.937832e-05
29,2,6,1,0,1,1,40,0.0,0.0,0.9279115,0.0,0.9109318,0,0.9990382
46,3,4,1,5,1,1,45,1.0,1.0,0.15043801,1.0,0.14757967,1,1.5077369e-05
31,3,5,1,2,1,1,60,1.0,1.0,0.082362115,1.0,0.27727246,1,0.0029419675
55,1,3,2,1,0,0,40,0.0,0.0,0.98573756,0.0,0.90475386,0,0.9986241
23,2,1,3,2,1,1,60,0.0,0.0,0.85326385,0.0,0.638512,0,0.8911075
47,0,3,1,0,1,1,40,0.0,0.0,0.6688185,0.0,0.6369464,0,0.85584253
26,2,1,3,5,1,0,50,0.0,0.0,0.9206663,0.0,0.75652105,0,0.89935094
30,2,1,1,2,1,0,50,1.0,1.0,0.39864016,1.0,0.38387477,1,0.06469419
29,0,3,3,0,0,1,45,0.0,0.0,0.9791581,0.0,0.9787404,0,0.99922097
49,2,3,1,5,1,0,30,0.0,0.0,0.6307207,0.0,0.6268182,0,0.84387356
35,2,3,1,0,1,1,40,0.0,0.0,0.76904327,0.0,0.8805417,0,0.8909434
55,2,3,0,0,0,1,48,1.0,0.0,0.9460319,0.0,0.90572983,0,0.9984515
25,2,3,1,5,1,1,45,0.0,0.0,0.73465276,0.0,0.75987697,0,0.8715204
32,2,3,3,0,1,1,40,0.0,0.0,0.96072525,0.0,0.98124593,0,0.99922776
53,3,1,1,5,0,0,50,0.0,1.0,0.32660508,1.0,0.4819159,1,0.26610082
27,2,3,3,4,0,0,40,0.0,0.0,0.9934032,0.0,0.9787269,0,0.99922097
33,3,7,1,0,1,1,50,0.0,0.0,0.703311,0.0,0.6485132,0,0.8578155
64,2,6,1,0,1,1,40,0.0,0.0,0.8393873,0.0,0.9028489,0,0.8879243
51,2,3,3,5,1,0,40,0.0,0.0,0.8475777,0.0,0.8452792,0,0.9843461
20,2,7,3,0,1,1,12,0.0,0.0,0.99921787,0.0,0.9884722,0,0.99942255
30,2,0,1,3,1,1,45,1.0,0.0,0.63513243,0.0,0.5549315,0,0.7058799
34,2,3,0,2,1,1,40,0.0,0.0,0.887122,0.0,0.9894045,0,0.9993641
42,2,3,0,5,1,0,45,0.0,0.0,0.88697326,0.0,0.9495371,0,0.9986198
22,2,0,3,5,1,1,55,0.0,0.0,0.95504165,0.0,0.94798535,0,0.92098755
33,2,1,3,5,1,0,40,0.0,0.0,0.90336657,0.0,0.91504246,0,0.97082394
32,2,3,3,0,1,1,40,0.0,0.0,0.96072525,0.0,0.98124593,0,0.99922776
19,2,3,3,3,1,1,35,0.0,0.0,0.9983934,0.0,0.9908882,0,0.99936897
51,2,6,0,4,1,0,25,0.0,0.0,0.9928153,0.0,0.97683656,0,0.99900395
45,3,1,1,5,0,1,45,1.0,1.0,0.31382662,1.0,0.16195548,1,1.3017105e-05
21,1,7,3,1,1,1,40,0.0,0.0,0.989925,0.0,0.99089265,0,0.9993697
33,2,3,1,0,1,1,43,0.0,0.0,0.75596416,0.0,0.8370854,0,0.8838211
42,3,0,1,0,1,1,80,1.0,0.0,0.55325377,0.0,0.55921155,0,0.7101045
63,1,7,4,1,0,0,24,0.0,0.0,0.97485536,0.0,0.9520526,0,0.99801755
18,2,6,3,4,1,0,16,0.0,0.0,0.99995935,0.0,0.9798433,0,0.9992556
20,1,7,3,1,1,1,15,0.0,0.0,0.99838316,0.0,0.9831688,0,0.9995604
37,3,3,1,3,1,1,45,1.0,0.0,0.58976805,0.0,0.63731205,0,0.85572577
23,2,1,3,5,1,0,60,0.0,0.0,0.932253,0.0,0.9401298,0,0.9067414
48,2,3,1,0,1,1,40,0.0,0.0,0.67398167,0.0,0.6369239,0,0.85584086
55,2,3,3,5,1,0,45,0.0,0.0,0.7645257,0.0,0.88432,0,0.88231564
41,2,1,1,2,1,1,70,0.0,1.0,0.22846192,1.0,0.19738305,1,1.4190173e-05
33,0,0,1,2,1,1,60,0.0,0.0,0.5423849,1.0,0.28344512,1,0.0029388932
21,2,7,3,2,0,0,4,0.0,0.0,0.99892414,0.0,0.98249346,0,0.99965215
90,2,4,3,5,1,0,40,0.0,0.0,0.8888098,0.0,0.5304962,0,0.5099314
39,2,3,1,0,1,1,45,1.0,0.0,0.70513844,0.0,0.63691926,0,0.8558385
52,3,7,3,5,1,1,5,0.0,0.0,0.9754713,0.0,0.91926557,0,0.9992501
59,2,5,3,2,1,1,50,0.0,1.0,0.19132882,1.0,0.28704482,1,0.003892757
38,3,6,0,0,1,1,40,0.0,0.0,0.98854846,0.0,0.98085344,0,0.9992343
46,0,3,0,5,1,1,40,0.0,0.0,0.80728734,0.0,0.947956,0,0.9991691
64,2,3,1,5,1,1,16,0.0,0.0,0.759961,0.0,0.81265885,0,0.87068045
65,1,6,1,1,1,1,40,0.0,0.0,0.8764421,0.0,0.90921974,0,0.89357185
21,2,7,3,4,1,1,15,0.0,0.0,0.99888885,0.0,0.9887894,0,0.99940073
30,2,7,0,5,1,1,50,1.0,0.0,0.8578253,0.0,0.9516968,0,0.99829584
50,2,3,1,0,1,1,40,0.0,0.0,0.66112244,0.0,0.63691396,0,0.8558407
49,0,4,1,5,1,1,40,1.0,1.0,0.24999166,1.0,0.17991489,1,1.307214e-05
23,1,1,3,1,1,0,50,0.0,0.0,0.957253,0.0,0.96884507,0,0.9992778
43,2,4,1,2,1,1,40,1.0,1.0,0.15991503,1.0,0.21972144,1,7.0780465e-05
20,0,3,3,5,1,1,20,0.0,0.0,0.998092,0.0,0.9542501,0,0.9996259
35,2,6,1,0,1,1,40,0.0,0.0,0.9040015,0.0,0.9196333,0,0.9989942
23,2,7,3,4,1,1,25,0.0,0.0,0.9966385,0.0,0.9908292,0,0.9993686
37,3,1,1,2,1,1,45,0.0,1.0,0.35032135,1.0,0.1711666,1,0.00014717964
19,2,3,3,5,1,1,12,0.0,0.0,0.9991521,0.0,0.9908947,0,0.9993697
33,2,3,1,0,1,1,56,1.0,0.0,0.7341685,0.0,0.7855452,0,0.8615237
56,2,6,2,4,1,0,32,0.0,0.0,0.996656,0.0,0.9794724,0,0.99873525
53,0,6,1,4,1,1,40,0.0,0.0,0.8229643,0.0,0.76944184,0,0.99749607
49,2,1,1,5,1,1,40,1.0,1.0,0.21773803,1.0,0.30491722,1,4.9989203e-06
44,3,3,1,0,1,1,60,1.0,0.0,0.7044897,0.0,0.6369056,0,0.85584044
23,2,0,3,4,0,1,44,0.0,0.0,0.9882157,0.0,0.939676,0,0.9991671
36,2,7,1,3,1,1,40,0.0,0.0,0.5470117,1.0,0.2443999,1,0.32800838
57,3,3,1,0,1,1,60,0.0,0.0,0.6647542,0.0,0.59330046,0,0.8453087
44,2,3,1,0,0,1,40,0.0,0.0,0.8027388,0.0,0.6369424,0,0.8558411
58,2,4,1,2,1,1,50,1.0,1.0,0.13529456,1.0,0.13744622,1,1.4669694e-05
19,2,7,3,5,1,1,30,0.0,0.0,0.9976063,0.0,0.9768619,0,0.9996785
23,2,6,3,0,1,1,40,0.0,0.0,0.9958104,0.0,0.97924834,0,0.99923694
40,2,7,1,0,1,1,43,0.0,0.0,0.58635485,0.0,0.5629519,0,0.68190455
36,2,7,3,0,1,1,60,0.0,0.0,0.88425785,0.0,0.9047854,0,0.9092781
60,1,3,1,1,1,1,5,0.0,0.0,0.9041372,0.0,0.7839001,0,0.90654546
50,2,3,1,0,1,0,40,0.0,0.0,0.7410072,0.0,0.6369066,0,0.8558405
28,2,4,1,3,1,1,45,1.0,1.0,0.35063535,1.0,0.48582196,1,0.09540726
21,1,7,3,1,1,0,40,0.0,0.0,0.9904879,0.0,0.989491,0,0.99935716
31,2,7,1,5,0,1,40,1.0,0.0,0.6961159,0.0,0.5107383,0,0.6035319
35,2,0,0,0,1,0,24,0.0,0.0,0.9667295,0.0,0.9776184,0,0.9990325
69,0,3,1,5,1,1,35,0.0,0.0,0.5803553,1.0,0.4111219,0,0.7013308
61,1,6,1,1,1,1,20,0.0,0.0,0.9357412,0.0,0.8491013,0,0.924357
48,2,6,1,0,0,1,40,0.0,0.0,0.877877,0.0,0.93890834,0,0.9983559
19,2,7,3,3,1,0,38,0.0,0.0,0.9991396,0.0,0.9912333,0,0.9994661
38,2,6,0,0,0,0,40,0.0,0.0,0.9914943,0.0,0.9757983,0,0.999086
44,0,4,3,2,1,0,55,0.0,0.0,0.721357,0.0,0.58979106,1,0.0064036907
54,2,3,0,0,1,1,45,0.0,0.0,0.9196794,0.0,0.8976233,0,0.99851054
60,3,6,1,0,1,1,40,0.0,0.0,0.8994291,0.0,0.8629103,0,0.9654316
46,2,7,1,3,1,1,40,1.0,1.0,0.46221966,0.0,0.5264031,1,0.01486471
28,0,0,3,0,1,1,5,0.0,0.0,0.9978861,0.0,0.9916973,0,0.999471
55,2,3,1,5,1,1,40,1.0,1.0,0.46753633,0.0,0.5391209,0,0.58041674
54,2,3,0,3,1,0,35,0.0,0.0,0.96684897,0.0,0.94414485,0,0.99869305
28,2,3,3,0,1,0,40,0.0,0.0,0.9865741,0.0,0.9782827,0,0.99920446
23,1,3,3,1,1,1,40,0.0,0.0,0.9907911,0.0,0.98005307,0,0.9992563
30,2,3,1,5,1,0,20,0.0,0.0,0.81628865,0.0,0.96575636,0,0.9973941
22,2,7,3,3,1,1,20,0.0,0.0,0.9970915,0.0,0.9877564,0,0.9996749
38,2,1,3,4,1,1,40,0.0,0.0,0.8166903,0.0,0.99187756,0,0.999501
52,2,3,1,0,1,1,50,1.0,0.0,0.5943607,0.0,0.5881788,0,0.84314424
47,2,3,1,3,1,1,45,1.0,0.0,0.50625265,1.0,0.39315563,0,0.7232665
49,2,7,1,0,1,1,50,0.0,0.0,0.51180863,0.0,0.5342865,0,0.6541629
26,2,3,1,3,1,1,40,0.0,0.0,0.85470307,0.0,0.94066346,0,0.9139564
59,3,6,1,0,1,1,70,0.0,0.0,0.8300426,0.0,0.8344357,0,0.8688708
35,2,2,3,2,1,0,80,1.0,0.0,0.5861459,1.0,0.12221682,1,7.565177e-05
38,0,3,1,5,1,1,40,1.0,1.0,0.4396382,1.0,0.43867993,0,0.53325534
37,2,0,0,2,1,0,40,0.0,0.0,0.8610779,0.0,0.9690538,0,0.9995047
18,2,6,3,0,1,1,27,0.0,0.0,0.99980277,0.0,0.98109925,0,0.9992508
33,2,1,1,5,1,1,40,1.0,1.0,0.32827967,1.0,0.33165455,1,0.041915316
21,2,7,3,4,0,0,8,0.0,0.0,0.9997047,0.0,0.9908662,0,0.99936885
69,2,6,3,0,1,0,40,0.0,0.0,0.97484136,0.0,0.9058946,0,0.9984705
47,2,6,3,4,1,0,50,0.0,0.0,0.9650766,0.0,0.9303422,0,0.99879813
62,3,3,4,5,1,0,30,0.0,0.0,0.8719484,0.0,0.9011489,0,0.9972873
29,2,0,1,2,1,1,40,0.0,0.0,0.5958266,0.0,0.9154395,0,0.75767976
23,2,7,1,3,1,0,47,0.0,0.0,0.8322953,0.0,0.8386879,0,0.86330336
35,2,3,0,0,1,1,46,0.0,0.0,0.9439664,0.0,0.978449,0,0.9992054
33,2,0,1,4,1,1,40,0.0,0.0,0.62300974,0.0,0.7429642,0,0.86721534
37,2,1,1,5,1,1,50,1.0,1.0,0.21818,1.0,0.18428749,1,1.2903434e-05
49,2,6,1,0,1,1,40,0.0,0.0,0.8582849,0.0,0.92436343,0,0.99789065
54,2,6,0,4,0,0,10,0.0,0.0,0.9980093,0.0,0.97670794,0,0.9990095
42,0,4,1,2,1,1,50,1.0,1.0,0.28157043,1.0,0.17639005,1,2.5502397e-05
36,0,3,2,4,1,0,32,0.0,0.0,0.9869151,0.0,0.9795019,0,0.9992454
30,2,3,1,4,1,0,45,0.0,0.0,0.8394877,0.0,0.8556961,0,0.8674775
47,2,3,0,5,1,0,38,0.0,0.0,0.9185912,0.0,0.96088845,0,0.99897623
57,1,7,0,1,1,0,40,0.0,0.0,0.8612084,0.0,0.9463857,0,0.9945334
39,2,3,3,0,1,0,40,0.0,0.0,0.9604667,0.0,0.97355,0,0.9988324
57,3,7,4,5,1,1,25,0.0,0.0,0.83547467,0.0,0.9383089,0,0.9983198
48,2,3,3,5,0,0,16,0.0,0.0,0.9668323,0.0,0.94704974,0,0.9988267
22,2,6,1,0,1,1,35,0.0,0.0,0.9861872,0.0,0.9709154,0,0.99918514
44,2,7,0,0,1,1,50,0.0,0.0,0.8921056,0.0,0.88641304,0,0.997999
58,3,3,4,0,1,1,80,0.0,0.0,0.87030524,0.0,0.6377834,0,0.8562788
30,2,6,0,4,1,0,40,0.0,0.0,0.9882024,0.0,0.97872657,0,0.9992206
43,3,7,1,0,1,1,50,0.0,0.0,0.64751625,0.0,0.5511435,0,0.72852224
41,3,3,1,0,1,1,40,0.0,0.0,0.7698318,0.0,0.6404922,0,0.85592425
90,2,1,1,3,1,1,20,0.0,0.0,0.8346597,1.0,0.34569377,1,1.9264644e-05
24,2,3,0,0,1,1,40,0.0,0.0,0.98085284,0.0,0.9829657,0,0.9992418
31,2,3,0,0,1,1,40,0.0,0.0,0.96463275,0.0,0.9825823,0,0.99923587
23,2,7,3,0,1,1,40,0.0,0.0,0.9869767,0.0,0.9792097,0,0.9992361
70,2,6,4,4,0,0,38,0.0,0.0,0.99058527,0.0,0.9061011,0,0.9984731
36,2,3,0,0,1,1,40,0.0,0.0,0.95469683,0.0,0.9808776,0,0.99924004
26,2,3,0,0,1,1,40,0.0,0.0,0.9765759,0.0,0.9828125,0,0.9992415
74,3,3,1,3,1,1,55,0.0,1.0,0.43303216,0.0,0.5409966,0,0.6253918
43,3,5,1,2,0,1,35,1.0,1.0,0.13462746,1.0,0.18394434,1,0.00471549
60,2,7,1,2,1,1,40,1.0,1.0,0.38031578,0.0,0.6787341,1,0.0027451133
47,2,7,1,0,1,1,40,0.0,0.0,0.6288655,0.0,0.5583867,0,0.67799616
42,0,0,0,2,0,1,40,0.0,0.0,0.9011361,0.0,0.9687502,0,0.99960274
39,2,3,1,0,1,1,40,1.0,0.0,0.7376021,0.0,0.68282413,0,0.86681145
41,3,1,1,4,1,1,40,0.0,1.0,0.36971462,1.0,0.48626345,1,0.0012714135
42,2,6,1,0,1,1,35,0.0,0.0,0.9356947,0.0,0.9250679,0,0.99900144
25,2,3,3,3,1,1,40,0.0,0.0,0.98349696,0.0,0.9906758,0,0.99936646
34,2,7,1,3,1,0,20,0.0,0.0,0.9009827,0.0,0.66582966,0,0.8297603
25,2,3,3,4,1,1,40,0.0,0.0,0.9853575,0.0,0.9795002,0,0.9992488
60,0,7,1,4,1,1,40,0.0,1.0,0.44150072,1.0,0.41035318,1,0.22359565
34,2,1,1,4,1,1,30,1.0,0.0,0.6358795,1.0,0.46142286,0,0.50231785
51,2,4,1,2,1,1,38,1.0,1.0,0.18691134,1.0,0.14831436,1,1.86229e-05
58,2,6,1,5,1,1,48,0.0,0.0,0.61708796,0.0,0.86018133,0,0.8720894
18,2,6,3,0,1,1,40,0.0,0.0,0.9992394,0.0,0.97920537,0,0.99923575
23,2,3,3,4,1,1,40,0.0,0.0,0.9896438,0.0,0.97929245,0,0.9992403
33,2,3,1,0,1,1,84,1.0,0.0,0.7065301,0.0,0.6613057,0,0.858095
26,2,1,3,2,1,1,40,0.0,0.0,0.8869118,0.0,0.9642726,0,0.9995074
64,2,6,1,4,0,1,40,0.0,0.0,0.8914969,0.0,0.8997135,0,0.88539124
28,2,7,1,0,1,1,40,1.0,0.0,0.80480814,0.0,0.82958186,0,0.8729175
41,2,3,1,0,1,1,40,0.0,0.0,0.72370905,0.0,0.6379037,0,0.85585743
40,2,7,0,5,1,0,39,0.0,0.0,0.922116,0.0,0.9649897,0,0.99942255
21,2,7,3,2,1,1,10,0.0,0.0,0.9972576,0.0,0.98222244,0,0.999711
29,3,3,1,2,1,1,65,1.0,0.0,0.62367064,0.0,0.5170716,0,0.82653826
31,2,5,0,2,1,0,45,1.0,1.0,0.3844412,1.0,0.32384062,0,0.8576631
32,3,7,1,0,0,1,35,0.0,0.0,0.8755124,0.0,0.94057274,0,0.8774012
21,2,6,1,0,1,1,40,0.0,0.0,0.9759492,0.0,0.9109403,0,0.99904627
33,0,7,1,4,1,1,40,0.0,0.0,0.64801055,0.0,0.65013766,1,0.42905724
23,2,1,3,3,1,1,25,0.0,0.0,0.9855708,0.0,0.97723526,0,0.9995704
45,2,3,1,0,1,1,46,0.0,0.0,0.6583869,0.0,0.63690555,0,0.85584044
28,3,7,3,2,1,1,40,0.0,0.0,0.96686983,0.0,0.9747777,0,0.99970454
42,2,7,0,2,1,1,40,0.0,0.0,0.8227782,0.0,0.93801665,0,0.999564
34,2,3,3,0,0,0,40,0.0,0.0,0.9838735,0.0,0.9753588,0,0.99907756
40,3,5,1,2,1,1,70,1.0,1.0,0.07992166,1.0,0.15299386,1,0.00012132755
20,2,7,3,3,1,1,30,0.0,0.0,0.99740624,0.0,0.987767,0,0.9996743
23,2,3,3,0,1,1,40,0.0,0.0,0.98917454,0.0,0.98004127,0,0.9992508
39,3,5,1,2,1,1,45,1.0,1.0,0.07361758,1.0,0.15127796,1,0.0004359556
21,2,3,3,5,1,0,30,0.0,0.0,0.99649936,0.0,0.9909914,0,0.9993987
38,1,7,1,1,1,0,20,0.0,0.0,0.7263161,0.0,0.83873177,0,0.8810841
40,2,3,0,0,1,1,40,0.0,0.0,0.9499206,0.0,0.9765421,0,0.99907935
38,2,1,1,5,1,1,40,0.0,1.0,0.24994284,1.0,0.20513254,1,3.2155025e-05
19,2,7,3,4,1,0,15,0.0,0.0,0.99976236,0.0,0.9908869,0,0.99936897
28,2,7,3,0,1,1,40,0.0,0.0,0.9725896,0.0,0.9791867,0,0.99923456
53,2,3,0,3,1,0,40,0.0,0.0,0.9492163,0.0,0.951617,0,0.9986351
39,2,7,0,0,1,0,40,0.0,0.0,0.95725065,0.0,0.98133695,0,0.9986821
24,2,6,3,0,1,1,40,0.0,0.0,0.99495244,0.0,0.9791816,0,0.99923337
22,2,1,3,5,1,0,30,0.0,0.0,0.99094915,0.0,0.99231845,0,0.99960536
43,2,3,2,0,1,0,40,0.0,0.0,0.9798312,0.0,0.977666,0,0.9986922
27,2,1,3,2,1,0,36,0.0,0.0,0.959113,0.0,0.9700097,0,0.9996549
23,1,7,3,1,0,1,20,0.0,0.0,0.99771595,0.0,0.98535144,0,0.99948114
23,2,7,3,0,1,1,40,0.0,0.0,0.9869767,0.0,0.9792097,0,0.9992361
24,2,3,3,0,0,1,30,0.0,0.0,0.995883,0.0,0.98338574,0,0.99923956
30,3,3,3,3,1,1,66,0.0,0.0,0.9335381,0.0,0.89822316,0,0.99688244
24,2,0,1,0,1,1,40,0.0,0.0,0.81100404,0.0,0.83421016,0,0.87401617
66,2,6,2,4,0,0,30,0.0,0.0,0.99812156,0.0,0.930249,0,0.99844426
25,2,1,0,2,1,0,44,0.0,0.0,0.8394166,0.0,0.96135455,0,0.9994485
69,2,6,1,2,0,1,45,0.0,0.0,0.649341,0.0,0.7746408,0,0.86938095
50,3,7,1,0,1,1,40,1.0,0.0,0.6824105,0.0,0.58884525,0,0.84369177
29,2,7,1,4,1,1,35,0.0,0.0,0.8715923,0.0,0.94025993,0,0.9253821
22,2,6,3,4,1,1,40,0.0,0.0,0.9972265,0.0,0.97881925,0,0.99922204
25,3,3,3,2,1,1,40,0.0,0.0,0.97350156,0.0,0.9908914,0,0.9993761
26,2,0,3,4,1,1,40,0.0,0.0,0.9791355,0.0,0.97941196,0,0.9992482
40,2,7,0,5,1,0,40,0.0,0.0,0.8996704,0.0,0.91248804,0,0.9990951
49,0,2,3,5,1,0,50,1.0,1.0,0.48784548,1.0,0.21856564,1,1.1063996e-05
40,3,0,1,5,1,1,40,1.0,1.0,0.35342824,1.0,0.26816982,1,0.12259567
47,0,4,1,2,1,1,40,0.0,1.0,0.3159877,1.0,0.15175474,1,2.8543898e-05
28,2,3,1,0,1,1,50,0.0,0.0,0.8064226,0.0,0.81393355,0,0.87234306
17,3,6,3,0,1,1,35,0.0,0.0,0.9999992,0.0,0.9869014,0,0.99933416
25,2,0,3,0,1,1,20,0.0,0.0,0.99081373,0.0,0.98774165,0,0.99933463
34,2,7,3,0,1,1,40,0.0,0.0,0.9497483,0.0,0.9788229,0,0.9992212
46,2,3,1,0,1,0,40,0.0,0.0,0.75864536,0.0,0.6371333,0,0.8559402
22,2,6,1,5,1,0,20,0.0,0.0,0.97708446,0.0,0.9380922,0,0.9991683
32,2,3,0,4,1,0,80,0.0,0.0,0.9489447,0.0,0.9019001,0,0.92299473
41,2,6,1,0,1,1,40,0.0,0.0,0.8825625,0.0,0.9421095,0,0.9987828
40,3,3,1,5,1,1,40,0.0,0.0,0.53710866,0.0,0.63819516,0,0.8554483
64,2,2,1,2,1,1,60,1.0,1.0,0.11444521,1.0,0.1608271,1,1.1912155e-05
34,2,3,0,0,1,0,25,0.0,0.0,0.9818261,0.0,0.9767759,0,0.99904805
34,2,3,3,0,1,1,55,0.0,0.0,0.93740183,0.0,0.9422964,0,0.99877805
32,2,7,1,0,1,1,40,0.0,0.0,0.7351167,0.0,0.7711446,0,0.8591635
20,1,7,3,1,1,0,40,0.0,0.0,0.992576,0.0,0.9891066,0,0.9993542
28,2,7,1,5,1,1,50,1.0,0.0,0.5695224,0.0,0.67451704,0,0.5566643
26,2,1,3,4,1,1,40,0.0,0.0,0.9374416,0.0,0.9897783,0,0.99964535
30,0,1,3,2,0,0,40,0.0,0.0,0.94667256,0.0,0.96775657,0,0.9995702
35,2,1,1,5,1,1,40,1.0,1.0,0.29408848,1.0,0.2977082,1,0.019211084
27,2,3,3,4,1,0,50,1.0,0.0,0.98389494,0.0,0.92387295,0,0.99915373
22,2,3,3,0,1,1,50,0.0,0.0,0.986716,0.0,0.9125819,0,0.9990588
50,3,4,0,5,1,1,80,1.0,0.0,0.55951864,1.0,0.13889754,1,1.1934271e-05
32,2,1,1,2,1,0,32,1.0,1.0,0.42318064,1.0,0.49850804,1,0.21661556
40,2,3,1,4,1,1,45,0.0,0.0,0.6058902,0.0,0.6369894,0,0.8558345
36,0,3,1,5,1,0,40,0.0,1.0,0.4948628,0.0,0.5374378,0,0.65311176
42,2,3,0,4,1,0,40,0.0,0.0,0.9701757,0.0,0.9802619,0,0.9987979
51,2,3,1,0,1,1,40,1.0,0.0,0.653708,0.0,0.6369114,0,0.85584056
44,0,5,1,2,1,1,40,1.0,1.0,0.09906256,1.0,0.2682047,1,0.0006275506
37,0,0,3,4,1,1,40,0.0,0.0,0.9553649,0.0,0.98347557,0,0.99945027
50,0,7,1,5,1,1,40,1.0,1.0,0.41860062,1.0,0.29429507,1,0.00017142927
73,0,7,3,2,1,0,11,0.0,0.0,0.9425373,0.0,0.8649655,0,0.9984952
20,2,7,3,0,1,1,60,0.0,0.0,0.98326087,0.0,0.958705,0,0.9223643
60,3,3,0,0,1,1,50,1.0,0.0,0.93121004,0.0,0.9326002,0,0.9587684
50,3,7,1,0,1,1,70,0.0,0.0,0.5755736,0.0,0.55519295,0,0.6468805
71,2,6,4,5,1,1,40,1.0,0.0,0.9111265,0.0,0.8909653,0,0.998451
42,1,3,1,1,1,1,60,0.0,0.0,0.5025054,0.0,0.6360168,0,0.8557329
31,2,7,1,3,1,1,40,0.0,0.0,0.6662742,0.0,0.7019694,0,0.711272
56,2,3,1,5,1,1,50,0.0,1.0,0.38784188,1.0,0.4892273,1,0.49830768
23,1,1,3,1,1,1,40,0.0,0.0,0.9685824,0.0,0.9699499,0,0.9996911
47,0,1,1,5,1,1,40,1.0,1.0,0.24487948,1.0,0.20535815,1,1.0416244e-05
43,2,1,1,3,1,1,40,1.0,1.0,0.24719465,1.0,0.22017944,1,1.1842213e-05
59,2,3,0,3,1,0,30,0.0,0.0,0.97053355,0.0,0.93566585,0,0.9987637
31,2,3,0,0,1,1,45,0.0,0.0,0.9528793,0.0,0.9806624,0,0.9992424
57,2,4,1,5,1,1,60,1.0,1.0,0.1264996,1.0,0.13246036,1,1.2043184e-05
27,2,0,3,4,1,1,40,0.0,0.0,0.97647476,0.0,0.9794452,0,0.9992493
53,2,7,1,0,1,1,45,1.0,0.0,0.523356,0.0,0.5584744,0,0.64542997
42,2,7,0,5,1,0,50,0.0,0.0,0.85523206,0.0,0.86644953,0,0.96315855
35,2,6,1,0,1,1,40,0.0,0.0,0.9040015,0.0,0.9196333,0,0.9989942
20,2,7,3,5,1,0,24,0.0,0.0,0.9983993,0.0,0.98120105,0,0.99954623
24,2,6,0,0,1,0,40,0.0,0.0,0.99277693,0.0,0.97917676,0,0.99922764
54,2,1,1,5,1,1,60,1.0,1.0,0.1546452,1.0,0.26689065,1,3.1758736e-06
50,2,3,1,0,1,1,40,0.0,0.0,0.66112244,0.0,0.63691396,0,0.8558407
41,2,0,0,0,1,0,40,0.0,0.0,0.92444265,0.0,0.98072815,0,0.9986853
21,2,7,3,5,1,0,12,0.0,0.0,0.9989831,0.0,0.9760784,0,0.99953413
51,3,3,1,5,1,1,30,0.0,0.0,0.5925603,0.0,0.6646802,0,0.8601115
39,3,3,3,3,1,0,4,0.0,0.0,0.99634117,0.0,0.9655346,0,0.9993513
60,2,0,1,3,1,1,30,0.0,0.0,0.63876903,0.0,0.5950167,0,0.641668
45,0,4,0,2,1,0,40,0.0,0.0,0.7211332,0.0,0.9471713,0,0.99953294
55,2,7,1,4,1,1,50,1.0,1.0,0.39898223,1.0,0.3751117,1,0.28977773
55,0,7,0,5,1,1,40,0.0,0.0,0.8351146,0.0,0.8754481,0,0.99927396
19,1,3,3,1,0,0,20,0.0,0.0,0.9990464,0.0,0.9796401,0,0.99925965
27,2,1,0,5,1,1,52,0.0,0.0,0.74500406,0.0,0.9150764,0,0.99642307
23,2,1,3,4,1,1,40,0.0,0.0,0.9614479,0.0,0.9889547,0,0.999647
24,2,0,0,4,1,0,22,0.0,0.0,0.99392027,0.0,0.9908363,0,0.99937016
51,0,7,1,4,0,1,70,0.0,0.0,0.51030254,1.0,0.49817783,1,0.0011077541
31,2,7,3,4,0,1,40,0.0,0.0,0.98349625,0.0,0.9795254,0,0.9992526
63,1,5,1,1,1,1,40,0.0,1.0,0.11581367,1.0,0.16446513,1,1.5775928e-05
20,2,7,3,5,0,0,35,0.0,0.0,0.9975568,0.0,0.9902164,0,0.9995084
30,2,1,3,2,0,1,50,1.0,0.0,0.82830507,0.0,0.74028933,0,0.88347375
22,2,7,3,0,1,1,25,0.0,0.0,0.99693835,0.0,0.9849698,0,0.99930394
30,2,3,3,5,0,0,35,0.0,0.0,0.9853664,0.0,0.9903077,0,0.9993979
47,2,1,1,3,1,1,60,1.0,1.0,0.18842012,1.0,0.18638176,1,9.1604425e-06
39,2,0,3,3,1,0,40,0.0,0.0,0.9457074,0.0,0.9454386,0,0.99925274
28,2,7,3,5,0,0,30,0.0,0.0,0.99251187,0.0,0.98050463,0,0.999503
19,2,3,3,4,1,0,40,0.0,0.0,0.9982713,0.0,0.97850704,0,0.9992204
43,2,4,0,2,1,0,40,1.0,0.0,0.62545455,0.0,0.86597604,0,0.99944276
38,3,2,1,2,1,1,50,1.0,1.0,0.16091526,1.0,0.1554355,1,0.00011264808
20,2,3,3,4,1,1,50,0.0,0.0,0.9901795,0.0,0.9199515,0,0.9991685
34,0,1,1,2,1,0,45,1.0,1.0,0.3606254,1.0,0.23614925,1,0.018180082
33,2,3,1,0,1,1,40,0.0,0.0,0.78622675,0.0,0.8898081,0,0.9051291
32,2,7,1,0,1,0,37,0.0,0.0,0.86220384,0.0,0.64159393,0,0.8566139
71,3,6,0,0,1,0,28,0.0,0.0,0.99281967,0.0,0.92010224,0,0.99847895
29,2,1,3,5,1,0,40,0.0,0.0,0.9321908,0.0,0.974652,0,0.9987551
64,2,7,2,4,1,1,40,0.0,0.0,0.906312,0.0,0.9147657,0,0.9802013
17,2,6,3,4,1,1,40,0.0,0.0,0.9999981,0.0,0.9787235,0,0.99922156
24,0,0,1,5,1,1,30,0.0,0.0,0.8181448,0.0,0.9288376,0,0.91396636
43,0,7,1,5,1,0,40,1.0,1.0,0.41691452,1.0,0.3760398,1,0.270061
35,2,3,1,0,1,1,80,1.0,0.0,0.69453514,0.0,0.63623327,0,0.857528
21,1,7,3,1,1,1,20,0.0,0.0,0.99699724,0.0,0.98686254,0,0.99950624
36,3,3,1,0,1,1,84,0.0,0.0,0.7335636,0.0,0.63256764,0,0.857268
36,2,1,1,0,1,1,40,1.0,1.0,0.49872535,0.0,0.52921605,0,0.58154684
35,2,3,0,4,1,0,75,0.0,0.0,0.94103277,0.0,0.87068707,0,0.9658202
45,0,1,1,2,0,1,40,0.0,1.0,0.4467678,1.0,0.21300715,1,1.9014515e-05
32,0,3,3,4,0,0,32,0.0,0.0,0.9943069,0.0,0.9796216,0,0.9992618
24,2,3,1,3,1,1,48,0.0,0.0,0.8222572,0.0,0.7436288,0,0.88045454
26,2,3,3,0,1,1,40,0.0,0.0,0.98171496,0.0,0.98048747,0,0.9992466
25,0,1,3,5,0,1,20,0.0,0.0,0.9891841,0.0,0.98154086,0,0.99960166
17,3,6,3,0,1,1,40,0.0,0.0,0.9999979,0.0,0.9795703,0,0.99926955
25,2,6,3,0,1,1,40,0.0,0.0,0.9940788,0.0,0.9791064,0,0.99923
25,2,1,3,3,1,0,50,0.0,0.0,0.9422874,0.0,0.9761209,0,0.9987
36,2,6,1,0,1,1,43,0.0,0.0,0.8406965,0.0,0.94228745,0,0.99877733
54,1,3,4,1,1,0,40,0.0,0.0,0.91393703,0.0,0.93865305,0,0.99589074
42,2,1,3,3,1,1,50,1.0,0.0,0.54625386,1.0,0.21506423,1,0.18761492
40,2,7,0,4,1,0,48,0.0,0.0,0.9249673,0.0,0.93567544,0,0.9987752
53,3,2,1,5,1,1,70,1.0,1.0,0.12960362,1.0,0.17538655,1,1.3104318e-05
42,2,2,1,2,1,1,50,1.0,1.0,0.12866616,1.0,0.15110046,1,7.851871e-05
57,2,3,1,0,1,1,40,0.0,0.0,0.62061435,0.0,0.6369058,0,0.8558405
31,2,1,0,2,1,0,40,0.0,0.0,0.7737838,0.0,0.98384845,0,0.99952626
30,2,1,1,5,1,1,50,1.0,1.0,0.32169288,1.0,0.4210757,1,0.06863194
32,0,3,0,4,1,0,25,0.0,0.0,0.9689425,0.0,0.9654145,0,0.9993457
19,2,3,3,4,1,0,13,0.0,0.0,0.999639,0.0,0.97964895,0,0.99925953
25,2,3,3,3,1,1,37,0.0,0.0,0.99122655,0.0,0.99088436,0,0.9993687
46,2,0,1,0,0,1,40,1.0,0.0,0.5784262,0.0,0.52547145,0,0.7768107
33,3,3,1,0,1,1,50,0.0,0.0,0.7828243,0.0,0.863984,0,0.861273
26,2,5,1,2,1,1,60,1.0,1.0,0.064462006,1.0,0.30042088,1,0.018136222
18,2,6,3,3,1,0,40,0.0,0.0,0.99971896,0.0,0.97884,0,0.9992219
41,2,7,1,0,1,1,40,1.0,0.0,0.6554124,0.0,0.52641064,0,0.7762102
42,2,4,1,2,1,1,40,1.0,1.0,0.1612212,1.0,0.1821351,1,0.00010707078
37,2,1,1,0,1,1,40,0.0,1.0,0.4884078,1.0,0.4898365,1,0.49944878
46,0,1,0,5,1,0,40,1.0,0.0,0.7184202,0.0,0.60470027,0,0.9994173
43,2,4,1,5,1,1,35,1.0,1.0,0.19138807,1.0,0.30187005,1,3.709002e-05
51,2,3,4,0,0,0,40,0.0,0.0,0.95685136,0.0,0.9049838,0,0.9984518
66,0,7,0,4,1,0,40,1.0,0.0,0.92462206,0.0,0.93529683,0,0.99812454
43,3,4,3,5,1,0,40,0.0,0.0,0.73497486,0.0,0.7170669,0,0.86893785
26,2,7,3,2,1,0,35,0.0,0.0,0.98623914,0.0,0.9805297,0,0.99961483
63,1,5,1,1,1,1,30,1.0,1.0,0.20262432,1.0,0.13179249,1,8.4034815e-05
34,3,1,1,0,1,1,40,0.0,0.0,0.57010686,0.0,0.6371393,0,0.85554487
63,2,7,1,3,0,1,40,1.0,0.0,0.5888476,1.0,0.45295113,1,0.009635167
20,0,7,3,4,1,1,25,0.0,0.0,0.99873644,0.0,0.9873092,0,0.9996562
40,1,7,1,1,1,1,8,0.0,0.0,0.8220923,0.0,0.9336817,0,0.9984775
45,2,3,2,5,1,0,40,0.0,0.0,0.9216931,0.0,0.9519095,0,0.99850875
23,2,3,3,5,1,1,25,0.0,0.0,0.9939305,0.0,0.99088234,0,0.99936956
19,2,3,3,0,1,1,40,0.0,0.0,0.996722,0.0,0.9795984,0,0.99925095
49,0,3,1,0,1,1,40,0.0,0.0,0.65932834,0.0,0.636963,0,0.85585546
27,2,7,0,3,1,1,50,0.0,0.0,0.9088764,0.0,0.9927081,0,0.9994993
33,2,0,0,4,1,0,40,0.0,0.0,0.9647439,0.0,0.9785152,0,0.99921083
50,2,3,1,5,1,0,40,1.0,0.0,0.51910263,1.0,0.48896313,0,0.64484745
58,2,3,1,0,1,1,40,1.0,0.0,0.61648786,0.0,0.63690567,0,0.8558405
47,3,3,1,5,1,1,40,1.0,1.0,0.48844832,0.0,0.58143127,0,0.8362341
58,2,4,1,5,1,1,40,1.0,1.0,0.15926409,1.0,0.15060079,1,1.26128625e-05
25,2,0,3,5,1,0,38,0.0,0.0,0.98713565,0.0,0.9878565,0,0.99948823
46,3,1,1,0,1,1,40,1.0,1.0,0.4946829,0.0,0.55801225,0,0.5900703
60,2,0,4,5,0,0,40,1.0,0.0,0.8846653,0.0,0.7264235,0,0.8797783
21,2,0,1,0,1,1,46,0.0,0.0,0.8482881,0.0,0.8145596,0,0.87356263
25,1,3,3,1,1,1,40,0.0,0.0,0.9873272,0.0,0.98042405,0,0.9992549
47,2,3,1,3,1,1,45,0.0,0.0,0.50625265,1.0,0.39315563,0,0.7232665
60,2,7,1,0,1,1,65,0.0,1.0,0.45321167,1.0,0.4898414,1,0.4994806
27,2,6,3,0,1,1,40,0.0,0.0,0.9921827,0.0,0.97897565,0,0.9992256
23,0,7,3,5,1,1,25,0.0,0.0,0.995889,0.0,0.9630425,0,0.99970704
36,2,0,1,3,1,1,50,1.0,1.0,0.4814496,1.0,0.10542375,1,0.04979192
65,2,1,4,4,1,0,40,0.0,0.0,0.8690635,0.0,0.7699375,0,0.8783192
57,2,3,4,5,1,0,36,0.0,0.0,0.8840305,0.0,0.9530444,0,0.96418256
20,0,0,3,2,1,1,30,0.0,0.0,0.9956309,0.0,0.9794306,0,0.99958473
50,0,1,1,2,1,1,40,0.0,1.0,0.3421846,1.0,0.21367168,1,1.8562967e-05
42,0,4,0,2,1,1,40,0.0,0.0,0.72776175,0.0,0.57137764,0,0.9981704
61,1,3,1,1,1,1,32,0.0,0.0,0.7840156,0.0,0.79035705,0,0.87758726
30,2,3,4,5,1,0,40,0.0,0.0,0.91215,0.0,0.9786817,0,0.9993018
24,2,3,3,5,1,1,40,0.0,0.0,0.98173577,0.0,0.9806544,0,0.9992895
23,2,7,1,0,1,1,40,0.0,0.0,0.8875355,0.0,0.8322257,0,0.8736957
20,2,7,3,4,1,0,10,0.0,0.0,0.99975693,0.0,0.99088466,0,0.99936885
19,2,3,1,0,1,1,40,0.0,0.0,0.9637173,0.0,0.9526895,0,0.9163409
35,2,4,1,5,1,1,45,1.0,1.0,0.14218861,1.0,0.25755227,1,0.003038195
24,2,3,1,0,1,0,24,0.0,0.0,0.9640231,0.0,0.9416001,0,0.9987947
26,1,1,1,1,1,0,40,0.0,0.0,0.7387671,0.0,0.6193725,0,0.7548221
43,2,4,1,2,0,0,50,0.0,1.0,0.16391093,1.0,0.30218142,1,0.0012817235
34,2,7,1,5,0,1,52,0.0,0.0,0.5383407,1.0,0.49034172,1,0.034358058
37,2,7,3,0,1,0,20,0.0,0.0,0.99116695,0.0,0.976769,0,0.99901557
54,2,6,1,0,1,1,60,0.0,0.0,0.7431948,0.0,0.8777437,0,0.8735092
27,2,3,1,0,1,1,40,0.0,0.0,0.871626,0.0,0.8812948,0,0.90835494
53,0,2,1,2,1,1,40,1.0,1.0,0.21226037,1.0,0.17123985,1,0.00013103105
24,2,1,1,4,1,1,50,0.0,0.0,0.55660117,0.0,0.72973245,0,0.68919396
28,2,7,1,5,1,1,40,0.0,0.0,0.66864944,0.0,0.8102519,0,0.7955155
41,0,1,1,5,0,0,40,1.0,1.0,0.36350554,1.0,0.35103685,1,0.041916154
45,3,7,1,5,0,1,40,0.0,0.0,0.5328089,0.0,0.51744413,1,0.01750157
29,1,1,3,1,1,1,40,0.0,0.0,0.9377282,0.0,0.98521864,0,0.9996438
23,0,7,2,5,0,1,40,0.0,0.0,0.9921494,0.0,0.9758449,0,0.9996662
25,0,3,3,0,1,1,40,0.0,0.0,0.98992914,0.0,0.98021215,0,0.9992574
46,2,3,1,0,0,1,40,0.0,0.0,0.7969794,0.0,0.63692117,0,0.85584074
41,1,3,3,1,1,0,30,0.0,0.0,0.9677686,0.0,0.9767466,0,0.9990121
21,2,6,3,4,1,0,40,0.0,0.0,0.9992873,0.0,0.9787253,0,0.99922097
27,2,1,1,3,1,1,55,1.0,1.0,0.4065082,0.0,0.5739225,1,0.276986
25,2,7,1,0,1,1,60,1.0,0.0,0.7289964,0.0,0.6858895,0,0.8586737
52,2,3,1,0,1,1,40,0.0,0.0,0.647069,0.0,0.6369081,0,0.85584056
20,2,3,3,3,0,0,24,0.0,0.0,0.9989407,0.0,0.9908836,0,0.9993693
29,2,4,3,2,1,0,80,0.0,0.0,0.7809764,0.0,0.9720273,0,0.7200464
43,2,4,3,2,1,1,50,1.0,1.0,0.46261615,1.0,0.43521821,1,0.012385924
40,3,0,1,0,1,1,50,1.0,0.0,0.5590261,0.0,0.6368984,0,0.85583943
31,2,7,1,0,1,1,45,0.0,0.0,0.66318923,0.0,0.75666136,0,0.86299247
40,2,5,1,2,1,0,30,1.0,1.0,0.14079756,1.0,0.2533931,1,5.1472102e-06
34,0,1,1,4,1,1,40,1.0,1.0,0.41295046,0.0,0.5126866,1,0.0018258872
44,0,3,1,5,1,0,40,0.0,1.0,0.4377246,1.0,0.4451843,0,0.5146211
62,2,1,1,0,1,1,40,0.0,1.0,0.39416754,0.0,0.54984915,1,0.49449748
71,3,4,1,5,1,1,40,1.0,1.0,0.27329516,1.0,0.2462635,1,1.3233798e-06
48,2,7,4,5,0,0,38,0.0,0.0,0.9220373,0.0,0.94051135,0,0.9942713
24,3,7,3,0,1,1,60,0.0,0.0,0.97388595,0.0,0.9536041,0,0.916081
47,2,3,1,4,0,1,60,1.0,0.0,0.68031955,1.0,0.44700235,0,0.71242166
38,2,3,0,0,1,1,50,0.0,0.0,0.93775123,0.0,0.9752276,0,0.9988681
36,2,3,1,0,1,0,40,0.0,0.0,0.8132696,0.0,0.65144837,0,0.8587428
39,0,4,1,2,1,1,45,1.0,1.0,0.30077803,1.0,0.20980626,1,3.9792503e-05
34,2,1,1,3,1,1,45,0.0,1.0,0.29114068,1.0,0.24395096,1,0.0060443385
55,2,3,1,5,1,1,50,1.0,1.0,0.39023298,1.0,0.4895758,1,0.49899212
26,2,7,1,0,1,1,40,0.0,0.0,0.83779025,0.0,0.83495027,0,0.8739197
38,2,3,1,0,1,1,40,0.0,0.0,0.74490047,0.0,0.7645339,0,0.8678929
24,2,3,1,0,0,1,40,0.0,0.0,0.94721985,0.0,0.89008653,0,0.9077956
20,1,7,3,1,1,1,20,0.0,0.0,0.99775714,0.0,0.9867895,0,0.99951017
44,2,6,1,0,0,1,40,0.0,0.0,0.88643765,0.0,0.94238734,0,0.9987723
25,2,6,3,0,0,1,40,0.0,0.0,0.9963205,0.0,0.9791064,0,0.99923
21,2,7,3,3,0,1,20,0.0,0.0,0.99876827,0.0,0.98784536,0,0.99967456
25,2,7,3,5,0,0,20,0.0,0.0,0.99647194,0.0,0.9775056,0,0.9995166
53,2,3,2,3,1,0,33,0.0,0.0,0.97262067,0.0,0.95436275,0,0.998611
48,2,4,1,2,1,1,40,1.0,1.0,0.15729225,1.0,0.19446343,1,1.902195e-05
32,1,0,3,1,1,1,20,0.0,0.0,0.9821232,0.0,0.9829714,0,0.999428
29,2,3,1,0,1,1,60,0.0,0.0,0.7641649,0.0,0.882756,0,0.8640674
38,2,0,1,4,1,1,40,0.0,0.0,0.51049995,0.0,0.6369056,0,0.85338515
27,2,3,3,0,1,1,40,0.0,0.0,0.9787932,0.0,0.98059523,0,0.99924505
49,2,7,1,3,1,1,44,0.0,1.0,0.39770103,0.0,0.6154373,1,0.0010762638
44,2,7,1,5,1,1,40,1.0,1.0,0.38521016,0.0,0.6128464,1,0.005308327
23,2,1,1,3,1,1,40,0.0,0.0,0.6734712,0.0,0.6313562,0,0.71049774
24,2,3,1,0,1,0,40,0.0,0.0,0.9283761,0.0,0.94189626,0,0.90917546
58,3,1,3,0,1,1,72,0.0,0.0,0.6988697,0.0,0.61793995,0,0.77803755
47,2,1,0,4,1,0,25,0.0,0.0,0.9244203,0.0,0.9216504,0,0.9991528
61,0,4,0,2,1,0,70,0.0,0.0,0.7411375,1.0,0.35989088,1,0.0033842337
47,2,7,1,0,1,1,40,0.0,0.0,0.6288655,0.0,0.5583867,0,0.67799616
24,3,6,3,0,1,1,50,0.0,0.0,0.9935815,0.0,0.9750707,0,0.99921024
32,2,3,3,4,1,0,40,0.0,0.0,0.9853561,0.0,0.97871,0,0.9992204
31,2,0,3,0,0,1,50,0.0,0.0,0.95343894,0.0,0.9427356,0,0.99873537
37,2,3,0,0,1,0,40,0.0,0.0,0.96486914,0.0,0.97817385,0,0.99893063
49,2,7,1,2,1,1,40,1.0,1.0,0.39951837,1.0,0.4051214,1,0.003524257
30,1,6,3,1,1,1,40,0.0,0.0,0.9937557,0.0,0.97943175,0,0.9992248
41,2,7,3,0,1,0,40,0.0,0.0,0.95097816,0.0,0.92593396,0,0.9981912
39,2,7,0,3,1,0,40,0.0,0.0,0.9396713,0.0,0.98264205,0,0.9993211
36,0,4,1,5,1,1,40,1.0,1.0,0.32292336,1.0,0.15308845,1,0.0002767433
39,2,2,1,2,1,1,55,1.0,1.0,0.13396448,1.0,0.1536088,1,8.940942e-05
30,2,3,3,5,1,0,40,0.0,0.0,0.96973807,0.0,0.9773373,0,0.99934906
50,0,4,1,4,1,1,40,1.0,1.0,0.2462483,1.0,0.41419232,1,8.220096e-06
23,2,7,3,5,1,1,50,0.0,0.0,0.9644051,0.0,0.98332334,0,0.99822086
55,2,3,0,0,1,1,40,0.0,0.0,0.92880887,0.0,0.9191126,0,0.9983919
44,0,3,0,0,0,1,40,0.0,0.0,0.94794214,0.0,0.9743386,0,0.9989378
54,2,3,1,0,1,1,40,1.0,0.0,0.6357376,0.0,0.636906,0,0.8558405
34,2,4,1,3,1,1,40,0.0,1.0,0.29510665,1.0,0.29630768,1,0.016139057
31,2,7,1,5,1,0,20,0.0,0.0,0.83816785,0.0,0.5955707,0,0.77332157
43,2,3,0,0,0,0,40,0.0,0.0,0.9776467,0.0,0.9804624,0,0.9986854
41,2,5,1,5,0,1,40,0.0,1.0,0.06870645,1.0,0.15377325,1,9.107225e-05
33,2,3,3,0,1,1,45,0.0,0.0,0.94762665,0.0,0.9654647,0,0.9990895
27,2,3,3,0,0,1,40,0.0,0.0,0.98755926,0.0,0.98059523,0,0.99924505
53,2,7,1,5,1,1,45,1.0,1.0,0.31949657,1.0,0.45508605,1,3.086274e-05
30,2,1,1,4,1,1,60,1.0,1.0,0.3634491,1.0,0.26157492,1,0.018379098
53,3,3,1,0,1,1,60,0.0,0.0,0.6738522,0.0,0.6363523,0,0.85577416
33,2,3,1,0,0,1,40,0.0,0.0,0.8652015,0.0,0.8898081,0,0.9051291
45,2,3,0,0,1,1,60,0.0,0.0,0.9240559,0.0,0.850745,0,0.9970144
53,2,3,0,5,1,0,40,0.0,0.0,0.89135563,0.0,0.96062434,0,0.9984124
58,2,3,2,4,1,0,40,0.0,0.0,0.96474475,0.0,0.9088993,0,0.9985342
20,2,6,3,0,0,1,40,0.0,0.0,0.99871665,0.0,0.9793184,0,0.99924076
20,1,7,3,1,1,1,60,0.0,0.0,0.98022866,0.0,0.95074713,0,0.99890673
24,2,7,3,5,1,1,40,0.0,0.0,0.9758733,0.0,0.93453556,0,0.9995369
49,2,3,1,0,1,1,42,1.0,0.0,0.63984454,0.0,0.6368413,0,0.8558328
26,2,7,1,3,1,1,50,0.0,0.0,0.6770581,0.0,0.71880126,0,0.7268726
42,0,0,1,4,1,1,40,1.0,1.0,0.45563853,0.0,0.50911856,1,0.47439003
59,2,6,1,0,1,1,40,0.0,0.0,0.8376679,0.0,0.92792577,0,0.90167946
37,2,7,3,0,1,0,40,0.0,0.0,0.96350676,0.0,0.93912566,0,0.9988098
65,3,3,1,0,1,1,65,0.0,0.0,0.6425331,0.0,0.5290287,0,0.7823256
35,2,5,1,2,1,1,45,1.0,1.0,0.06154394,1.0,0.26624584,1,0.0023367316
47,2,1,1,3,1,1,55,1.0,1.0,0.18712586,1.0,0.18974978,1,9.443151e-06
31,3,3,3,3,0,1,40,0.0,0.0,0.9802231,0.0,0.98505235,0,0.99931145
40,2,7,1,3,1,1,60,0.0,1.0,0.3838582,0.0,0.55831265,1,2.3016997e-05
39,2,7,1,0,1,1,55,1.0,0.0,0.5416529,0.0,0.5024588,0,0.66029394
44,2,3,0,0,0,0,40,0.0,0.0,0.9777587,0.0,0.9802365,0,0.9986528
42,0,7,0,5,1,0,40,0.0,0.0,0.868536,0.0,0.86738586,0,0.9994438
54,2,7,4,0,1,0,50,0.0,0.0,0.89968014,0.0,0.75528955,0,0.870877
46,2,2,1,2,1,1,55,1.0,1.0,0.11864501,1.0,0.103643894,1,1.9847937e-05
40,2,5,1,0,1,1,40,1.0,1.0,0.07572645,1.0,0.11557776,1,1.5524492e-06
40,2,7,1,0,1,1,40,0.0,0.0,0.6605561,0.0,0.62041175,0,0.85263884
23,2,6,1,4,1,1,35,0.0,0.0,0.97703636,0.0,0.97144234,0,0.99920326
27,0,3,1,4,1,1,40,0.0,0.0,0.80963993,0.0,0.93959945,0,0.90299326
27,2,0,3,3,1,1,50,0.0,0.0,0.9376428,0.0,0.96432865,0,0.9990318
36,2,3,1,4,1,1,50,0.0,0.0,0.64167476,0.0,0.78427875,0,0.8614828
30,2,1,3,2,1,1,50,0.0,0.0,0.7489445,0.0,0.74028933,0,0.88347375
22,2,3,3,4,1,0,40,0.0,0.0,0.99587125,0.0,0.9787503,0,0.9992211
58,2,3,0,5,1,0,40,0.0,0.0,0.89121115,0.0,0.96185225,0,0.9983872
68,2,0,4,5,1,0,40,0.0,0.0,0.8678836,0.0,0.83166736,0,0.8737634
47,0,2,3,2,1,0,40,0.0,0.0,0.5717735,0.0,0.65128696,1,0.06490088
22,2,3,3,5,1,0,42,0.0,0.0,0.9870247,0.0,0.93566966,0,0.999215
42,2,7,1,0,1,1,45,1.0,0.0,0.5666316,0.0,0.5542805,0,0.65059763
32,2,5,1,3,1,1,60,1.0,1.0,0.057192206,1.0,0.23764795,1,0.0017171025
37,2,2,1,2,0,1,40,0.0,1.0,0.20661092,1.0,0.16112518,1,0.00031670157
20,2,7,3,3,1,0,20,0.0,0.0,0.99943066,0.0,0.9902871,0,0.99948525
33,2,1,3,2,1,1,40,0.0,0.0,0.7828388,0.0,0.9319496,0,0.9994197
69,1,0,0,1,1,0,1,0.0,0.0,0.99694264,0.0,0.94500196,0,0.99866784
43,3,3,3,5,0,1,55,0.0,0.0,0.90048105,0.0,0.81544656,0,0.90733844
34,0,5,1,2,1,1,40,1.0,1.0,0.103082836,1.0,0.2825265,1,0.00323256
21,1,7,3,1,1,0,5,0.0,0.0,0.9991567,0.0,0.9829651,0,0.9994423
20,2,7,3,5,0,0,30,0.0,0.0,0.99802375,0.0,0.98898757,0,0.9995085
19,2,7,3,3,1,0,10,0.0,0.0,0.99982023,0.0,0.97478056,0,0.99954563
30,2,3,0,0,1,1,40,0.0,0.0,0.96715623,0.0,0.98279387,0,0.9992399
42,2,3,1,5,1,1,48,0.0,1.0,0.4574988,0.0,0.55820954,0,0.6242867
19,2,7,3,3,0,0,18,0.0,0.0,0.999597,0.0,0.9882944,0,0.9995059
30,2,1,3,4,1,0,40,0.0,0.0,0.9686315,0.0,0.9607638,0,0.9993649
56,2,6,0,5,1,1,40,0.0,0.0,0.94002813,0.0,0.9754583,0,0.99892765
31,2,6,3,0,1,1,40,0.0,0.0,0.98744607,0.0,0.97888005,0,0.9992205
46,2,1,0,2,1,0,40,0.0,0.0,0.67589056,0.0,0.90262014,0,0.99927694
32,3,0,0,3,1,1,50,0.0,0.0,0.8225612,0.0,0.9912684,0,0.99943215
66,2,1,1,4,1,1,99,0.0,1.0,0.2924137,1.0,0.42618787,1,2.7104225e-06
18,2,6,3,4,1,1,12,0.0,0.0,0.9999237,0.0,0.9827592,0,0.9992562
40,2,6,1,0,1,1,40,0.0,0.0,0.8859447,0.0,0.9419163,0,0.9987872
50,2,7,0,0,1,1,40,0.0,0.0,0.91886896,0.0,0.93873614,0,0.9983469
77,2,3,4,5,1,0,32,0.0,0.0,0.9288775,0.0,0.8853188,0,0.998448
42,2,1,1,5,0,0,40,0.0,1.0,0.383367,1.0,0.35792643,1,0.1949993
37,0,1,1,2,1,1,36,1.0,1.0,0.47127646,0.0,0.6819809,1,0.0009963666
34,1,1,1,1,1,0,10,1.0,0.0,0.78788173,0.0,0.8272558,0,0.9978915
48,2,7,0,5,1,0,38,0.0,0.0,0.91339123,0.0,0.9411148,0,0.99900323
36,2,1,0,5,1,0,40,0.0,0.0,0.7796652,0.0,0.82639897,0,0.9992624
42,2,1,0,2,1,0,15,0.0,0.0,0.82097876,0.0,0.93773156,0,0.99956244
55,2,3,2,0,1,1,40,0.0,0.0,0.96741974,0.0,0.897404,0,0.998524
45,2,3,1,0,1,1,40,1.0,0.0,0.69538045,0.0,0.6369256,0,0.85584086
46,3,5,1,2,1,1,40,1.0,1.0,0.074095786,1.0,0.15468991,1,0.0002217982
61,2,7,1,0,1,1,20,0.0,0.0,0.80749,0.0,0.76303625,0,0.8745053
25,2,3,3,0,1,1,37,0.0,0.0,0.9898968,0.0,0.98189515,0,0.99924374
69,3,3,1,3,1,1,48,0.0,1.0,0.4514982,0.0,0.5220345,0,0.7609529
35,2,3,1,0,1,1,50,0.0,0.0,0.72835815,0.0,0.77167314,0,0.85915035
54,2,6,0,5,1,1,40,1.0,0.0,0.9396242,0.0,0.976751,0,0.9989899
26,1,6,3,1,1,0,35,0.0,0.0,0.9980152,0.0,0.9793701,0,0.9992353
39,2,7,1,5,1,0,35,1.0,0.0,0.5944401,1.0,0.3761772,1,0.49147072
43,0,5,1,2,0,1,40,0.0,1.0,0.13239104,1.0,0.2739076,1,0.000695583
41,0,4,3,2,1,0,40,0.0,0.0,0.8613264,0.0,0.9211829,0,0.999361
22,2,3,1,4,1,0,40,0.0,0.0,0.9448091,0.0,0.9444336,0,0.9229751
61,2,0,1,4,1,1,40,1.0,1.0,0.46889502,0.0,0.5946373,0,0.56506675
43,2,1,1,2,1,1,42,1.0,1.0,0.23758292,1.0,0.2581389,1,2.362494e-05
31,3,2,1,2,1,1,40,1.0,1.0,0.19853449,1.0,0.28326994,1,0.0033679742
46,0,4,0,5,1,0,65,1.0,0.0,0.69478774,1.0,0.38413495,1,0.086606905
63,0,4,1,2,1,1,48,0.0,1.0,0.27498323,1.0,0.14201188,1,1.5420967e-05
24,2,0,3,0,1,1,40,0.0,0.0,0.9783379,0.0,0.97917324,0,0.9992337
45,2,1,0,2,1,0,48,1.0,0.0,0.6863656,0.0,0.74463314,0,0.9683207
25,2,3,3,5,1,0,40,0.0,0.0,0.98463434,0.0,0.9797587,0,0.99937326
48,2,6,0,4,0,0,40,0.0,0.0,0.99262255,0.0,0.97621363,0,0.9989115
39,1,6,4,1,1,0,15,0.0,0.0,0.97970784,0.0,0.9759026,0,0.9990871
25,2,4,1,0,1,1,99,1.0,1.0,0.48249495,1.0,0.12052506,1,0.0003291389
47,2,7,0,0,1,0,40,0.0,0.0,0.95194256,0.0,0.91764194,0,0.99854326
21,2,7,3,4,1,0,40,0.0,0.0,0.9968496,0.0,0.97776914,0,0.99928266
24,2,3,3,3,1,1,45,0.0,0.0,0.97693545,0.0,0.97847956,0,0.9992207
54,2,4,4,5,1,0,38,0.0,0.0,0.7058774,0.0,0.72261304,0,0.87668604
32,2,6,1,0,0,1,40,0.0,0.0,0.9176375,0.0,0.9120696,0,0.9990368
36,2,1,1,2,1,1,45,0.0,1.0,0.27194577,1.0,0.14706933,1,0.0005559924
31,2,3,2,5,1,0,20,0.0,0.0,0.989935,0.0,0.990886,0,0.9993826
33,0,0,1,4,1,1,40,1.0,0.0,0.5970758,1.0,0.45054185,0,0.7427321
29,2,3,1,0,1,1,40,0.0,0.0,0.84379673,0.0,0.8819859,0,0.9083108
29,2,3,1,4,0,1,50,0.0,0.0,0.8745588,0.0,0.8347155,0,0.8738767
34,2,3,1,4,1,1,40,1.0,0.0,0.7787316,0.0,0.88118374,0,0.9078648
29,2,3,3,5,0,0,40,0.0,0.0,0.9803594,0.0,0.97816277,0,0.9993563
32,2,3,3,0,1,1,40,0.0,0.0,0.9607252,0.0,0.98124593,0,0.99922776
23,2,1,3,5,1,1,30,0.0,0.0,0.9756862,0.0,0.9996102,0,0.999556
22,2,3,3,5,1,0,60,0.0,0.0,0.9807181,0.0,0.92273283,0,0.997738
64,2,6,4,4,1,0,16,0.0,0.0,0.9909228,0.0,0.91744065,0,0.99851376
58,0,4,1,2,1,1,40,1.0,1.0,0.30480283,1.0,0.1489231,1,2.5707579e-05
44,3,7,3,0,1,1,60,0.0,0.0,0.86801326,0.0,0.7866303,0,0.86843246
42,0,7,0,5,1,1,40,0.0,0.0,0.8499639,0.0,0.93973464,0,0.99959046
32,2,1,1,3,1,1,60,1.0,1.0,0.29873192,1.0,0.31291467,1,0.03302894
55,2,4,1,2,1,1,40,1.0,1.0,0.15954655,1.0,0.1445477,1,1.5266533e-05
43,2,6,1,0,0,1,40,0.0,0.0,0.88890445,0.0,0.94231635,0,0.99877673
42,3,7,1,5,0,1,60,0.0,1.0,0.4505245,1.0,0.4275241,1,5.172804e-06
36,3,3,1,0,1,1,65,1.0,0.0,0.7393191,0.0,0.63685495,0,0.8558701
31,2,3,0,4,1,1,40,0.0,0.0,0.96651864,0.0,0.9808752,0,0.99924916
26,0,3,3,5,0,1,40,0.0,0.0,0.98276454,0.0,0.9907678,0,0.9994654
30,2,7,1,0,1,1,40,0.0,0.0,0.77059424,0.0,0.8513597,0,0.86306804
29,2,6,0,0,1,0,55,0.0,0.0,0.97687644,0.0,0.96615404,0,0.9990752
69,1,3,4,1,1,0,20,0.0,0.0,0.9621282,0.0,0.94723386,0,0.9981382
31,0,6,1,4,1,0,40,1.0,0.0,0.86153054,0.0,0.93751377,0,0.9988018
29,2,0,3,5,1,0,40,0.0,0.0,0.96089184,0.0,0.9665182,0,0.99926776
35,2,1,3,4,1,0,45,0.0,0.0,0.9157408,0.0,0.8735045,0,0.9604657
21,2,3,3,0,1,1,40,0.0,0.0,0.9932849,0.0,0.97983325,0,0.9992518
54,2,7,1,0,1,1,50,0.0,1.0,0.4978068,0.0,0.578236,0,0.6334863
33,1,3,1,1,1,0,38,0.0,0.0,0.81752276,0.0,0.8806791,0,0.9044545
45,2,7,1,2,1,1,40,1.0,1.0,0.4076637,1.0,0.30058843,1,0.004963835
49,3,3,1,0,1,1,98,0.0,0.0,0.66568065,0.0,0.5938872,0,0.8451051
22,0,1,3,2,0,0,18,0.0,0.0,0.99472046,0.0,0.96292144,0,0.9996841
21,2,3,3,5,1,0,40,0.0,0.0,0.9930807,0.0,0.9802904,0,0.9993789
24,2,6,1,0,1,0,40,0.0,0.0,0.95151144,0.0,0.93760383,0,0.9988446
24,2,7,3,2,1,0,40,0.0,0.0,0.9818283,0.0,0.9932094,0,0.9995739
33,2,1,1,5,1,1,55,0.0,1.0,0.26888037,1.0,0.30057454,1,0.022213697
23,2,3,3,4,1,0,25,0.0,0.0,0.99782664,0.0,0.9795964,0,0.99925774
42,2,6,1,0,0,1,43,1.0,0.0,0.8530727,0.0,0.9410356,0,0.9987043
20,2,3,3,5,1,0,40,0.0,0.0,0.99481773,0.0,0.98027134,0,0.99937856
26,2,3,1,0,1,1,40,1.0,0.0,0.88386333,0.0,0.88206965,0,0.90813124
30,2,6,3,3,1,1,40,0.0,0.0,0.98601055,0.0,0.9788007,0,0.9992213
39,2,3,1,0,1,1,40,0.0,0.0,0.73760235,0.0,0.68282413,0,0.86681145
28,2,3,1,0,0,1,40,0.0,0.0,0.9162725,0.0,0.88115406,0,0.9083622
48,2,0,1,4,1,1,50,1.0,1.0,0.36551452,1.0,0.4857419,1,0.49695492
22,2,3,3,4,1,0,36,0.0,0.0,0.99753433,0.0,0.9795328,0,0.99925655
34,0,1,1,5,1,1,20,0.0,0.0,0.6405193,0.0,0.7284775,1,0.17496409
58,3,6,1,0,1,0,35,1.0,0.0,0.93487525,0.0,0.8795353,0,0.93257993
45,2,0,3,3,1,0,38,0.0,0.0,0.9512711,0.0,0.94474685,0,0.9989544
46,2,4,1,2,1,1,41,0.0,1.0,0.14690846,1.0,0.24515611,1,2.238421e-05
38,2,3,0,4,0,0,32,0.0,0.0,0.9888793,0.0,0.9767696,0,0.9990183
34,2,1,1,5,1,1,60,1.0,1.0,0.24634624,1.0,0.08212,1,4.3198375e-05
65,2,7,4,4,1,0,24,0.0,0.0,0.97329,0.0,0.9469574,0,0.9981425
48,2,3,1,0,1,1,70,0.0,0.0,0.61313176,0.0,0.5179814,0,0.70558107
44,2,1,1,5,1,1,45,1.0,1.0,0.20041895,1.0,0.22509634,1,1.0612925e-05
41,3,3,1,4,1,1,60,0.0,0.0,0.5933285,0.0,0.63690823,0,0.8558398
61,2,1,1,2,1,1,40,1.0,1.0,0.25397927,1.0,0.19167584,1,1.1239514e-05
44,2,7,1,3,1,1,60,1.0,1.0,0.37056053,1.0,0.24780083,1,9.792556e-06
74,3,3,4,4,1,1,20,0.0,0.0,0.95465016,0.0,0.9222963,0,0.99821293
41,2,6,1,0,1,1,40,0.0,0.0,0.8825624,0.0,0.9421095,0,0.9987828
35,2,5,1,2,1,1,50,1.0,1.0,0.060810566,1.0,0.2446177,1,0.0014801796
23,2,1,3,3,1,0,45,0.0,0.0,0.96393794,0.0,0.9890447,0,0.99919623
35,2,1,3,3,1,1,55,0.0,0.0,0.6486821,0.0,0.7451553,0,0.7495015
46,2,0,0,0,1,1,40,0.0,0.0,0.8956246,0.0,0.98105305,0,0.99894077
22,2,7,3,3,1,0,30,0.0,0.0,0.9984525,0.0,0.99094194,0,0.99946946
36,2,5,3,2,0,1,40,1.0,1.0,0.45566487,0.0,0.5928985,0,0.6537617
25,3,7,1,0,1,1,50,1.0,0.0,0.78628385,0.0,0.8133484,0,0.8633644
17,2,3,3,3,1,0,20,0.0,0.0,0.99999857,0.0,0.99107075,0,0.9994174
24,2,1,3,0,1,0,40,0.0,0.0,0.9818518,0.0,0.9799971,0,0.9993703
47,2,0,1,3,1,1,40,1.0,1.0,0.4820298,1.0,0.29363173,1,0.23794627
32,2,3,1,0,1,1,55,0.0,0.0,0.74609303,0.0,0.86044216,0,0.8632779
50,0,4,0,5,1,0,70,0.0,0.0,0.6937104,1.0,0.3275535,1,0.036340058
28,2,3,3,5,1,0,20,0.0,0.0,0.99028784,0.0,0.9907948,0,0.9993777
59,2,7,0,4,1,0,32,0.0,0.0,0.96852696,0.0,0.9532819,0,0.99533623
60,0,3,0,5,1,1,40,1.0,0.0,0.778241,0.0,0.93646806,0,0.99848855
68,3,3,1,3,1,1,40,0.0,0.0,0.5451719,0.0,0.5887848,0,0.8436623
35,2,0,0,5,1,0,40,0.0,0.0,0.8907059,0.0,0.9793003,0,0.99940026
28,2,6,3,0,1,1,50,0.0,0.0,0.9829144,0.0,0.9717412,0,0.99920386
30,1,3,1,1,0,1,40,0.0,0.0,0.89699906,0.0,0.94680196,0,0.994793
51,2,0,1,4,1,1,55,0.0,1.0,0.35538733,1.0,0.3793739,1,0.42886513
43,2,3,1,0,1,1,40,0.0,0.0,0.7095282,0.0,0.6369934,0,0.8558419
27,2,1,3,0,1,1,50,0.0,0.0,0.9173023,0.0,0.8902482,0,0.9956873
54,2,4,1,5,1,1,44,1.0,1.0,0.13296944,1.0,0.15409535,1,1.3230972e-05
33,2,6,1,0,1,1,33,0.0,0.0,0.9583096,0.0,0.96808326,0,0.99908257
38,2,1,0,2,0,0,45,1.0,0.0,0.75373256,0.0,0.74689615,0,0.99902296
26,2,0,3,4,0,0,15,0.0,0.0,0.99896157,0.0,0.98191124,0,0.99927837
22,2,7,3,3,0,1,20,0.0,0.0,0.9984786,0.0,0.9877564,0,0.9996749
78,1,6,1,1,1,1,40,0.0,0.0,0.8973582,0.0,0.8814988,0,0.8829925
35,2,7,1,5,1,1,40,1.0,1.0,0.49550128,1.0,0.2070157,1,0.15236142
63,2,6,1,4,0,0,40,0.0,0.0,0.9258436,0.0,0.8841948,0,0.88197666
46,0,7,3,5,0,0,40,0.0,0.0,0.92591643,0.0,0.89829934,0,0.9490466
22,2,3,3,0,0,1,40,0.0,0.0,0.994539,0.0,0.9799272,0,0.99925154
51,2,3,3,5,0,0,40,0.0,0.0,0.91251445,0.0,0.8452792,0,0.9843461
42,2,6,2,5,1,1,40,0.0,0.0,0.9850338,0.0,0.97873163,0,0.99922097
36,2,6,0,0,1,1,40,0.0,0.0,0.9852352,0.0,0.9795993,0,0.9992417
25,2,7,3,0,0,1,40,0.0,0.0,0.9875026,0.0,0.97923565,0,0.9992373
59,2,3,4,5,1,0,60,0.0,0.0,0.8188331,0.0,0.7268695,0,0.86960346
40,2,3,1,5,1,0,40,1.0,0.0,0.5447929,0.0,0.5114105,0,0.72706354
32,2,6,3,0,0,1,60,1.0,0.0,0.9824472,0.0,0.93125695,0,0.99916816
46,1,3,1,1,0,1,40,0.0,0.0,0.86804503,0.0,0.69566417,0,0.86697614
22,2,1,3,0,1,1,40,0.0,0.0,0.97871953,0.0,0.990934,0,0.9993771
31,2,3,1,5,1,0,40,1.0,0.0,0.65179944,0.0,0.5231795,0,0.8453641
40,2,0,0,5,0,0,32,0.0,0.0,0.93836105,0.0,0.98252296,0,0.999342
63,2,1,4,5,1,0,25,0.0,0.0,0.8225671,0.0,0.76595837,0,0.94453704
18,2,7,3,3,1,1,15,0.0,0.0,0.99961907,0.0,0.9911901,0,0.99965596
27,2,1,1,3,1,1,50,1.0,1.0,0.4220028,0.0,0.5141154,1,0.33028546
49,2,3,1,0,1,1,50,0.0,0.0,0.617641,0.0,0.6053438,0,0.8483554
47,2,0,0,3,0,0,25,0.0,0.0,0.982492,0.0,0.9495055,0,0.99905795
30,2,3,0,0,1,1,52,0.0,0.0,0.9474994,0.0,0.97426057,0,0.9991579
36,2,5,1,2,1,1,50,0.0,1.0,0.060709715,1.0,0.18967324,1,0.00051739917
19,2,3,3,3,1,0,30,0.0,0.0,0.99923,0.0,0.9908825,0,0.9993693
44,2,7,1,2,1,1,45,1.0,1.0,0.36298454,1.0,0.27257264,1,1.16689735e-05
61,1,1,1,1,1,1,15,1.0,0.0,0.7190983,0.0,0.7581961,0,0.8766436
40,2,2,1,2,0,1,45,1.0,1.0,0.17312092,1.0,0.1538164,1,9.470342e-05
22,2,7,3,4,1,1,40,0.0,0.0,0.99144137,0.0,0.9803464,0,0.99926084
38,3,3,1,5,1,1,50,0.0,1.0,0.4891525,0.0,0.5537261,0,0.7713919
37,2,3,2,5,1,1,40,0.0,0.0,0.94163054,0.0,0.97948855,0,0.99926025
50,2,1,1,0,1,1,40,0.0,1.0,0.4112516,0.0,0.50650954,1,0.4983557
42,2,3,1,0,1,1,45,1.0,0.0,0.684325,0.0,0.63690543,0,0.8558405
31,0,3,1,0,0,1,40,0.0,0.0,0.8248714,0.0,0.94077796,0,0.8805363
41,2,7,1,0,1,1,45,0.0,0.0,0.57250714,0.0,0.54434264,0,0.65251994
40,2,1,1,2,1,1,50,0.0,1.0,0.24130082,1.0,0.2686047,1,5.3731255e-05
28,2,3,1,0,1,0,40,0.0,0.0,0.88597167,0.0,0.90750676,0,0.9006202
55,2,2,1,5,1,1,80,1.0,1.0,0.10603356,1.0,0.1307162,1,1.4436358e-05
20,2,0,3,0,1,0,40,0.0,0.0,0.99341774,0.0,0.9771632,0,0.99921584
67,3,3,1,5,0,1,40,1.0,0.0,0.68213546,0.0,0.5753314,0,0.7323624
27,2,3,3,5,0,0,40,0.0,0.0,0.9840454,0.0,0.9794725,0,0.9993699
47,3,6,1,3,1,1,55,1.0,0.0,0.69226944,0.0,0.84408855,0,0.8872149
49,2,7,1,5,1,1,50,1.0,1.0,0.32065833,1.0,0.20050609,1,9.4193065e-06
26,0,1,3,2,1,1,40,0.0,0.0,0.9190362,0.0,0.93918586,0,0.999401
28,2,0,0,5,1,1,50,1.0,0.0,0.89326686,0.0,0.95812744,0,0.99857736
38,2,3,3,4,1,1,40,0.0,0.0,0.9484236,0.0,0.97871506,0,0.9992205
42,2,7,1,4,1,1,40,1.0,0.0,0.52012324,0.0,0.50284624,0,0.6596373
23,2,7,3,4,1,0,40,0.0,0.0,0.9952597,0.0,0.97768396,0,0.99925977
24,2,1,3,3,0,1,55,0.0,0.0,0.9293112,0.0,0.76109856,0,0.90108174
37,2,1,1,2,1,1,50,1.0,1.0,0.25731695,1.0,0.1625213,1,0.00034362727
22,1,7,3,1,1,0,40,0.0,0.0,0.9883874,0.0,0.98801714,0,0.9993437
31,0,1,1,4,1,1,97,1.0,1.0,0.32480603,1.0,0.18211001,1,1.4547514e-05
40,2,7,1,4,1,1,48,1.0,1.0,0.44248545,1.0,0.31795186,1,0.42639536
18,2,6,3,4,1,0,15,0.0,0.0,0.9999632,0.0,0.97988695,0,0.99925584
25,2,7,3,5,1,0,40,0.0,0.0,0.982718,0.0,0.95796573,0,0.9993704
34,2,1,1,5,0,1,45,1.0,1.0,0.31388474,1.0,0.29643422,1,0.019031929
31,0,6,1,4,1,0,40,0.0,0.0,0.86153054,0.0,0.93751377,0,0.9988018
37,2,0,0,0,0,1,48,0.0,0.0,0.92971486,0.0,0.97520393,0,0.9990305
23,1,0,1,1,1,1,40,0.0,0.0,0.7099527,0.0,0.93348396,0,0.93788487
38,2,3,1,0,1,1,40,0.0,0.0,0.74490047,0.0,0.7645339,0,0.8678929
38,2,3,2,4,0,0,32,0.0,0.0,0.99531054,0.0,0.9764613,0,0.9990465
44,3,5,1,2,1,1,60,1.0,1.0,0.073759615,1.0,0.15411341,1,0.00010256896
36,2,7,0,5,1,0,40,0.0,0.0,0.90601104,0.0,0.94807947,0,0.99937797
37,2,7,1,3,1,1,44,1.0,1.0,0.45243692,1.0,0.20413858,1,0.00065850565
31,2,0,1,0,0,1,50,1.0,0.0,0.69059485,0.0,0.76927036,0,0.86478
61,2,4,4,2,1,0,40,1.0,0.0,0.6349251,0.0,0.72715914,0,0.87193006
25,2,6,3,0,0,0,40,0.0,0.0,0.997631,0.0,0.9785632,0,0.9992204
37,2,7,0,4,1,0,40,0.0,0.0,0.9569221,0.0,0.97612673,0,0.99907386
61,2,6,4,0,1,0,40,0.0,0.0,0.9748032,0.0,0.9231715,0,0.9983494
27,2,1,3,2,1,0,48,0.0,0.0,0.89686084,0.0,0.80699706,0,0.8819252
32,2,7,0,5,1,0,50,1.0,0.0,0.88564,0.0,0.9277399,0,0.99765956
18,2,6,3,4,0,0,40,0.0,0.0,0.9997668,0.0,0.97871894,0,0.99922097
25,3,0,1,4,1,0,45,0.0,0.0,0.71668446,0.0,0.8219283,0,0.8738036
60,2,5,1,2,1,1,70,1.0,1.0,0.07144135,1.0,0.17799765,1,1.2040267e-05
21,2,3,3,0,1,1,40,0.0,0.0,0.9932849,0.0,0.97983325,0,0.9992518
30,1,1,1,1,1,0,4,0.0,0.0,0.89741325,0.0,0.95817435,0,0.99907047
25,2,3,1,5,1,1,40,0.0,0.0,0.7792776,0.0,0.85237116,0,0.8850523
43,0,7,0,5,1,1,40,0.0,0.0,0.8488942,0.0,0.9053959,0,0.9995763
45,3,1,1,2,1,1,40,1.0,1.0,0.32243776,1.0,0.2117415,1,6.508362e-06
45,2,3,3,0,1,1,40,0.0,0.0,0.8841222,0.0,0.97943527,0,0.99886096
44,0,7,0,5,1,1,60,1.0,0.0,0.78702796,0.0,0.65418684,0,0.7998261
18,2,6,3,0,1,1,40,0.0,0.0,0.9992394,0.0,0.97920537,0,0.99923575
49,2,5,1,2,1,1,60,1.0,1.0,0.062095344,1.0,0.101867795,1,1.9953533e-05
52,2,7,0,3,1,1,50,0.0,0.0,0.81006646,0.0,0.91765726,0,0.89319557
49,2,3,1,0,1,1,50,0.0,0.0,0.617641,0.0,0.6053438,0,0.8483554
30,2,1,0,3,1,1,40,1.0,0.0,0.8447531,0.0,0.953709,0,0.99969673
36,3,7,1,0,1,1,8,0.0,0.0,0.9401907,0.0,0.98896617,0,0.9982595
45,2,6,1,4,1,0,36,0.0,0.0,0.91908354,0.0,0.9372985,0,0.9983864
39,2,3,1,0,1,1,60,0.0,0.0,0.67680925,0.0,0.6367525,0,0.8559163
37,2,2,2,2,1,0,40,0.0,0.0,0.7875494,0.0,0.67368555,0,0.5707298
51,2,3,1,0,1,1,40,0.0,0.0,0.6537082,0.0,0.6369114,0,0.85584056
47,3,5,3,2,1,1,40,1.0,1.0,0.22065526,1.0,0.40169108,1,0.40202168
64,3,6,1,0,1,1,20,0.0,0.0,0.9643285,0.0,0.8957902,0,0.94613373
20,1,7,3,1,1,0,15,0.0,0.0,0.99846023,0.0,0.99079007,0,0.9993729
40,2,0,1,5,1,1,40,0.0,1.0,0.37294412,0.0,0.5243267,1,0.03472932
41,2,3,2,5,1,0,40,0.0,0.0,0.93229425,0.0,0.9363817,0,0.9989899
40,2,3,3,3,0,1,40,0.0,0.0,0.95340353,0.0,0.97891223,0,0.99922466
20,2,3,3,5,1,0,10,0.0,0.0,0.9987934,0.0,0.99090797,0,0.9993724
28,2,6,1,0,0,1,40,0.0,0.0,0.9338705,0.0,0.910563,0,0.9990381
56,0,3,1,0,1,1,40,0.0,0.0,0.619709,0.0,0.6372518,0,0.85601056
38,0,4,1,5,1,1,70,1.0,1.0,0.22448426,1.0,0.21614277,1,3.2411353e-05
42,2,4,1,2,1,1,40,1.0,1.0,0.16122115,1.0,0.1821351,1,0.00010707078
23,2,1,3,5,1,0,5,0.0,0.0,0.9977792,0.0,0.99023956,0,0.999632
51,3,6,1,4,1,1,99,0.0,0.0,0.8556521,0.0,0.62782776,0,0.85776633
25,2,7,1,3,1,1,43,0.0,0.0,0.74656886,0.0,0.73710144,0,0.77855575
41,2,7,3,0,0,1,40,0.0,0.0,0.9459995,0.0,0.97948337,0,0.99886864
34,2,7,3,0,1,1,40,1.0,0.0,0.94974834,0.0,0.9788229,0,0.9992212
18,2,3,3,5,1,0,20,0.0,0.0,0.9992417,0.0,0.99103814,0,0.9994079
42,2,7,1,2,1,1,32,1.0,0.0,0.51917446,1.0,0.41914284,1,0.045595262
49,0,1,1,5,1,1,40,1.0,1.0,0.23895258,1.0,0.20714176,1,1.0484871e-05
39,2,3,1,3,1,1,50,0.0,0.0,0.5398072,0.0,0.5330373,0,0.7376586
26,2,7,0,2,1,0,40,0.0,0.0,0.92908657,0.0,0.97879064,0,0.99953043
41,0,3,1,4,1,1,40,0.0,0.0,0.6020646,0.0,0.64000225,0,0.8569042
43,2,3,1,0,1,1,40,0.0,0.0,0.7095282,0.0,0.6369934,0,0.8558419
27,2,6,3,0,1,1,40,0.0,0.0,0.9921827,0.0,0.97897565,0,0.9992256
32,2,1,3,5,1,1,55,0.0,0.0,0.760473,0.0,0.7630917,0,0.76925117
46,2,2,1,2,1,1,60,1.0,1.0,0.11877018,1.0,0.10569948,1,1.6723066e-05
41,0,1,1,2,1,0,40,1.0,1.0,0.2930073,1.0,0.3813585,1,0.012617676
41,2,1,1,3,1,1,55,0.0,1.0,0.20210207,1.0,0.21344048,1,1.19931665e-05
19,2,3,3,2,1,1,40,0.0,0.0,0.99125504,0.0,0.9911685,0,0.9994357
70,2,1,4,0,0,1,32,0.0,0.0,0.87812304,0.0,0.9120338,0,0.99815863
53,1,6,1,1,1,0,40,0.0,0.0,0.8758246,0.0,0.8628416,0,0.9525992
39,2,7,0,5,0,0,40,0.0,0.0,0.93588364,0.0,0.9116899,0,0.9991881
45,0,3,2,4,0,0,40,0.0,0.0,0.96889096,0.0,0.9639292,0,0.9986713
27,2,6,1,0,1,1,24,0.0,0.0,0.98012143,0.0,0.97278494,0,0.9991905
60,2,3,2,3,1,0,32,0.0,0.0,0.9700572,0.0,0.9617673,0,0.9937676
25,2,7,3,5,1,1,46,0.0,0.0,0.95637625,0.0,0.973166,0,0.99873453
30,2,3,1,3,1,1,45,0.0,0.0,0.70771897,0.0,0.692525,0,0.8750529
20,2,6,3,0,1,1,40,0.0,0.0,0.99800235,0.0,0.9793184,0,0.99924076
49,2,7,1,5,1,0,40,0.0,1.0,0.40518516,1.0,0.24422312,1,0.3645586
46,0,1,1,2,0,1,40,1.0,1.0,0.44634342,1.0,0.21339452,1,1.8614875e-05
34,2,0,1,5,0,1,45,1.0,0.0,0.55654216,1.0,0.22465026,1,0.30914748
27,2,6,1,0,1,1,40,0.0,0.0,0.94022685,0.0,0.91036916,0,0.9990381
46,2,0,0,3,1,0,25,0.0,0.0,0.9687064,0.0,0.96194875,0,0.9991572
64,3,0,1,0,1,1,30,0.0,0.0,0.649364,0.0,0.76281625,0,0.87454677
33,1,3,0,1,0,0,41,0.0,0.0,0.96081436,0.0,0.9765379,0,0.9990361
31,2,1,3,5,1,0,60,1.0,0.0,0.8470552,0.0,0.7298075,0,0.8586904
58,2,3,4,5,1,0,40,0.0,0.0,0.8647544,0.0,0.86557436,0,0.9057715
42,2,7,1,2,1,0,50,1.0,1.0,0.31693196,1.0,0.29796416,1,0.32623038
39,2,0,1,4,1,1,40,0.0,1.0,0.4919268,0.0,0.5682226,0,0.8242815
40,1,3,0,1,1,1,25,0.0,0.0,0.94797915,0.0,0.9746894,0,0.99928564
21,2,3,3,0,1,1,40,0.0,0.0,0.9932849,0.0,0.97983325,0,0.9992518
31,3,1,1,5,1,1,50,1.0,1.0,0.2774055,1.0,0.33359414,1,0.042090528
39,2,1,1,2,1,1,40,1.0,1.0,0.29335117,1.0,0.18084383,1,0.00015505108
20,2,6,1,0,1,1,40,0.0,0.0,0.9807009,0.0,0.91256946,0,0.99906296
24,2,7,3,5,0,0,35,0.0,0.0,0.99433625,0.0,0.98200333,0,0.99952185
42,2,7,1,2,1,1,40,1.0,1.0,0.42319727,0.0,0.5280646,1,0.0027405133
27,2,0,1,4,1,1,40,0.0,0.0,0.76266325,0.0,0.73764527,0,0.8788472
30,2,1,3,5,0,0,52,0.0,0.0,0.929212,0.0,0.66261923,0,0.8635254
28,3,7,3,5,1,1,30,0.0,0.0,0.9870528,0.0,0.9907431,0,0.99965966
50,2,3,1,0,1,1,40,0.0,0.0,0.6611223,0.0,0.63691396,0,0.8558407
19,2,3,3,3,1,1,48,0.0,0.0,0.9932657,0.0,0.97756994,0,0.999278
20,2,7,3,4,1,1,60,0.0,0.0,0.9866844,0.0,0.9525055,0,0.99094546
46,2,7,0,5,1,0,70,0.0,0.0,0.8465885,0.0,0.6385042,0,0.8750612
47,3,6,1,3,1,1,50,0.0,0.0,0.70798165,0.0,0.90789723,0,0.97439665
24,2,3,3,0,1,1,42,0.0,0.0,0.9830904,0.0,0.97551495,0,0.99921155
17,2,6,3,4,1,0,20,0.0,0.0,0.9999998,0.0,0.9793518,0,0.99924386
36,0,5,0,2,0,0,40,0.0,0.0,0.5461496,0.0,0.67219186,0,0.9095179
18,2,3,3,4,1,0,30,0.0,0.0,0.99956506,0.0,0.97952443,0,0.9992568
42,2,0,3,5,1,0,40,0.0,0.0,0.8758101,0.0,0.87838817,0,0.995917
33,1,3,0,1,1,0,32,0.0,0.0,0.953543,0.0,0.9756643,0,0.99910873
41,2,7,2,0,1,1,35,0.0,0.0,0.98489255,0.0,0.9788264,0,0.9991881
45,2,4,1,5,0,1,40,1.0,1.0,0.20413458,1.0,0.24921441,1,2.114926e-05
38,2,3,1,0,1,1,40,0.0,0.0,0.74490047,0.0,0.7645339,0,0.8678929
39,2,4,3,4,1,0,32,0.0,0.0,0.93359107,0.0,0.9457212,0,0.99902844
33,2,7,3,0,0,1,40,0.0,0.0,0.97016037,0.0,0.9789367,0,0.99922454
28,2,0,1,0,1,1,40,0.0,0.0,0.72439253,0.0,0.8274108,0,0.87331164
58,0,3,1,4,1,1,40,0.0,0.0,0.57607126,0.0,0.5888849,0,0.8437058
32,2,0,1,2,1,1,45,1.0,1.0,0.4906388,1.0,0.4210531,1,0.49554437
47,2,7,1,5,1,0,50,0.0,1.0,0.3029164,1.0,0.23997974,1,0.3541134
45,0,0,1,0,1,1,40,0.0,0.0,0.62202036,0.0,0.5257245,0,0.7789373
52,1,0,1,1,1,1,50,1.0,1.0,0.41771412,1.0,0.49179548,1,0.4993061
40,2,3,1,0,1,1,40,1.0,0.0,0.7305065,0.0,0.63959724,0,0.8560644
60,1,3,1,1,1,1,40,0.0,0.0,0.6940881,0.0,0.6924051,0,0.86702067
33,3,7,1,2,1,0,60,1.0,1.0,0.49073935,1.0,0.29255944,1,0.3837698
43,0,5,1,2,1,1,70,1.0,1.0,0.08377737,1.0,0.12914461,1,5.596172e-05
45,3,6,1,0,1,1,70,0.0,0.0,0.8420899,0.0,0.9262113,0,0.88461363
27,2,6,3,4,1,0,24,0.0,0.0,0.99942404,0.0,0.97947735,0,0.9992441
44,2,1,3,2,1,0,45,0.0,0.0,0.68954813,0.0,0.837768,0,0.8545476
23,2,3,3,5,1,0,40,0.0,0.0,0.9891935,0.0,0.98019683,0,0.9993782
42,0,1,3,5,1,0,40,0.0,0.0,0.8600426,0.0,0.91914606,0,0.9370362
43,2,3,0,4,1,0,35,0.0,0.0,0.97937083,0.0,0.9772039,0,0.99900216
63,2,3,0,2,1,0,72,0.0,0.0,0.88154656,0.0,0.803622,0,0.8730523
34,3,1,0,0,1,1,50,0.0,0.0,0.87366974,0.0,0.9774262,0,0.9988494
17,2,6,3,4,1,0,40,0.0,0.0,0.9999991,0.0,0.97817296,0,0.9992193
36,2,3,1,0,1,1,85,0.0,0.0,0.68898106,0.0,0.7119924,0,0.83444285
24,2,3,2,3,1,0,48,0.0,0.0,0.99011743,0.0,0.97863895,0,0.9993106
49,0,0,0,5,0,0,44,0.0,0.0,0.9081592,0.0,0.9521186,0,0.99858224
41,2,1,3,5,1,1,40,0.0,0.0,0.6948253,0.0,0.69502425,0,0.8406445
58,2,1,0,3,1,1,50,0.0,0.0,0.62923276,0.0,0.81051385,0,0.85758907
36,2,0,3,4,1,1,45,0.0,0.0,0.9103242,0.0,0.93843246,0,0.9991574
24,2,3,2,4,1,0,50,1.0,0.0,0.99115485,0.0,0.9471649,0,0.9991672
23,0,7,3,5,1,0,20,0.0,0.0,0.997734,0.0,0.98928195,0,0.9996456
67,1,3,1,5,0,1,12,0.0,0.0,0.90939313,0.0,0.79870164,0,0.8763872
37,2,3,1,4,0,1,40,0.0,0.0,0.8667235,0.0,0.8668475,0,0.88460344
45,2,1,1,4,0,1,38,0.0,0.0,0.6164942,1.0,0.39008993,1,0.021391476
42,2,1,1,5,0,0,40,1.0,1.0,0.38336676,1.0,0.35792643,1,0.1949993
53,2,7,1,0,1,1,40,0.0,0.0,0.61102927,0.0,0.5561448,0,0.6497512
42,2,3,0,0,0,1,40,0.0,0.0,0.96899575,0.0,0.9766739,0,0.99905497
53,2,0,1,0,1,1,40,1.0,1.0,0.4332332,0.0,0.5909903,0,0.75427246
60,2,3,1,4,1,1,40,1.0,0.0,0.6567822,0.0,0.63688266,0,0.8558378
39,2,3,1,4,1,1,40,1.0,0.0,0.7015377,0.0,0.7012588,0,0.8671231
27,2,7,1,5,1,1,60,0.0,0.0,0.56280303,0.0,0.736881,0,0.5997674
65,1,1,1,1,1,1,40,0.0,0.0,0.50490344,0.0,0.523665,1,0.0010200309
29,2,3,1,0,1,1,40,0.0,0.0,0.84379673,0.0,0.8819859,0,0.9083108
59,0,7,3,5,0,0,40,0.0,0.0,0.8807912,0.0,0.5616417,0,0.8855741
28,2,7,0,4,0,1,24,0.0,0.0,0.9936897,0.0,0.99146974,0,0.9994764
35,0,1,1,2,0,1,40,0.0,1.0,0.45327568,1.0,0.39483154,1,0.00012407677
25,2,3,3,4,1,1,30,0.0,0.0,0.9938369,0.0,0.98090845,0,0.9992555
35,2,1,1,0,1,1,40,0.0,0.0,0.5104735,0.0,0.50224566,0,0.6603304
32,3,1,1,3,1,1,55,1.0,1.0,0.31883425,1.0,0.3083074,1,0.02577338
22,2,3,3,4,1,1,20,0.0,0.0,0.9975953,0.0,0.98193663,0,0.9992624
21,1,7,3,1,1,0,24,0.0,0.0,0.99680597,0.0,0.99089247,0,0.99936956
17,2,6,3,0,1,1,10,0.0,0.0,0.9999998,0.0,0.98864484,0,0.99935526
25,2,7,3,5,1,0,30,0.0,0.0,0.9937641,0.0,0.9793441,0,0.9995165
25,2,7,3,5,1,0,40,0.0,0.0,0.982718,0.0,0.95796573,0,0.9993704
19,2,3,1,0,1,1,25,0.0,0.0,0.9854018,0.0,0.9268119,0,0.9989936
39,2,2,0,2,1,0,80,0.0,1.0,0.47530663,1.0,0.40533626,1,5.2945384e-06
31,2,7,1,0,1,1,40,0.0,0.0,0.7526068,0.0,0.7851753,0,0.86136377
23,3,6,1,0,1,1,60,1.0,0.0,0.89588356,0.0,0.94314003,0,0.9987596
45,2,3,2,0,0,0,40,0.0,0.0,0.99124783,0.0,0.9786117,0,0.99866724
64,0,3,1,5,1,1,40,0.0,1.0,0.38591975,1.0,0.40157622,1,0.45398265
49,0,1,1,2,1,1,50,1.0,1.0,0.26356035,1.0,0.1443485,1,1.6737633e-05
44,3,1,0,5,1,0,40,0.0,0.0,0.7335082,0.0,0.87329376,0,0.9989644
60,3,7,1,5,1,1,40,0.0,1.0,0.41314507,1.0,0.46969467,1,0.0047600702
50,3,7,1,0,1,1,70,0.0,0.0,0.5755736,0.0,0.55519295,0,0.6468805
35,3,3,0,0,1,1,50,0.0,0.0,0.9430633,0.0,0.97637206,0,0.9990827
49,2,4,0,5,1,0,75,0.0,0.0,0.66296005,1.0,0.48399967,1,0.47758487
40,2,7,3,5,0,0,40,0.0,0.0,0.9530627,0.0,0.88010335,0,0.9975495
48,2,1,0,5,1,1,40,0.0,0.0,0.6843518,0.0,0.8219895,0,0.9993936
22,2,7,3,3,1,1,20,0.0,0.0,0.9970915,0.0,0.9877564,0,0.9996749
17,2,6,3,3,0,1,22,0.0,0.0,0.9999994,0.0,0.9904988,0,0.99936515
50,3,7,1,0,1,1,35,0.0,0.0,0.780926,0.0,0.79526097,0,0.86839247
32,2,1,1,3,0,1,40,0.0,0.0,0.5288594,1.0,0.4898048,1,0.09334998
36,2,4,1,2,1,1,50,1.0,1.0,0.15271115,1.0,0.15045422,1,0.00034728437
39,2,7,3,0,1,1,40,0.0,0.0,0.9266983,0.0,0.97863847,0,0.9992167
28,2,3,1,5,0,1,40,1.0,0.0,0.8218928,0.0,0.80313665,0,0.8829445
17,2,6,3,4,1,0,10,0.0,0.0,0.9999999,0.0,0.980142,0,0.99926144
50,0,1,1,5,1,1,40,0.0,1.0,0.23533165,1.0,0.20826787,1,1.0590236e-05
48,2,7,0,0,0,1,40,0.0,0.0,0.9467806,0.0,0.9427528,0,0.9983418
46,0,4,1,2,1,1,40,1.0,1.0,0.31830806,1.0,0.15478522,1,2.9559516e-05
33,1,0,1,1,1,0,50,1.0,1.0,0.40296,0.0,0.63369995,0,0.76414484
41,2,3,1,0,1,1,44,1.0,0.0,0.69417626,0.0,0.6369062,0,0.85584027
33,2,3,0,5,0,0,40,0.0,0.0,0.9474363,0.0,0.9787666,0,0.99922264
42,2,7,1,2,1,0,36,0.0,1.0,0.47572666,1.0,0.3799398,1,0.49296921
26,2,1,3,5,0,1,40,0.0,0.0,0.94279015,0.0,0.9334462,0,0.99923015
29,3,2,1,2,1,1,35,1.0,1.0,0.27379745,1.0,0.21014643,1,0.019063834
17,0,6,3,0,1,1,35,0.0,0.0,0.99999857,0.0,0.9852381,0,0.9993135
41,2,7,1,0,1,1,40,1.0,0.0,0.6554127,0.0,0.52641064,0,0.7762102
20,2,7,3,4,1,1,16,0.0,0.0,0.9990596,0.0,0.9895739,0,0.9993974
17,2,6,3,0,1,1,17,0.0,0.0,0.99999964,0.0,0.9857139,0,0.99933237
49,0,0,1,5,1,1,40,0.0,1.0,0.33808124,1.0,0.23743963,1,7.6843826e-05
40,2,3,1,0,1,1,40,0.0,0.0,0.7305065,0.0,0.63959724,0,0.8560644
46,2,4,1,2,1,1,46,1.0,1.0,0.14422762,1.0,0.24170178,1,2.1703234e-05
36,2,1,1,2,1,1,50,1.0,1.0,0.26297498,1.0,0.15084308,1,0.0004609158
20,2,0,3,4,1,0,20,0.0,0.0,0.99940157,0.0,0.99064744,0,0.99936646
41,2,6,1,0,1,1,40,1.0,0.0,0.8825624,0.0,0.9421095,0,0.9987828
47,0,2,1,2,1,1,40,1.0,1.0,0.22166878,1.0,0.18568969,1,0.00017207074
59,0,1,1,4,0,1,30,0.0,0.0,0.73100805,1.0,0.29623884,1,0.0072998083
54,3,7,1,3,1,1,40,0.0,1.0,0.41891354,1.0,0.37436956,1,0.11948738
23,2,6,1,0,1,1,25,0.0,0.0,0.98777044,0.0,0.97273815,0,0.9992016
33,2,3,1,0,1,1,40,0.0,0.0,0.7862269,0.0,0.8898081,0,0.9051291
39,2,0,0,5,1,0,40,0.0,0.0,0.86422193,0.0,0.9497837,0,0.99937135
37,3,7,1,5,1,1,50,1.0,1.0,0.42031616,1.0,0.37165207,1,0.0011751691
28,3,6,3,0,1,1,40,0.0,0.0,0.9958915,0.0,0.9821169,0,0.9992242
44,2,1,1,5,1,1,60,1.0,1.0,0.17885876,1.0,0.22748494,1,9.214959e-06
53,2,3,1,0,1,1,40,0.0,0.0,0.64141345,0.0,0.6369066,0,0.8558405
47,2,3,1,0,1,1,50,1.0,0.0,0.63242275,0.0,0.6335938,0,0.8554431
