age,workclass,education,marital_status,occupation,race,gender,hours_per_week,income,AL,AL_proba,AGbr,AGbr_proba,GL,GL_proba,GGbr,GGbr_proba,GD,GD_proba
27,2,7,0,5,1,0,44,0.0,0.0,0.94461715,0.0,0.9558286759475785,0.0,0.95466495,0.0,0.9699410371488052,0,0.99990785
27,2,1,3,2,1,0,40,0.0,0.0,0.90841115,0.0,0.9556590131425386,0.0,0.928011,0.0,0.9372348625646529,0,0.9998734
25,2,0,1,3,1,1,40,0.0,0.0,0.7070491,0.0,0.7670628651929939,0.0,0.6733216,0.0,0.6440673257910199,1,0.4131
46,2,6,1,0,0,1,40,0.0,0.0,0.9031644,0.0,0.86065181221261,0.0,0.88560295,0.0,0.8836029368911342,0,0.9823062
45,2,6,0,0,1,1,76,1.0,0.0,0.9500352,0.0,0.908180394438211,0.0,0.94922453,0.0,0.9353137321519372,0,0.99973315
29,2,1,1,2,1,1,75,0.0,1.0,0.25968862,1.0,0.30744729396829185,1.0,0.16422057,1.0,0.18496959070438568,1,5.3960827e-07
42,0,3,2,4,0,0,60,0.0,0.0,0.9013803,0.0,0.951307712849119,0.0,0.8617662,0.0,0.8649994603749398,0,0.9973586
34,2,7,0,5,1,0,50,0.0,0.0,0.9111762,0.0,0.947012967837151,0.0,0.9329507,0.0,0.958591550653886,0,0.9998803
60,0,0,0,2,1,1,40,1.0,0.0,0.7658827,0.0,0.6041386820043493,0.0,0.97142714,0.0,0.9491660013219678,0,0.99945086
19,2,7,3,5,1,0,40,0.0,0.0,0.98916256,0.0,0.9886839775798411,0.0,0.9887605,0.0,0.9822451591143219,0,0.9999181
21,2,0,3,5,1,0,8,0.0,0.0,0.99551916,0.0,0.9823513674989599,0.0,0.9958764,0.0,0.9852089956246377,0,0.99987733
31,2,4,3,2,1,0,46,0.0,0.0,0.75712484,0.0,0.8644891221526771,0.0,0.80260855,0.0,0.7798937812396566,1,0.37527022
53,2,4,1,5,1,1,45,1.0,1.0,0.10243583,1.0,0.10024258165521516,1.0,0.16352624,1.0,0.1891961395613636,1,4.7169684e-07
35,1,3,1,1,1,0,25,0.0,0.0,0.88231814,0.0,0.9012103752356428,0.0,0.9552229,0.0,0.8852941908451086,0,0.99845207
51,0,4,0,5,1,0,40,0.0,0.0,0.7517388,0.0,0.641506467861738,0.0,0.7000914,0.0,0.7787367348169956,0,0.85176516
31,0,1,0,4,1,1,50,1.0,0.0,0.7907175,0.0,0.8782518053011,0.0,0.8966369,0.0,0.8462952528712839,0,0.9998436
37,2,7,1,0,1,1,52,0.0,0.0,0.54172385,0.0,0.5570066470479662,0.0,0.5571643,0.0,0.5494164969838116,1,0.0714135
29,2,2,1,2,0,1,60,0.0,1.0,0.20636368,1.0,0.32704322211808246,1.0,0.14980239,1.0,0.196317560672427,1,4.472056e-07
68,1,3,1,1,1,1,15,0.0,0.0,0.7709513,0.0,0.8791914886341969,0.0,0.9054494,0.0,0.8636716850430605,0,0.9630524
24,2,3,1,0,1,1,40,0.0,0.0,0.87976366,0.0,0.9423561131619395,0.0,0.9008807,0.0,0.8899013461777947,0,0.98962384
46,2,6,2,0,1,0,40,0.0,0.0,0.9875917,0.0,0.9529659795440947,0.0,0.98843944,0.0,0.9871365148297145,0,0.9998109
53,2,7,1,0,0,1,40,1.0,0.0,0.6442187,0.0,0.6418686965471587,0.0,0.5109726,0.0,0.5309679499908395,1,0.04358893
54,2,7,1,2,1,1,40,1.0,1.0,0.3500108,1.0,0.2648189822890602,1.0,0.44065118,1.0,0.3776860033383498,1,1.0341862e-06
21,2,7,3,0,1,1,55,0.0,0.0,0.9764706,0.0,0.9645097215332594,0.0,0.9517585,0.0,0.9692341354505594,0,0.99977726
56,2,2,1,2,1,1,50,0.0,1.0,0.096811175,1.0,0.12643799055118765,1.0,0.12602454,1.0,0.12442482432608659,1,6.7054737e-07
35,3,5,1,2,1,1,65,1.0,1.0,0.1373837,1.0,0.14500615531260563,1.0,0.18525141,1.0,0.14684307903231986,1,6.5375787e-07
46,2,7,1,5,1,1,40,0.0,1.0,0.40826535,1.0,0.4622350731990118,0.0,0.5273862,1.0,0.41580916199247386,1,7.4113223e-06
36,3,7,0,3,1,0,35,0.0,0.0,0.9733277,0.0,0.954371520568556,0.0,0.9614195,0.0,0.969195036166044,0,0.99996924
20,2,7,3,0,1,0,40,0.0,0.0,0.99169225,0.0,0.9863696747648122,0.0,0.9936196,0.0,0.9894470222177112,0,0.99984217
29,2,3,3,0,1,1,40,0.0,0.0,0.98651737,0.0,0.9806113063845955,0.0,0.98855126,0.0,0.9894470222177112,0,0.999801
37,2,7,0,4,0,0,40,0.0,0.0,0.969659,0.0,0.9780143749067721,0.0,0.9881075,0.0,0.9854531904165189,0,0.9998185
17,2,6,3,0,1,1,16,0.0,0.0,0.99999446,0.0,0.9920508658277523,0.0,0.9960171,0.0,0.9894470222177112,0,0.9998473
32,2,3,0,0,1,0,38,0.0,0.0,0.98303264,0.0,0.982625806811943,0.0,0.98862255,0.0,0.9894470222177112,0,0.99980205
23,2,3,3,5,1,1,40,0.0,0.0,0.98393625,0.0,0.9863324772102614,0.0,0.98981935,0.0,0.9899697592334556,0,0.99983084
45,3,4,0,3,1,0,42,1.0,0.0,0.763826,0.0,0.7861577432059814,1.0,0.45393604,0.0,0.6476781146531745,1,0.10697196
26,2,3,3,0,1,1,40,0.0,0.0,0.98936623,0.0,0.9828675849173878,0.0,0.98849034,0.0,0.9894470222177112,0,0.99980074
31,2,3,0,4,1,0,99,1.0,0.0,0.8773128,0.0,0.9122541269796558,0.0,0.7601367,0.0,0.7130195163169272,0,0.70931786
79,2,7,1,2,1,1,20,0.0,1.0,0.397173,1.0,0.40166152602239147,0.0,0.58978,1.0,0.47575839779434803,1,1.7488974e-06
49,2,3,0,4,1,0,40,0.0,0.0,0.9538105,0.0,0.9525852294428004,0.0,0.9806747,0.0,0.9819824887897047,0,0.99977344
42,2,1,1,3,1,1,40,1.0,1.0,0.29826754,1.0,0.2872751259941543,1.0,0.4616148,1.0,0.36792829476773614,1,2.1664873e-06
67,2,4,1,3,1,1,30,1.0,1.0,0.20242631,1.0,0.37795877886280393,1.0,0.27073807,1.0,0.26380651665386445,1,5.080288e-07
35,2,2,1,5,1,1,45,1.0,1.0,0.1302777,1.0,0.1690181109647132,1.0,0.20311564,1.0,0.1796250779285402,1,5.14546e-07
44,2,1,0,5,1,1,50,1.0,0.0,0.55739135,1.0,0.39754637690044436,0.0,0.5542636,0.0,0.5378050607823348,1,0.03897982
31,2,3,1,0,1,1,40,0.0,0.0,0.8297204,0.0,0.8260061073058818,0.0,0.8615097,0.0,0.8514576748514968,0,0.9572957
37,0,1,0,2,1,0,55,0.0,0.0,0.7777168,0.0,0.8130629588204693,0.0,0.9276879,0.0,0.8829110511778941,0,0.8743125
22,0,0,3,5,1,1,40,0.0,0.0,0.9655797,0.0,0.9577075596952873,0.0,0.97376674,0.0,0.9777338484573963,0,0.9999777
34,2,7,1,0,1,1,40,0.0,0.0,0.7106384,0.0,0.7336674494282687,0.0,0.69349873,0.0,0.7301202781336622,0,0.73095447
45,2,3,0,0,1,1,40,0.0,0.0,0.9501229,0.0,0.9353442986767395,0.0,0.9764134,0.0,0.9680756794968552,0,0.99977785
51,2,3,1,0,0,1,40,0.0,0.0,0.77516353,0.0,0.7629594671366072,0.0,0.64312047,0.0,0.6802250298160285,1,0.3973566
28,2,6,1,5,1,0,40,0.0,0.0,0.90943485,0.0,0.9171337786596333,0.0,0.855444,0.0,0.8928024775321063,0,0.9937012
38,2,0,0,5,0,0,40,0.0,0.0,0.93463856,0.0,0.9513835194920531,0.0,0.93791133,0.0,0.9616298239367893,0,0.99976736
40,2,6,0,0,1,0,40,0.0,0.0,0.99075896,0.0,0.969819984938962,0.0,0.98522633,0.0,0.9810567097828234,0,0.99981564
50,2,7,1,4,1,1,60,1.0,1.0,0.36682165,1.0,0.35833484736703813,1.0,0.32708567,1.0,0.4301188599378811,1,5.0746432e-05
33,2,6,0,0,1,1,40,0.0,0.0,0.98720306,0.0,0.9655577742763785,0.0,0.98620296,0.0,0.9810567097828234,0,0.9998209
49,2,1,1,5,1,1,40,0.0,1.0,0.21350622,1.0,0.19085537108950434,1.0,0.19916564,1.0,0.24816688393749908,1,5.078437e-07
44,2,0,0,0,1,0,45,0.0,0.0,0.917401,0.0,0.895899259323777,0.0,0.91480535,0.0,0.9126000809690485,0,0.99963903
23,2,3,1,4,1,1,50,0.0,0.0,0.7920158,0.0,0.8126458986134895,0.0,0.7787973,0.0,0.7814843169017028,0,0.8005331
20,2,3,3,0,1,1,40,0.0,0.0,0.99500275,0.0,0.9839535596896772,0.0,0.98805225,0.0,0.9894470222177112,0,0.9997993
32,2,3,1,4,1,0,20,0.0,0.0,0.92718667,0.0,0.8903181364036001,0.0,0.96821237,0.0,0.9302389932316915,0,0.99455726
64,2,6,0,4,1,0,12,0.0,0.0,0.993202,0.0,0.9733131103187654,0.0,0.9935707,0.0,0.9899153546152761,0,0.99981695
28,2,1,1,2,1,1,40,0.0,1.0,0.37389487,1.0,0.40558515917745985,1.0,0.4345292,1.0,0.42912908672360317,1,2.2169481e-06
47,0,6,1,0,1,1,40,0.0,0.0,0.88943,0.0,0.8819239564945176,0.0,0.8413443,0.0,0.889307157388749,0,0.9973418
37,2,7,0,5,1,0,40,0.0,0.0,0.9409825,0.0,0.9633951012301842,0.0,0.97506183,0.0,0.9748208407418906,0,0.99993944
47,3,3,1,0,1,1,48,0.0,0.0,0.6891577,0.0,0.622163715450252,0.0,0.6943656,0.0,0.6876510263550797,1,0.31965786
59,1,6,0,1,1,0,40,0.0,0.0,0.982654,0.0,0.960499410822486,0.0,0.9837248,0.0,0.9738240412643921,0,0.99997044
22,2,7,3,2,1,0,20,0.0,0.0,0.99081933,0.0,0.9883846231932064,0.0,0.91771364,0.0,0.9693438363382854,0,0.9998932
47,2,6,1,0,1,1,40,1.0,0.0,0.87773407,0.0,0.8851238936130637,0.0,0.8787829,0.0,0.8741853458116003,0,0.9798489
26,2,0,3,4,1,1,40,0.0,0.0,0.9771459,0.0,0.9795253170290762,0.0,0.9895681,0.0,0.9855313156610583,0,0.9998185
44,2,0,1,2,1,1,50,1.0,1.0,0.2850514,1.0,0.2823721287095454,1.0,0.4229219,1.0,0.3775979008673147,1,1.0679585e-06
33,2,3,3,0,1,0,40,0.0,0.0,0.9851368,0.0,0.9832470837809065,0.0,0.98846805,0.0,0.9894470222177112,0,0.99980086
46,2,7,0,5,1,0,40,0.0,0.0,0.9219672,0.0,0.9670093986836856,0.0,0.94635856,0.0,0.9687283446428148,0,0.9999453
50,2,1,1,0,1,1,40,0.0,1.0,0.37922364,1.0,0.4094698850401902,1.0,0.4162252,1.0,0.4612109306612001,1,5.625922e-05
44,2,5,1,2,1,1,50,1.0,1.0,0.1027295,1.0,0.14225833852937542,1.0,0.18442011,1.0,0.19459774223679627,1,4.962177e-07
21,2,3,3,0,1,1,40,0.0,0.0,0.9940467,0.0,0.9839535596896772,0.0,0.98820007,0.0,0.9894470222177112,0,0.9997998
33,2,7,0,0,1,1,40,0.0,0.0,0.9483316,0.0,0.9519724125668076,0.0,0.986256,0.0,0.9810567097828234,0,0.99981576
28,2,7,3,0,1,1,50,0.0,0.0,0.9583445,0.0,0.9617122235179296,0.0,0.9391058,0.0,0.9692341354505594,0,0.9997812
29,2,1,1,5,1,1,50,1.0,1.0,0.27397114,1.0,0.2777991204879524,1.0,0.17070258,1.0,0.20861537804017338,1,4.7681576e-07
41,0,3,1,0,0,1,40,0.0,0.0,0.75247943,0.0,0.8089467354013941,0.0,0.72719383,0.0,0.7092627686365778,0,0.52681595
19,2,6,3,4,1,0,40,0.0,0.0,0.998809,0.0,0.9887654399297013,0.0,0.99632055,0.0,0.9894470222177112,0,0.99982566
62,2,1,1,3,1,1,20,1.0,1.0,0.3338052,1.0,0.43092594854175126,1.0,0.47826284,1.0,0.40091453661640675,1,9.178755e-07
50,2,3,1,0,1,1,45,1.0,0.0,0.6226114,0.0,0.5284051385909796,0.0,0.62648183,0.0,0.6307793578535944,1,0.19767305
21,0,7,3,4,1,1,40,0.0,0.0,0.9859944,0.0,0.9828571126891176,0.0,0.93917793,0.0,0.9771143988485999,0,0.99998593
60,2,3,1,3,1,1,40,1.0,1.0,0.45880508,0.0,0.6336928232375562,0.0,0.56994224,0.0,0.5494164969838116,1,0.032105256
30,2,7,1,0,1,1,40,0.0,0.0,0.7494171,0.0,0.7830580780233696,0.0,0.74758196,0.0,0.7617795959830724,0,0.8263304
47,2,3,1,3,1,1,50,1.0,1.0,0.4244097,1.0,0.44821114354993064,0.0,0.63878095,0.0,0.5573201430006325,1,0.026953755
52,0,1,4,5,1,0,55,0.0,0.0,0.76189923,0.0,0.7692249582826394,0.0,0.5371295,0.0,0.5133412087646236,1,0.0011873376
36,2,5,3,5,1,1,50,1.0,0.0,0.53652287,0.0,0.6418666103634105,0.0,0.58724374,0.0,0.5736060956778821,1,0.0004250748
67,1,6,4,1,0,0,40,0.0,0.0,0.9833469,0.0,0.9599509620003696,0.0,0.9877762,0.0,0.973383434522816,0,0.99997115
25,2,1,1,5,1,1,40,1.0,1.0,0.4491369,0.0,0.5389598001928455,1.0,0.34649003,1.0,0.39873330663206175,1,9.196944e-06
22,2,6,2,4,1,0,35,0.0,0.0,0.997948,0.0,0.9875028022450208,0.0,0.9966869,0.0,0.9894470222177112,0,0.99982125
49,2,6,2,0,1,1,38,0.0,0.0,0.98729837,0.0,0.9571659563243873,0.0,0.994209,0.0,0.9887805545873848,0,0.99981123
38,2,4,1,0,0,1,40,1.0,1.0,0.4480511,0.0,0.6976371766769649,1.0,0.43435526,0.0,0.5204808450377907,1,0.0026652934
54,3,3,1,3,0,1,40,0.0,0.0,0.6588179,0.0,0.658592655638321,0.0,0.6821405,0.0,0.6032148183164494,1,0.06654666
63,2,1,1,5,1,1,40,0.0,1.0,0.16492784,1.0,0.2648331410920203,1.0,0.22499573,1.0,0.22578763585622563,1,5.431252e-07
67,1,6,4,1,1,0,35,0.0,0.0,0.9855317,0.0,0.9633613688095315,0.0,0.992922,0.0,0.9748607534223949,0,0.9999821
22,2,7,3,0,1,1,35,0.0,0.0,0.99516416,0.0,0.9890122424064035,0.0,0.99635935,0.0,0.9899697592334556,0,0.9998534
39,0,1,3,5,1,1,45,0.0,0.0,0.78034306,0.0,0.8569192616438158,0.0,0.80248785,0.0,0.8738821748571032,0,0.86863077
31,2,1,1,3,1,1,60,0.0,1.0,0.27986908,1.0,0.2352410101969944,1.0,0.21459138,1.0,0.24187151273433316,1,4.964719e-07
57,2,7,1,0,1,1,40,1.0,0.0,0.55298984,0.0,0.5443272603203131,0.0,0.51531154,0.0,0.5309679499908395,1,0.028674228
22,2,1,3,2,1,1,40,0.0,0.0,0.9276708,0.0,0.9375323443806655,0.0,0.9293673,0.0,0.937116948877734,0,0.9997687
42,2,0,1,5,1,1,40,1.0,1.0,0.4129578,1.0,0.43007226354642303,0.0,0.55611956,1.0,0.48897694679647896,1,0.00017899895
19,2,3,3,4,1,0,20,0.0,0.0,0.99851316,0.0,0.9899652668436111,0.0,0.99246734,0.0,0.9899697592334556,0,0.99982554
17,0,6,3,4,1,1,30,0.0,0.0,0.9999741,0.0,0.9910908268268223,0.0,0.99494004,0.0,0.9831503263744232,0,0.9999187
28,3,7,1,0,1,1,55,0.0,0.0,0.68628365,0.0,0.7111919442657827,0.0,0.6123426,0.0,0.6276184988972298,1,0.29385847
46,0,3,0,2,1,0,40,0.0,0.0,0.91160154,0.0,0.9226081976682393,0.0,0.9911501,0.0,0.9775126512502512,0,0.9999906
45,2,7,0,0,1,1,56,1.0,0.0,0.8499255,0.0,0.8147011438760385,0.0,0.95638597,0.0,0.8977641596694296,0,0.9997669
20,2,7,2,3,0,0,40,0.0,0.0,0.98266906,0.0,0.9814306426041781,0.0,0.9876575,0.0,0.9819824887897047,0,0.9998062
32,2,3,3,4,0,0,40,0.0,0.0,0.98858124,0.0,0.9878820865868791,0.0,0.9893,0.0,0.985643797636976,0,0.99981123
67,2,3,4,5,1,0,16,1.0,0.0,0.9495418,0.0,0.9464590216806148,0.0,0.9750825,0.0,0.9742586543026561,0,0.9997634
52,2,3,1,0,0,1,40,1.0,0.0,0.7705457,0.0,0.7629594671366072,0.0,0.6340608,0.0,0.6758317012010681,1,0.32667392
35,2,3,1,3,1,1,44,0.0,0.0,0.61086786,0.0,0.556698358303644,0.0,0.6401298,0.0,0.6405991659943102,1,0.24084838
43,2,3,0,5,1,0,58,0.0,0.0,0.89147115,0.0,0.9451464640850092,0.0,0.89237636,0.0,0.8995558928640823,0,0.9985728
29,2,0,3,0,1,1,40,0.0,0.0,0.9622814,0.0,0.9628983588591097,0.0,0.9831961,0.0,0.9656893005661829,0,0.9998067
42,2,7,1,2,1,1,40,1.0,1.0,0.42892122,1.0,0.408234780933882,1.0,0.32332486,1.0,0.3449538038742237,1,1.1757926e-05
68,1,3,4,1,1,1,32,0.0,0.0,0.9594946,0.0,0.9436064062942444,0.0,0.96887845,0.0,0.955865936193944,0,0.99970394
29,2,3,2,4,0,0,30,0.0,0.0,0.98420876,0.0,0.9880153707249815,0.0,0.9867354,0.0,0.9755419636485154,0,0.99979943
40,2,7,0,5,1,1,40,0.0,0.0,0.87443525,0.0,0.8887877702505416,0.0,0.9705449,0.0,0.9748208407418906,0,0.9999411
30,2,1,1,3,1,1,20,0.0,0.0,0.63986945,0.0,0.6702045742084676,0.0,0.7189701,0.0,0.5752119122911001,1,0.122812025
61,3,7,1,5,1,1,50,1.0,1.0,0.30370224,1.0,0.3165794235849363,1.0,0.24382913,1.0,0.2255213637840061,1,8.951477e-07
46,2,7,1,0,0,1,40,0.0,0.0,0.68597406,0.0,0.6604881244718539,0.0,0.60920346,0.0,0.6342640684749676,1,0.21110936
51,2,3,1,0,1,1,40,0.0,0.0,0.70439434,0.0,0.6563174083121924,0.0,0.64312047,0.0,0.6802250298160285,1,0.3973566
42,2,1,1,5,1,1,40,1.0,1.0,0.25774908,1.0,0.19296494848668921,1.0,0.16101694,1.0,0.20861537804017338,1,4.6556158e-07
25,2,6,3,0,0,1,40,0.0,0.0,0.99667865,0.0,0.9795554548117023,0.0,0.99247444,0.0,0.9894470222177112,0,0.9998373
49,2,1,1,3,1,1,50,1.0,1.0,0.19853354,1.0,0.2236779633887076,1.0,0.22376484,1.0,0.2609246918618229,1,4.9436323e-07
58,2,6,1,0,1,1,40,1.0,0.0,0.85441834,0.0,0.8887646833083136,0.0,0.86133754,0.0,0.8602185813859967,0,0.95949
56,3,1,1,3,1,1,50,1.0,1.0,0.2353946,1.0,0.3308876482244376,1.0,0.23665434,1.0,0.2890229331553489,1,5.37254e-07
51,3,1,0,0,1,1,50,0.0,0.0,0.75140786,0.0,0.6583339393554251,0.0,0.92166936,0.0,0.82255898906506,0,0.99032277
66,1,6,3,1,1,1,30,0.0,0.0,0.9899082,0.0,0.9548229989529811,0.0,0.9911449,0.0,0.9791331111871493,0,0.99998283
38,2,3,1,3,1,1,55,1.0,1.0,0.4806162,0.0,0.5137225581380316,1.0,0.48621666,0.0,0.5494164969838116,1,0.054449107
53,3,7,4,3,1,0,60,0.0,0.0,0.8711236,0.0,0.743083335980653,0.0,0.66161966,0.0,0.818512219365596,0,0.98860615
17,2,6,3,4,1,0,30,0.0,0.0,0.9999813,0.0,0.9895623665544684,0.0,0.99571663,0.0,0.9894470222177112,0,0.99983
28,0,0,1,5,1,1,60,0.0,1.0,0.42601252,1.0,0.381673817818564,0.0,0.749658,1.0,0.4509871659331822,1,3.6198326e-05
37,3,5,1,2,1,1,50,1.0,1.0,0.14742154,1.0,0.12141322939635735,1.0,0.19188213,1.0,0.1524789880057834,1,6.0653196e-07
29,2,3,1,0,1,1,40,0.0,0.0,0.8429209,0.0,0.8530644548181698,0.0,0.8668237,0.0,0.8700664057474417,0,0.9651129
57,2,0,4,2,1,0,40,0.0,0.0,0.8087058,0.0,0.8934016118336746,0.0,0.9603371,0.0,0.9233212026981162,0,0.99983764
27,0,4,3,2,1,0,40,0.0,0.0,0.88192934,0.0,0.8900450844097229,0.0,0.8641452,0.0,0.9387521307494047,0,0.9992073
28,2,3,1,0,1,1,40,0.0,0.0,0.84946835,0.0,0.8915321525045957,0.0,0.8635098,0.0,0.8737517909641446,0,0.97557324
31,2,6,3,4,1,1,40,0.0,0.0,0.99588764,0.0,0.987975139750164,0.0,0.9967156,0.0,0.9894470222177112,0,0.999819
37,2,7,1,0,0,1,40,0.0,0.0,0.7448877,0.0,0.7198150747187128,0.0,0.70754004,0.0,0.6749041830305667,0,0.584974
39,2,3,0,5,1,0,40,0.0,0.0,0.9476942,0.0,0.9705967843936908,0.0,0.94213766,0.0,0.9548790638767506,0,0.9996815
34,3,0,1,0,1,1,45,0.0,0.0,0.64032996,0.0,0.7668017188917725,0.0,0.618806,0.0,0.6133429734334821,1,0.22709122
32,2,0,1,4,1,1,40,0.0,0.0,0.67766166,0.0,0.6929666063510604,0.0,0.6289432,0.0,0.6513853538817844,1,0.45801297
59,3,4,1,5,1,1,80,1.0,1.0,0.12781537,1.0,0.16052766526376894,1.0,0.20624179,1.0,0.22712215116662227,1,7.068005e-07
42,2,3,1,0,1,1,40,0.0,0.0,0.7583478,0.0,0.6982123750476055,0.0,0.7354886,0.0,0.7492192642783739,0,0.77361405
47,0,2,0,2,1,1,50,1.0,1.0,0.45871598,1.0,0.32896531122600614,1.0,0.3798828,1.0,0.3120104611836222,1,0.00022000329
26,0,1,3,2,0,0,35,0.0,0.0,0.9603445,0.0,0.9506955790397277,0.0,0.8836787,0.0,0.9514100863542931,0,0.9999963
39,2,3,3,3,0,0,40,0.0,0.0,0.98649335,0.0,0.9867896899696782,0.0,0.9857555,0.0,0.9894470222177112,0,0.9997931
37,2,3,3,4,1,0,35,1.0,0.0,0.99155533,0.0,0.9890061827966996,0.0,0.99229145,0.0,0.989972401351476,0,0.9998203
33,2,4,1,4,1,1,15,0.0,0.0,0.58973074,0.0,0.7241708097715698,0.0,0.70192945,0.0,0.6498528945641144,1,0.22533184
45,2,7,1,0,1,1,40,1.0,0.0,0.6223489,0.0,0.6151284267507521,0.0,0.6087073,0.0,0.6342640684749676,1,0.22143923
62,1,3,1,1,1,1,18,0.0,0.0,0.78326917,0.0,0.8628819220773594,0.0,0.90826994,0.0,0.8636716850430605,0,0.96642816
58,0,6,1,0,1,1,40,0.0,0.0,0.870782,0.0,0.8983305820361368,0.0,0.8474397,0.0,0.8683791790066716,0,0.992547
50,3,3,1,5,1,1,32,0.0,0.0,0.6608676,0.0,0.5448062084207781,0.0,0.66619086,0.0,0.6236624557708759,1,0.14587188
26,2,1,3,3,0,1,20,0.0,0.0,0.9833519,0.0,0.9655358523670992,0.0,0.9919916,0.0,0.9899697592334556,0,0.999819
41,0,3,1,0,1,1,40,1.0,0.0,0.69778323,0.0,0.6893246817965386,0.0,0.72719383,0.0,0.7092627686365778,0,0.52681595
36,2,7,3,4,0,0,40,0.0,0.0,0.98015666,0.0,0.9893423467705158,0.0,0.984111,0.0,0.9854531904165189,0,0.9997702
47,1,3,2,1,0,0,32,0.0,0.0,0.97794336,0.0,0.975119585154658,0.0,0.9744367,0.0,0.9714561068444997,0,0.9999212
48,0,1,0,2,1,0,60,0.0,0.0,0.75085723,0.0,0.7780365068917856,0.0,0.85082585,1.0,0.4480194261409066,1,0.0006363816
63,3,3,1,0,1,1,45,0.0,0.0,0.64213485,0.0,0.7158113193058447,0.0,0.64392185,0.0,0.6032148183164494,1,0.050143726
31,2,6,3,4,1,0,20,0.0,0.0,0.99873894,0.0,0.9879196236221772,0.0,0.9958908,0.0,0.9899697592334556,0,0.9998288
23,2,7,3,5,1,1,20,0.0,0.0,0.99271065,0.0,0.988503561074891,0.0,0.98447365,0.0,0.9838241508629151,0,0.99992824
36,2,6,1,0,1,1,40,0.0,0.0,0.90928054,0.0,0.91453698579652,0.0,0.92206407,0.0,0.910074763532419,0,0.9951056
27,2,3,3,0,0,1,40,0.0,0.0,0.9894729,0.0,0.9806113063845955,0.0,0.9885181,0.0,0.9894470222177112,0,0.99980086
24,2,3,3,4,1,1,35,0.0,0.0,0.9955941,0.0,0.9881389387329687,0.0,0.99158204,0.0,0.989972401351476,0,0.9998233
41,3,3,1,3,1,0,40,0.0,0.0,0.8093554,0.0,0.824215120483455,0.0,0.68022686,0.0,0.688730893433606,1,0.38736576
25,2,3,3,0,1,0,40,0.0,0.0,0.9909082,0.0,0.985558804944211,0.0,0.9884554,0.0,0.9894470222177112,0,0.9998006
55,2,3,1,0,1,1,40,1.0,0.0,0.6852242,0.0,0.5709717032830698,0.0,0.62329614,0.0,0.6350077258889693,1,0.26551345
51,2,4,1,5,1,1,50,1.0,1.0,0.09676939,1.0,0.0878186101458387,1.0,0.16838044,1.0,0.18525896964039923,1,4.7516977e-07
20,2,7,3,2,1,0,40,0.0,0.0,0.9838452,0.0,0.9787400188226495,0.0,0.960842,0.0,0.976598331993019,0,0.9998982
19,2,3,3,4,1,0,40,0.0,0.0,0.99542755,0.0,0.9895928986774607,0.0,0.987575,0.0,0.9894470222177112,0,0.9998159
42,3,3,0,0,1,1,40,0.0,0.0,0.96035135,0.0,0.9196682825819904,0.0,0.9192637,0.0,0.9294568724468284,0,0.9996189
36,2,1,3,5,0,0,40,0.0,0.0,0.90052927,0.0,0.9100731470070219,0.0,0.9087979,0.0,0.8783411394564684,0,0.99968135
46,2,3,1,4,1,1,50,0.0,0.0,0.57073927,0.0,0.6720293963003449,0.0,0.66095376,0.0,0.6307551497623776,1,0.18009993
19,1,3,3,1,1,1,30,0.0,0.0,0.99801123,0.0,0.9889040031318886,0.0,0.9898499,0.0,0.9790835825040142,0,0.99998844
22,2,7,3,4,0,0,32,0.0,0.0,0.9957079,0.0,0.9905940048705433,0.0,0.99147415,0.0,0.9899153546152761,0,0.99982786
33,0,3,0,5,1,0,40,0.0,0.0,0.95758253,0.0,0.9694916127160045,0.0,0.95127416,0.0,0.9652489554778859,0,0.99994874
20,2,3,3,0,1,1,40,0.0,0.0,0.99500275,0.0,0.9839535596896772,0.0,0.98805225,0.0,0.9894470222177112,0,0.9997993
44,2,7,1,5,1,0,45,1.0,1.0,0.47248888,1.0,0.4306224051469315,1.0,0.31951463,1.0,0.3748377035699444,1,9.114589e-07
39,2,1,3,5,0,0,35,0.0,0.0,0.9294206,0.0,0.9220519738379649,0.0,0.9547608,0.0,0.9584849662702408,0,0.99983156
62,2,0,0,4,1,1,40,0.0,0.0,0.8473408,0.0,0.8904045004772863,0.0,0.9690521,0.0,0.9683915817360849,0,0.9987406
55,2,1,1,5,1,1,42,1.0,1.0,0.14977157,1.0,0.13417190694911285,1.0,0.23188716,1.0,0.17734971812946598,1,5.5247165e-07
24,1,1,3,1,1,1,40,0.0,0.0,0.97419417,0.0,0.9732475096522364,0.0,0.89442456,0.0,0.961622139369519,0,0.9996809
34,2,6,3,4,0,1,40,0.0,0.0,0.9956901,0.0,0.983461969893458,0.0,0.99663335,0.0,0.9894470222177112,0,0.99981874
38,3,4,1,2,0,1,60,1.0,1.0,0.2744766,1.0,0.35885444004990363,1.0,0.2409901,1.0,0.24855793077468713,1,5.8083805e-07
51,2,6,1,0,1,1,40,0.0,0.0,0.86781895,0.0,0.8922624294299901,0.0,0.8527765,0.0,0.8741853458116003,0,0.9702424
42,2,4,3,5,1,1,45,1.0,0.0,0.5943911,0.0,0.5487475583739869,0.0,0.6118952,0.0,0.5597126780475845,1,0.02062684
17,1,6,3,1,0,1,20,0.0,0.0,0.9999899,0.0,0.9911321065214295,0.0,0.96928847,0.0,0.9765910865511349,0,0.99999297
26,1,1,3,1,1,0,80,0.0,0.0,0.9411931,0.0,0.9434500784277734,0.0,0.861714,0.0,0.9012782653540367,0,0.9201328
31,3,6,1,0,1,1,40,0.0,0.0,0.9384375,0.0,0.8797185901112544,0.0,0.8976033,0.0,0.9064350227207163,0,0.9950689
52,2,0,0,4,1,0,40,0.0,0.0,0.93754023,0.0,0.9381585771592242,0.0,0.96315575,0.0,0.9751884553230167,0,0.99965453
53,2,4,1,5,1,1,55,1.0,1.0,0.086551845,1.0,0.08768092644554859,1.0,0.18751657,1.0,0.15454031102952925,1,4.934509e-07
29,2,1,1,3,1,1,40,1.0,1.0,0.4522224,1.0,0.36147504518739226,1.0,0.48371434,1.0,0.3942373707509389,1,0.00056534976
67,1,3,4,1,1,0,8,0.0,0.0,0.9811232,0.0,0.9649232549025204,0.0,0.9871774,0.0,0.9745273877641485,0,0.99996877
20,3,3,0,3,1,0,30,0.0,0.0,0.9929839,0.0,0.9261287347356855,0.0,0.9770795,0.0,0.9680756794968552,0,0.99977666
31,2,3,3,0,1,1,40,1.0,0.0,0.98472035,0.0,0.9806113063845955,0.0,0.988542,0.0,0.9894470222177112,0,0.999801
31,2,7,3,5,0,0,35,0.0,0.0,0.9845962,0.0,0.9902440473015862,0.0,0.97542745,0.0,0.9779150750591122,0,0.99995303
42,0,7,1,5,1,0,40,0.0,0.0,0.6084447,0.0,0.5691784485232707,1.0,0.4465363,1.0,0.4401031072772271,1,0.002912739
23,2,0,1,0,1,0,30,0.0,0.0,0.8550348,0.0,0.8666007000240405,0.0,0.87164134,0.0,0.8824963146513616,0,0.9804851
24,2,7,3,3,1,1,20,0.0,0.0,0.9956778,0.0,0.9835911320165287,0.0,0.99324864,0.0,0.9899697592334556,0,0.9998528
18,0,3,3,4,1,1,60,0.0,0.0,0.9830043,0.0,0.965808974109954,0.0,0.9085556,0.0,0.9444229099792565,0,0.99963224
23,2,3,3,0,1,1,40,0.0,0.0,0.9921758,0.0,0.9833924674745405,0.0,0.988359,0.0,0.9894470222177112,0,0.99980026
57,0,2,0,2,1,1,60,1.0,1.0,0.3941542,1.0,0.3897445114757848,1.0,0.34120238,0.0,0.5087354332318353,1,0.000102026876
34,2,2,1,2,1,1,60,1.0,1.0,0.13713509,1.0,0.23995006802348007,1.0,0.18069369,1.0,0.19633506539766643,1,4.298069e-07
44,2,7,1,0,1,1,40,1.0,0.0,0.62956595,0.0,0.6502940194674255,0.0,0.6201444,0.0,0.639052074019741,1,0.24313544
22,2,0,3,2,1,1,30,0.0,0.0,0.97949404,0.0,0.9527552025245978,0.0,0.97956544,0.0,0.978223025883775,0,0.99988794
52,2,7,1,5,1,1,45,1.0,1.0,0.27579492,1.0,0.2723225910182988,1.0,0.26667428,1.0,0.2911180125513215,1,4.772907e-07
47,2,3,0,0,1,0,43,0.0,0.0,0.94044805,0.0,0.9497694077662051,0.0,0.9363198,0.0,0.9399400586432513,0,0.99966383
24,2,7,3,0,1,1,50,0.0,0.0,0.97071207,0.0,0.9635558982569702,0.0,0.9451747,0.0,0.9692341354505594,0,0.9997857
36,0,7,0,5,1,0,65,0.0,0.0,0.866412,0.0,0.9485882744023494,0.0,0.93393105,0.0,0.9190996413719392,0,0.99182326
32,3,7,0,4,1,0,35,0.0,0.0,0.9754118,0.0,0.9655249404391164,0.0,0.9888309,0.0,0.9717149702051078,0,0.9998037
70,3,7,1,5,1,1,30,0.0,1.0,0.4514954,0.0,0.5199560959974394,1.0,0.4254378,1.0,0.35646997292910365,1,3.1697102e-06
31,2,3,3,3,1,1,48,0.0,0.0,0.9647672,0.0,0.968858568122096,0.0,0.97324896,0.0,0.9658902720611025,0,0.9996823
52,2,7,1,5,1,1,55,1.0,1.0,0.22356707,1.0,0.21007227750854873,1.0,0.20526606,1.0,0.1643819889224637,1,5.148454e-07
40,2,1,3,3,1,0,45,0.0,0.0,0.905506,0.0,0.8939022630501454,0.0,0.5667003,0.0,0.6765915789459427,0,0.8707861
61,1,6,1,1,1,1,40,1.0,0.0,0.90551716,0.0,0.8767465427083926,0.0,0.8868374,0.0,0.8745500615375508,0,0.99754995
50,0,1,1,5,1,1,40,1.0,1.0,0.30244976,1.0,0.25823533719891734,1.0,0.2802313,1.0,0.2604007526078569,1,1.0737032e-05
53,2,7,1,5,1,1,50,1.0,1.0,0.24082589,1.0,0.2645517131967092,1.0,0.20763367,1.0,0.24574010127083812,1,4.9930804e-07
36,2,3,3,4,1,1,40,0.0,0.0,0.98102087,0.0,0.9832827563648303,0.0,0.9893221,0.0,0.985643797636976,0,0.9998079
57,2,7,3,0,1,1,42,0.0,0.0,0.91447276,0.0,0.9004592857899489,0.0,0.9366377,0.0,0.9549995667330327,0,0.9998678
28,2,3,1,4,1,1,40,0.0,0.0,0.8307988,0.0,0.8482889625632507,0.0,0.8360188,0.0,0.8596328077179846,0,0.944076
49,2,1,1,5,1,1,40,1.0,1.0,0.21350622,1.0,0.19085537108950434,1.0,0.19916564,1.0,0.24816688393749908,1,5.078437e-07
33,2,6,3,0,0,1,40,0.0,0.0,0.994022,0.0,0.9737860290034106,0.0,0.99181557,0.0,0.9894470222177112,0,0.9998332
39,3,2,0,5,0,1,40,0.0,0.0,0.6828206,0.0,0.5953094880862082,1.0,0.38385242,0.0,0.7199633908516239,1,0.36767417
62,2,6,4,0,1,0,40,0.0,0.0,0.98238957,0.0,0.9628380984531963,0.0,0.9887991,0.0,0.978073885572989,0,0.9998103
54,2,6,1,4,0,0,40,1.0,0.0,0.91638976,0.0,0.9188725906848273,0.0,0.8921515,0.0,0.8602185813859967,0,0.9416267
46,2,3,1,0,1,1,35,0.0,0.0,0.8201428,0.0,0.7969150755616365,0.0,0.82778037,0.0,0.8426490087467418,0,0.94503736
42,0,7,1,0,1,1,40,1.0,0.0,0.617156,0.0,0.6903507551374278,0.0,0.6697278,0.0,0.6618390636709159,1,0.46811947
24,2,1,3,3,1,1,40,0.0,0.0,0.9469983,0.0,0.940303600579432,0.0,0.9390681,0.0,0.9432751515728501,0,0.99959224
52,2,2,1,5,1,1,57,1.0,1.0,0.06253779,1.0,0.14266416942324645,1.0,0.18053162,1.0,0.1908995922768435,1,6.701279e-07
44,2,3,3,5,1,0,43,0.0,0.0,0.95492506,0.0,0.9661181041829674,0.0,0.9425942,0.0,0.9541221060610935,0,0.99957746
41,3,7,0,0,1,0,40,0.0,0.0,0.9426008,0.0,0.9347987991654036,0.0,0.95770705,0.0,0.9679168581803899,0,0.9999614
19,2,3,3,0,1,1,30,0.0,0.0,0.99833214,0.0,0.9909925709319289,0.0,0.99191034,0.0,0.9894470222177112,0,0.9998165
69,0,3,1,4,1,1,40,0.0,0.0,0.5334694,0.0,0.6593990748977826,0.0,0.5803722,0.0,0.5543559924471098,1,0.03255151
59,0,6,4,4,0,0,30,0.0,0.0,0.98485595,0.0,0.9530612484213475,0.0,0.96648085,0.0,0.979568160064048,0,0.99997914
31,2,3,1,3,1,1,50,1.0,0.0,0.5995607,0.0,0.5976772120135605,0.0,0.6056571,0.0,0.6359527871397217,1,0.21055706
21,2,7,3,5,1,0,40,0.0,0.0,0.98461205,0.0,0.9882136757050661,0.0,0.99054104,0.0,0.9832932887117538,0,0.9999305
55,2,7,1,4,0,1,40,1.0,0.0,0.57044756,0.0,0.5832886541999671,1.0,0.37154776,1.0,0.45604828693542354,1,0.014112
45,2,3,1,5,0,1,40,1.0,0.0,0.5966633,0.0,0.5736177433266902,0.0,0.5691204,0.0,0.5494164969838116,1,0.047076415
26,2,3,1,0,1,1,50,0.0,0.0,0.7774699,0.0,0.8482833165316199,0.0,0.751664,0.0,0.7723129182333668,0,0.78744483
48,0,4,1,2,1,0,40,1.0,1.0,0.23557621,1.0,0.2095416790628879,1.0,0.21295464,1.0,0.21961769085132865,1,7.109507e-07
43,2,0,1,5,1,1,48,1.0,1.0,0.2980345,1.0,0.20551943137852247,1.0,0.33734936,1.0,0.28214104460480127,1,2.1610995e-06
42,2,4,1,2,1,1,50,1.0,1.0,0.15969092,1.0,0.18677556291435626,1.0,0.22304612,1.0,0.21964771658273707,1,5.3732055e-07
32,2,3,1,0,0,1,40,0.0,0.0,0.86322176,0.0,0.8874276151174514,0.0,0.85792804,0.0,0.8514576748514968,0,0.9559918
31,2,1,1,0,0,1,36,0.0,0.0,0.6680752,0.0,0.7809065855251212,0.0,0.6418786,0.0,0.639052074019741,1,0.2636861
57,2,3,1,0,1,1,40,0.0,0.0,0.67670685,0.0,0.6018951082043082,0.0,0.60940254,0.0,0.6307793578535944,1,0.24410737
38,2,7,1,3,1,0,40,1.0,0.0,0.7378852,0.0,0.8098450759508373,0.0,0.54109335,0.0,0.553067287479479,1,0.060988203
39,0,1,0,5,1,0,35,0.0,0.0,0.8954002,0.0,0.9450869771162981,0.0,0.91045547,0.0,0.9501785570989156,0,0.99835193
51,2,1,1,5,1,1,55,0.0,1.0,0.13256818,1.0,0.12295069489225785,1.0,0.21684778,1.0,0.17734971812946598,1,5.5495144e-07
35,0,7,1,4,1,1,40,0.0,0.0,0.61964244,0.0,0.5957242512351637,0.0,0.5472292,0.0,0.6419284602914862,1,0.3275369
25,2,7,3,4,1,0,40,0.0,0.0,0.98603624,0.0,0.9869991576671626,0.0,0.98708874,0.0,0.9861709950891865,0,0.9998141
31,2,1,3,2,0,0,40,0.0,0.0,0.907169,0.0,0.9273820169289257,0.0,0.8820677,0.0,0.9013232919211047,0,0.99988353
43,2,6,0,0,1,0,40,0.0,0.0,0.9898879,0.0,0.968406144169175,0.0,0.9846818,0.0,0.9810567097828234,0,0.99981266
38,0,1,1,5,1,1,40,1.0,1.0,0.36044896,1.0,0.32289738799252565,1.0,0.37366718,1.0,0.4063070776921681,1,1.9919271e-05
64,3,3,1,5,1,1,45,1.0,1.0,0.43169785,1.0,0.4804795151003465,0.0,0.6027273,1.0,0.49639397744230274,1,4.5273267e-05
45,3,1,1,5,1,1,51,0.0,1.0,0.22537065,1.0,0.28165261506031436,1.0,0.22077292,1.0,0.24000866227860884,1,4.810727e-07
48,3,0,1,4,1,0,15,0.0,0.0,0.8061256,0.0,0.7374301848266558,0.0,0.6909337,0.0,0.7277306171796802,0,0.5963041
25,2,1,3,2,1,1,40,0.0,0.0,0.8994128,0.0,0.9117166414404014,0.0,0.943397,0.0,0.9535120733010576,0,0.9998196
38,0,1,1,2,1,0,20,1.0,1.0,0.4819497,0.0,0.5583640807804726,0.0,0.689705,0.0,0.515270405284964,1,9.468365e-06
38,2,1,1,4,1,1,35,0.0,0.0,0.54273266,1.0,0.4857171646349613,1.0,0.40204543,1.0,0.4792283754185419,1,0.02108614
24,2,0,3,5,1,1,40,0.0,0.0,0.9573649,0.0,0.9801363456574135,0.0,0.96734285,0.0,0.9699800296637174,0,0.9998258
45,2,3,0,5,1,0,46,0.0,0.0,0.91120654,0.0,0.9584925451736215,0.0,0.91152453,0.0,0.9154325707123662,0,0.99911517
51,2,3,1,4,1,1,50,1.0,0.0,0.53881884,0.0,0.6722612842375548,0.0,0.56910074,0.0,0.5494164969838116,1,0.096075416
22,2,3,3,0,1,1,35,0.0,0.0,0.99654096,0.0,0.9874732492338052,0.0,0.99175847,0.0,0.9896973455652845,0,0.99981564
44,2,3,2,5,1,0,40,0.0,0.0,0.93538374,0.0,0.9486838603394967,0.0,0.9232628,0.0,0.9319880603686521,0,0.99935955
50,2,3,1,0,1,1,40,1.0,0.0,0.710691,0.0,0.627693206171709,0.0,0.66098297,0.0,0.6916737970963738,1,0.4375639
47,0,7,3,4,0,1,40,0.0,0.0,0.9460109,0.0,0.9614800291358718,0.0,0.9909635,0.0,0.9613836380616801,0,0.99999523
24,2,4,3,5,1,1,56,0.0,0.0,0.7723754,0.0,0.721497602113579,0.0,0.6534867,0.0,0.6730506591122111,1,0.11686757
44,2,3,1,0,1,1,41,0.0,0.0,0.67881584,0.0,0.6155395422702578,0.0,0.64670765,0.0,0.6671293241874251,1,0.33783266
23,0,3,3,4,1,0,40,0.0,0.0,0.99044734,0.0,0.98220007844401,0.0,0.98106843,0.0,0.9838709563924749,0,0.99979955
32,2,1,1,0,1,1,40,1.0,1.0,0.49736553,0.0,0.6858360120821041,1.0,0.4906187,0.0,0.5416358882620633,1,0.032048374
27,3,7,1,5,1,1,40,0.0,0.0,0.6656311,0.0,0.6282210152853687,0.0,0.64384896,0.0,0.5792476768748156,1,0.03798148
35,2,3,1,4,0,0,20,0.0,0.0,0.91089505,0.0,0.94951256281311,0.0,0.9557243,0.0,0.8976717363901558,0,0.9899867
24,2,6,1,3,1,1,40,0.0,0.0,0.9374888,0.0,0.9354267827748347,0.0,0.9449996,0.0,0.9250112430526212,0,0.99623436
27,2,3,1,0,1,1,40,0.0,0.0,0.85672677,0.0,0.8999878471181937,0.0,0.86851865,0.0,0.8831974987593281,0,0.9807011
61,0,5,1,2,1,1,50,1.0,1.0,0.10651386,1.0,0.12875389378265956,1.0,0.21358144,1.0,0.16884362055230906,1,4.416708e-06
35,0,1,1,2,1,1,50,0.0,1.0,0.29648674,1.0,0.36537597123721066,1.0,0.31138533,1.0,0.32444104882123814,1,3.5791952e-06
27,2,1,3,2,1,0,20,0.0,0.0,0.9596898,0.0,0.977256748181884,0.0,0.93537503,0.0,0.9695969465909171,0,0.9998832
43,2,1,1,2,1,1,40,1.0,1.0,0.27858007,1.0,0.23718123010391767,1.0,0.20320123,1.0,0.22857138996480608,1,5.2926885e-07
26,2,3,3,5,0,1,40,0.0,0.0,0.9833607,0.0,0.9780344789089348,0.0,0.9897157,0.0,0.9872993086838594,0,0.99983096
32,2,6,1,0,1,1,40,1.0,0.0,0.9230921,0.0,0.9401718248476436,0.0,0.94862175,0.0,0.9351220137114257,0,0.9964271
45,2,6,1,4,1,0,32,0.0,0.0,0.94739276,0.0,0.9646931004366625,0.0,0.9645062,0.0,0.9379496192885362,0,0.9956982
51,2,3,1,5,0,0,38,0.0,0.0,0.7170119,0.0,0.8790766745999462,1.0,0.4952525,0.0,0.6032148183164494,1,0.102261245
41,3,0,0,3,1,1,60,0.0,0.0,0.79046583,0.0,0.7804834756374637,0.0,0.6432394,0.0,0.8542704407044373,0,0.9951326
43,3,1,1,2,1,1,21,0.0,1.0,0.47216868,1.0,0.4170427264322103,1.0,0.4230802,1.0,0.41965135952217236,1,8.3884777e-07
34,0,1,3,2,1,1,48,0.0,0.0,0.82383084,0.0,0.8665304727859241,0.0,0.9143939,0.0,0.9047650982255426,0,0.98141366
17,2,6,3,4,1,1,48,0.0,0.0,0.9999578,0.0,0.9912143597123603,0.0,0.9929714,0.0,0.9894470222177112,0,0.9998209
50,3,4,1,2,1,0,40,1.0,1.0,0.208493,1.0,0.22097326234370573,1.0,0.3206451,1.0,0.3539234484242537,1,6.043091e-07
20,1,6,3,1,1,1,40,0.0,0.0,0.99851376,0.0,0.9880458614661146,0.0,0.99122685,0.0,0.9789799114964779,0,0.99998486
73,0,6,0,4,0,0,40,0.0,0.0,0.97586024,0.0,0.9592757407487346,0.0,0.9363694,0.0,0.9671223241080207,0,0.9999784
44,0,4,1,2,0,1,60,1.0,1.0,0.2178747,1.0,0.2275858682198204,1.0,0.21453524,1.0,0.23169206545249466,1,7.2013154e-07
33,2,3,3,0,1,1,40,0.0,0.0,0.98312974,0.0,0.9806113063845955,0.0,0.98846805,0.0,0.9894470222177112,0,0.99980086
67,3,2,1,3,1,1,40,1.0,1.0,0.13995183,1.0,0.2452551114466912,1.0,0.10766345,1.0,0.21070183516561147,1,9.481217e-07
29,2,3,1,0,1,1,50,0.0,0.0,0.74384916,0.0,0.8057225505168608,0.0,0.7340771,0.0,0.7492192642783739,0,0.7567509
47,2,4,0,3,1,1,60,1.0,1.0,0.40523732,1.0,0.3843686038298084,0.0,0.5318147,1.0,0.41363812186352344,1,0.0017430085
22,2,7,0,0,1,0,40,0.0,0.0,0.98059213,0.0,0.9761323178012256,0.0,0.98784995,0.0,0.984442045415811,0,0.999828
43,2,1,0,5,1,1,35,0.0,0.0,0.7668651,0.0,0.7364105173657834,0.0,0.9277915,0.0,0.9321113067900051,0,0.99984396
37,2,1,1,2,1,1,39,1.0,1.0,0.3491503,1.0,0.3264884138607239,1.0,0.3932826,1.0,0.41231500743750515,1,1.5758955e-06
18,2,6,3,4,0,1,8,0.0,0.0,0.9999055,0.0,0.9909205993115299,0.0,0.9970306,0.0,0.9899697592334556,0,0.99983954
31,2,3,1,0,1,1,65,0.0,0.0,0.633623,0.0,0.7338572938773644,0.0,0.60831606,0.0,0.6359527871397217,1,0.2469083
41,3,7,1,0,1,1,50,1.0,0.0,0.600621,0.0,0.6557665509338029,0.0,0.591161,0.0,0.5543559924471098,1,0.025473302
47,2,3,0,4,1,0,32,0.0,0.0,0.97356844,0.0,0.9678857628163247,0.0,0.99278903,0.0,0.9855313156610583,0,0.9998147
34,2,3,1,5,1,1,40,0.0,0.0,0.63730043,0.0,0.682849429340675,0.0,0.6774287,0.0,0.6401557072095297,1,0.2495555
47,2,3,1,0,1,1,40,1.0,0.0,0.7275405,0.0,0.6622684713512601,0.0,0.71150386,0.0,0.7277306171796802,0,0.65423334
54,0,3,1,0,1,1,40,0.0,0.0,0.64169264,0.0,0.5954523021491084,0.0,0.7087854,0.0,0.6685263095257128,1,0.37952206
55,2,3,1,4,1,1,40,0.0,0.0,0.6469238,0.0,0.7105592846478236,0.0,0.6970711,0.0,0.6551427525536107,1,0.24108441
48,2,7,0,2,1,0,20,0.0,0.0,0.9332867,0.0,0.9297806776297313,0.0,0.9498753,0.0,0.9135822279478771,0,0.999979
63,3,3,1,5,1,1,40,0.0,0.0,0.50928706,1.0,0.4972947742272723,0.0,0.55398685,1.0,0.44890436902545305,1,0.00096515985
52,2,6,1,0,1,1,40,0.0,0.0,0.8658219,0.0,0.8959980861007817,0.0,0.85201067,0.0,0.8741853458116003,0,0.9673692
26,2,3,1,2,0,1,40,0.0,0.0,0.76497364,0.0,0.7340286506698337,0.0,0.7277485,0.0,0.7375121228418426,0,0.54993194
60,2,7,0,0,1,1,47,0.0,0.0,0.8349649,0.0,0.849015366693312,0.0,0.9694692,0.0,0.9048260260780164,0,0.99984634
34,3,7,3,0,1,1,60,0.0,0.0,0.9407678,0.0,0.9073966494828669,0.0,0.8918802,0.0,0.9243075708055624,0,0.99982625
43,3,5,1,2,0,1,99,1.0,1.0,0.17006516,1.0,0.23953325748915733,1.0,0.23157829,1.0,0.17733197896967423,1,5.3334156e-07
43,2,3,0,5,1,0,40,0.0,0.0,0.94071376,0.0,0.9714124265641113,0.0,0.93643737,0.0,0.9533127576907828,0,0.9996389
62,2,2,1,2,1,1,40,1.0,1.0,0.11655593,1.0,0.1444264256927733,1.0,0.14002979,1.0,0.12867852286627346,1,5.3734516e-07
43,2,4,1,2,1,0,45,1.0,1.0,0.1749351,1.0,0.2288258399019687,1.0,0.26987737,1.0,0.18398767827427376,1,5.363679e-07
41,2,0,1,4,1,0,38,1.0,0.0,0.7607798,1.0,0.46613580120228026,0.0,0.6468861,0.0,0.6513853538817844,1,0.38627905
31,2,7,3,2,1,1,40,0.0,0.0,0.9447471,0.0,0.9407181243064797,0.0,0.87683177,0.0,0.9429313867082063,0,0.9999527
35,2,6,2,0,0,1,40,0.0,0.0,0.99079514,0.0,0.9482304074981273,0.0,0.9863037,0.0,0.9887805545873848,0,0.9998141
24,3,3,0,0,1,1,50,0.0,0.0,0.96872735,0.0,0.9414196066295514,0.0,0.9164721,0.0,0.9209865280318135,0,0.99957186
29,0,1,1,2,1,1,50,1.0,1.0,0.3331458,1.0,0.3585965242112744,1.0,0.26610637,1.0,0.3560079415924764,1,2.216595e-06
60,2,7,1,3,1,1,55,0.0,1.0,0.25038278,1.0,0.32880885127417014,1.0,0.29363185,1.0,0.33449779649672096,1,5.0465536e-07
31,2,3,1,5,1,0,40,1.0,0.0,0.75006,0.0,0.6041468982955622,0.0,0.67726755,0.0,0.6890323240608502,1,0.49405706
27,2,3,1,2,1,1,45,1.0,0.0,0.6029827,0.0,0.6003710134937366,0.0,0.6992208,0.0,0.6440673257910199,1,0.29450917
24,2,7,3,3,1,0,15,0.0,0.0,0.9973285,0.0,0.984515560394785,0.0,0.9912713,0.0,0.9899697592334556,0,0.99984574
19,2,7,3,0,1,1,55,0.0,0.0,0.9849504,0.0,0.9773167443695592,0.0,0.97244626,0.0,0.9692341354505594,0,0.99979097
41,0,1,1,5,1,1,50,1.0,1.0,0.24814296,1.0,0.2873969743115917,1.0,0.24864179,1.0,0.23777771568763362,1,3.3733147e-06
22,2,0,3,0,1,1,50,0.0,0.0,0.9643023,0.0,0.9613175824449391,0.0,0.9524262,0.0,0.9479162353471892,0,0.999749
37,2,1,0,5,1,1,40,0.0,0.0,0.7227844,0.0,0.6220038393314533,0.0,0.8906687,0.0,0.9096490938701356,0,0.9996092
61,2,6,1,0,1,1,40,0.0,0.0,0.8485658,0.0,0.8796252417902444,0.0,0.87071264,0.0,0.855862294285981,0,0.95452344
18,2,7,3,3,1,0,25,0.0,0.0,0.9984676,0.0,0.9855948751306264,0.0,0.9963317,0.0,0.9899697592334556,0,0.99984753
47,0,7,0,2,1,0,40,0.0,0.0,0.8901281,0.0,0.9062733880681884,0.0,0.9095953,0.0,0.9392916378037898,0,0.999995
34,2,3,1,4,1,0,65,0.0,0.0,0.6542287,0.0,0.8015138721038526,0.0,0.69724685,0.0,0.6307551497623776,1,0.19498809
47,2,3,1,0,1,1,40,1.0,0.0,0.7275405,0.0,0.6622684713512601,0.0,0.71150386,0.0,0.7277306171796802,0,0.65423334
36,3,2,1,2,1,1,35,0.0,1.0,0.28390706,1.0,0.233402210978501,1.0,0.17751092,1.0,0.17133641566164903,1,4.305622e-07
65,2,1,1,4,1,1,20,0.0,1.0,0.42784768,1.0,0.4794495339509728,1.0,0.44406193,1.0,0.44958769201044246,1,1.93532e-05
44,2,1,1,2,0,1,50,1.0,1.0,0.28308707,1.0,0.23491202869742966,1.0,0.20352674,1.0,0.25112654326657147,1,5.685084e-07
17,2,6,3,3,1,0,12,0.0,0.0,0.99999374,0.0,0.9889400705896604,0.0,0.9965727,0.0,0.9899697592334556,0,0.9998481
53,2,1,1,3,1,1,50,1.0,1.0,0.18804234,1.0,0.23246512494770755,1.0,0.23211855,1.0,0.2154523751474131,1,5.14653e-07
42,2,7,1,4,1,1,20,1.0,0.0,0.8186446,0.0,0.7420153892808361,0.0,0.8432499,0.0,0.795949631465287,0,0.899657
37,2,3,3,0,0,1,40,0.0,0.0,0.9822228,0.0,0.9776133682287683,0.0,0.9878758,0.0,0.9894470222177112,0,0.9997993
33,3,1,1,2,1,1,60,0.0,1.0,0.31039095,1.0,0.31381228034657815,1.0,0.19783998,1.0,0.17405629899735797,1,5.342513e-07
29,2,3,3,5,1,1,40,0.0,0.0,0.9725801,0.0,0.9799301462525012,0.0,0.9892922,0.0,0.9855729607798328,0,0.99982953
29,2,3,0,4,1,0,45,0.0,0.0,0.96762186,0.0,0.9755595395234375,0.0,0.9683677,0.0,0.976338098233737,0,0.99973434
38,3,7,1,0,1,1,38,0.0,0.0,0.7739481,0.0,0.7258396322890216,0.0,0.7927791,0.0,0.7723129182333668,0,0.77011526
70,2,6,1,0,1,1,32,0.0,0.0,0.88181555,0.0,0.9004018653869272,0.0,0.8253716,0.0,0.860259423407706,0,0.96501476
47,2,3,1,0,1,1,48,0.0,0.0,0.62487465,0.0,0.5369761295973987,0.0,0.615684,0.0,0.6307793578535944,1,0.19971362
20,3,7,3,0,1,1,10,0.0,0.0,0.9982712,0.0,0.9889081553859213,0.0,0.99236935,0.0,0.9819874911280334,0,0.99992955
33,2,1,1,5,1,1,60,1.0,1.0,0.20310187,1.0,0.1606523851955275,1.0,0.19719869,1.0,0.16490532514368594,1,5.030188e-07
33,2,3,1,4,1,1,40,0.0,0.0,0.79375815,0.0,0.8063429038605611,0.0,0.84765774,0.0,0.8278466414173955,0,0.90711355
57,0,3,0,5,1,0,40,0.0,0.0,0.9211972,0.0,0.9210435693472606,0.0,0.9186934,0.0,0.9477809196576604,0,0.99989176
39,3,1,1,5,1,1,40,1.0,1.0,0.33638507,1.0,0.3070094884476653,1.0,0.3322767,1.0,0.3347766341614987,1,8.191737e-07
27,2,6,3,5,1,0,45,0.0,0.0,0.9906689,0.0,0.9855224467520333,0.0,0.97976124,0.0,0.979291268642183,0,0.9998652
26,2,4,3,2,0,1,20,0.0,0.0,0.94996804,0.0,0.9401300636835825,0.0,0.9832365,0.0,0.9663984239752568,0,0.9998363
38,3,7,1,0,1,0,15,0.0,0.0,0.8232921,0.0,0.828489339121857,0.0,0.88945955,0.0,0.8742116939119089,0,0.975393
34,3,0,3,0,1,1,50,0.0,0.0,0.9297663,0.0,0.8515576754140309,0.0,0.9171376,0.0,0.8919369439868229,0,0.9993056
56,0,1,1,2,1,1,40,1.0,1.0,0.29695314,1.0,0.30722733314057227,1.0,0.17840391,1.0,0.19818118820051633,1,5.6477825e-06
25,2,3,1,0,1,1,40,0.0,0.0,0.87211096,0.0,0.9318686271174813,0.0,0.8936713,0.0,0.8899013461777947,0,0.987663
62,0,3,1,4,1,1,40,0.0,0.0,0.5515072,0.0,0.6397926564145022,0.0,0.63102067,0.0,0.6248175265626701,1,0.06128921
39,0,7,0,2,1,0,45,0.0,0.0,0.87959504,0.0,0.9014644698063469,0.0,0.9309436,0.0,0.9405222311209328,0,0.99998796
38,2,3,3,2,1,1,40,0.0,0.0,0.9387704,0.0,0.9357494602369193,0.0,0.98527914,0.0,0.9610445269773005,0,0.9998677
51,3,3,3,3,1,1,40,0.0,0.0,0.9487287,0.0,0.9010800478948432,0.0,0.9317616,0.0,0.9139785076295719,0,0.99907
22,1,7,3,1,1,1,72,0.0,0.0,0.97940695,0.0,0.9701627266231586,0.0,0.84789234,0.0,0.9493445167803818,0,0.9992386
33,0,2,1,2,0,1,50,0.0,1.0,0.2223199,1.0,0.19695554599683684,1.0,0.2568798,1.0,0.20500402901410875,1,7.4180325e-06
50,3,7,1,5,1,1,50,1.0,1.0,0.3531698,1.0,0.32301861159583267,1.0,0.2991032,1.0,0.2853134099589567,1,7.2021805e-07
46,2,6,1,4,0,1,37,0.0,0.0,0.9285342,0.0,0.9137158484524228,0.0,0.9359781,0.0,0.916040866131305,0,0.99344045
37,0,3,1,0,1,1,40,0.0,0.0,0.7222705,0.0,0.7030908477042942,0.0,0.75261855,0.0,0.7279945934703422,0,0.59004587
29,0,7,3,4,1,0,10,0.0,0.0,0.9962549,0.0,0.9855074948858641,0.0,0.95210236,0.0,0.9725912738142168,0,0.9999893
50,2,3,1,0,1,1,40,1.0,0.0,0.710691,0.0,0.627693206171709,0.0,0.66098297,0.0,0.6916737970963738,1,0.4375639
40,3,7,1,0,1,1,50,0.0,0.0,0.606849,0.0,0.6447305664104077,0.0,0.56932634,0.0,0.5543559924471098,1,0.033279605
24,2,1,3,3,1,0,15,0.0,0.0,0.9907436,0.0,0.9818735728032265,0.0,0.9930089,0.0,0.9896973455652845,0,0.99983776
38,0,3,1,0,1,1,20,0.0,0.0,0.8246923,0.0,0.8101685412864839,0.0,0.8948054,0.0,0.8724707630269013,0,0.98298645
35,2,1,1,5,1,1,47,1.0,1.0,0.23960984,1.0,0.2504974869074772,1.0,0.16851497,1.0,0.2014697187947484,1,4.7676258e-07
51,2,0,0,4,1,1,40,0.0,0.0,0.88378364,0.0,0.9145970121276582,0.0,0.9665508,0.0,0.9751884553230167,0,0.9996767
31,3,1,3,4,1,0,40,0.0,0.0,0.95480853,0.0,0.9726777478977805,0.0,0.91735524,0.0,0.8948796833519932,0,0.9989747
29,2,1,1,2,1,1,40,1.0,1.0,0.3632949,1.0,0.3954271253189343,1.0,0.44266623,1.0,0.42912908672360317,1,1.7810545e-06
40,2,1,1,5,1,1,50,1.0,1.0,0.19181359,1.0,0.1259039234698106,1.0,0.19839448,1.0,0.16490532514368594,1,5.097137e-07
46,2,0,2,0,0,0,40,0.0,0.0,0.92766124,0.0,0.9294145066105908,0.0,0.91153294,0.0,0.930597877403704,0,0.9995297
37,2,3,0,5,1,0,12,0.0,0.0,0.9848946,0.0,0.9790404480855861,0.0,0.9919638,0.0,0.9899697592334556,0,0.9998292
29,2,3,3,0,1,1,50,0.0,0.0,0.97458863,0.0,0.9754360571245226,0.0,0.9753403,0.0,0.9680380895989142,0,0.99975663
61,2,3,1,0,1,1,40,1.0,0.0,0.6560302,0.0,0.6855422383669117,0.0,0.6173782,0.0,0.6307793578535944,1,0.20206133
31,2,3,3,4,1,0,40,0.0,0.0,0.9886187,0.0,0.9890441191460503,0.0,0.9891933,0.0,0.985643797636976,0,0.99981207
20,1,7,3,1,1,0,40,0.0,0.0,0.9931251,0.0,0.9894550847293911,0.0,0.99337745,0.0,0.9793966789580807,0,0.99997985
37,2,4,2,5,1,1,60,1.0,1.0,0.48833203,1.0,0.23738530276868208,1.0,0.43043685,1.0,0.35682831823741645,1,1.2686426e-05
72,1,6,4,1,1,0,20,0.0,0.0,0.98738444,0.0,0.972279079789109,0.0,0.9909313,0.0,0.9803195678376159,0,0.9999838
41,0,3,0,2,0,0,40,0.0,0.0,0.932842,0.0,0.9160400721454941,0.0,0.97827446,0.0,0.9769860312597421,0,0.99998546
55,0,7,3,5,1,1,40,0.0,0.0,0.8520671,0.0,0.9001949536470574,0.0,0.9809646,0.0,0.9299826791772352,0,0.9977859
27,2,7,3,0,0,1,40,0.0,0.0,0.98509485,0.0,0.9735548049699491,0.0,0.99256957,0.0,0.9896973455652845,0,0.9998392
53,0,7,3,4,1,0,40,0.0,0.0,0.9635341,0.0,0.9456754400373374,0.0,0.9956529,0.0,0.9712154224962222,0,0.9999938
46,2,1,1,5,1,1,35,1.0,1.0,0.31546456,1.0,0.2272766687610841,1.0,0.34482968,1.0,0.2720456783245352,1,5.9502463e-07
35,0,3,3,4,1,1,40,0.0,0.0,0.9649035,0.0,0.9754145822023005,0.0,0.94583416,0.0,0.9718778216710049,0,0.9997652
45,0,4,0,2,1,0,55,0.0,0.0,0.705885,0.0,0.7192869495092369,0.0,0.6284197,0.0,0.7174987607334541,1,0.24871953
41,0,2,1,2,1,1,50,1.0,1.0,0.14874107,1.0,0.14981619267119606,1.0,0.22808254,1.0,0.15913158693523555,1,9.097533e-06
36,2,3,1,0,1,1,40,1.0,0.0,0.7958653,0.0,0.8164591072876566,0.0,0.8178208,0.0,0.8194254020385872,0,0.9386234
62,3,4,0,2,1,0,32,0.0,0.0,0.7115747,0.0,0.7367434407503037,0.0,0.847141,0.0,0.822069308945603,0,0.87450254
25,1,3,1,1,1,0,4,0.0,0.0,0.96092135,0.0,0.9269525168846209,0.0,0.932932,0.0,0.9582276432079265,0,0.99990475
47,2,6,3,4,1,0,40,0.0,0.0,0.99307775,0.0,0.9849297319573883,0.0,0.99599075,0.0,0.9893898126315587,0,0.99981874
45,1,3,2,1,1,0,10,0.0,0.0,0.9883029,0.0,0.9677939042666998,0.0,0.99683464,0.0,0.9746278198948987,0,0.99998367
55,2,3,1,3,1,1,40,0.0,1.0,0.492846,0.0,0.6139067186472099,1.0,0.44365537,0.0,0.5494164969838116,1,0.058568556
58,2,3,1,0,1,1,20,0.0,0.0,0.82233626,0.0,0.8658695882697209,0.0,0.8323092,0.0,0.8194254020385872,0,0.9048892
48,2,6,1,4,1,0,40,0.0,0.0,0.9072335,0.0,0.9480438833341001,0.0,0.90795326,0.0,0.8733617109036971,0,0.9648887
22,3,3,3,4,1,1,40,0.0,0.0,0.9904007,0.0,0.9789103101949336,0.0,0.9815717,0.0,0.9855313156610583,0,0.99978596
64,3,3,1,0,1,1,45,1.0,0.0,0.64012706,0.0,0.7158113193058447,0.0,0.63835716,0.0,0.6032148183164494,1,0.04856051
52,3,4,1,5,0,1,40,0.0,1.0,0.27738082,1.0,0.254341457131946,1.0,0.3347547,1.0,0.3479990814761744,1,7.9581395e-07
32,2,1,1,5,0,0,40,1.0,1.0,0.43772036,1.0,0.3898691752073453,1.0,0.33291715,1.0,0.29533938305083995,1,7.983666e-07
60,2,3,1,4,1,0,40,1.0,0.0,0.7212113,0.0,0.8822282449804428,0.0,0.6806257,0.0,0.6255513479812433,1,0.19593647
54,2,4,1,2,0,1,40,1.0,1.0,0.18917143,1.0,0.2758202989023115,1.0,0.29668564,1.0,0.22105757826747308,1,5.5139e-07
50,0,6,3,4,1,1,40,0.0,0.0,0.9771128,0.0,0.9651266404749612,0.0,0.9598195,0.0,0.978839907031909,0,0.9999807
31,2,3,3,4,1,1,50,0.0,0.0,0.97040176,0.0,0.97558261022573,0.0,0.95346856,0.0,0.9811576537122509,0,0.9995908
45,2,3,0,5,0,0,40,0.0,0.0,0.94803673,0.0,0.9725398773725019,0.0,0.9358625,0.0,0.9533127576907828,0,0.9996259
27,0,3,1,0,1,1,40,0.0,0.0,0.7986047,0.0,0.851067371606913,0.0,0.8877435,0.0,0.8511480097641597,0,0.9432737
36,2,3,1,5,1,1,50,1.0,1.0,0.47256958,1.0,0.4326702998882995,0.0,0.60074127,0.0,0.5360888995989933,1,0.029700905
38,2,6,1,3,1,1,50,0.0,0.0,0.79167974,0.0,0.8165384168222216,0.0,0.8919045,0.0,0.8340187964200334,0,0.9287052
57,2,4,1,2,1,0,40,0.0,1.0,0.16232938,1.0,0.2577555310681028,1.0,0.26156086,1.0,0.23861134401545614,1,5.605235e-07
52,0,7,2,5,1,0,40,0.0,0.0,0.8958821,0.0,0.8691862019224516,0.0,0.9369063,0.0,0.9156845889756982,0,0.9836347
53,2,5,3,2,1,0,40,0.0,0.0,0.58374393,0.0,0.6046290640786312,0.0,0.8548498,0.0,0.647485111641154,1,0.00017413788
36,2,6,2,4,0,0,35,0.0,0.0,0.99563825,0.0,0.9883899138013181,0.0,0.9965191,0.0,0.9894470222177112,0,0.99982077
19,2,6,3,0,1,1,40,0.0,0.0,0.9987263,0.0,0.9876766207334186,0.0,0.99312866,0.0,0.9894470222177112,0,0.9998406
27,3,1,3,2,1,0,40,0.0,0.0,0.9259414,0.0,0.8955814479483176,0.0,0.9666489,0.0,0.9267278805689603,0,0.99999
45,0,0,0,5,0,1,40,0.0,0.0,0.8508265,0.0,0.8255994775613333,0.0,0.9550149,0.0,0.9496992995104565,0,0.99973863
40,2,2,1,5,0,1,40,1.0,1.0,0.18264258,1.0,0.3000534059445289,1.0,0.2071597,1.0,0.1521206638008793,1,5.1864293e-07
34,2,3,3,5,1,0,40,0.0,0.0,0.9774525,0.0,0.987492037403846,0.0,0.98353946,0.0,0.9798704697182886,0,0.99981064
60,3,1,0,2,1,0,30,0.0,0.0,0.81858957,0.0,0.8105155985982614,0.0,0.97227716,0.0,0.8418744058390198,0,0.99880326
51,2,3,1,3,0,1,50,0.0,1.0,0.45184857,1.0,0.49326631976980617,0.0,0.5339601,0.0,0.5277608128365854,1,0.009297158
22,3,3,3,2,1,0,40,1.0,0.0,0.9839137,0.0,0.9750256485099758,0.0,0.9906265,0.0,0.9899697592334556,0,0.9998517
57,2,6,1,0,0,1,40,1.0,0.0,0.87779504,0.0,0.811850918132828,0.0,0.859725,0.0,0.8624689573016632,0,0.960658
23,2,3,3,5,1,0,40,0.0,0.0,0.98783344,0.0,0.9887801953392277,0.0,0.98981935,0.0,0.9899697592334556,0,0.99983084
50,2,0,1,0,1,1,45,0.0,1.0,0.49482548,0.0,0.5028460335390339,0.0,0.5305306,0.0,0.533685068957484,1,0.015734391
32,2,7,1,2,1,1,38,1.0,0.0,0.6200812,0.0,0.6720094073682683,0.0,0.62338763,0.0,0.5539106762870812,1,0.034637872
46,2,1,3,3,1,1,40,0.0,0.0,0.78340113,0.0,0.74336703077455,0.0,0.50359225,0.0,0.750482193098623,0,0.99217415
21,1,7,3,1,1,0,40,0.0,0.0,0.99214727,0.0,0.9894550847293911,0.0,0.9937505,0.0,0.9793966789580807,0,0.99998045
21,2,6,2,3,0,0,38,0.0,0.0,0.99735904,0.0,0.9823069009419051,0.0,0.9932928,0.0,0.9894470222177112,0,0.99982697
31,2,1,1,5,1,1,40,0.0,1.0,0.36341256,1.0,0.4087193282414382,1.0,0.31069243,1.0,0.29533938305083995,1,9.3168813e-07
22,2,3,3,3,1,1,55,0.0,0.0,0.9777288,0.0,0.9750862509696093,0.0,0.9746902,0.0,0.9662597148788773,0,0.9996885
34,2,6,0,0,1,1,40,0.0,0.0,0.986459,0.0,0.9655577742763785,0.0,0.9861079,0.0,0.9810567097828234,0,0.9998203
37,2,6,1,4,1,1,40,0.0,0.0,0.92160326,0.0,0.9336822966107958,0.0,0.9086956,0.0,0.916040866131305,0,0.9918671
18,2,6,3,3,1,1,15,0.0,0.0,0.9997568,0.0,0.9879069798338617,0.0,0.99685866,0.0,0.9899697592334556,0,0.99985135
47,2,0,1,0,1,1,40,0.0,0.0,0.5840101,0.0,0.6023570476618216,0.0,0.58768964,0.0,0.6307551497623776,1,0.18295345
53,0,4,1,2,1,1,36,1.0,1.0,0.26698738,1.0,0.24579717504374565,1.0,0.28267598,1.0,0.2609203001653154,1,6.7399077e-07
32,3,1,1,4,0,1,50,1.0,1.0,0.42580438,1.0,0.3208063874517857,1.0,0.27489507,1.0,0.36770080975919395,1,6.585997e-06
48,2,7,3,5,1,0,40,1.0,0.0,0.93165666,0.0,0.9546768802755441,0.0,0.9642116,0.0,0.9297376787673259,0,0.99997675
45,0,4,1,2,1,1,50,1.0,1.0,0.19724977,1.0,0.16283011178112072,1.0,0.20392656,1.0,0.22258622037827225,1,8.623333e-07
34,3,1,1,3,0,1,55,0.0,1.0,0.3818406,1.0,0.4852306626403201,1.0,0.34633267,1.0,0.3454802747312732,1,7.277508e-07
19,1,3,3,1,0,1,30,0.0,0.0,0.99825007,0.0,0.990027754759058,0.0,0.9898499,0.0,0.9790835825040142,0,0.99998844
30,2,3,1,0,1,1,40,0.0,0.0,0.836466,0.0,0.8434280307692079,0.0,0.8648797,0.0,0.8559665601920637,0,0.95947266
38,2,1,3,3,1,0,45,1.0,0.0,0.9110082,0.0,0.8957680693816057,0.0,0.7540485,0.0,0.6934890888103243,0,0.9473743
49,3,6,1,4,1,1,70,0.0,0.0,0.7285661,0.0,0.8662449574814397,0.0,0.737205,0.0,0.7237248752203408,0,0.6575011
37,2,3,1,5,1,1,50,1.0,1.0,0.4609087,1.0,0.4525710332036784,0.0,0.6025887,0.0,0.5276365388459907,1,0.022402529
25,2,3,0,5,1,1,40,0.0,0.0,0.96170706,0.0,0.9653798455865374,0.0,0.9490582,0.0,0.9768648242738701,0,0.9997695
49,2,6,1,0,0,1,42,1.0,0.0,0.8713599,0.0,0.8372237282121908,0.0,0.8662555,0.0,0.8624689573016632,0,0.9585148
37,0,1,3,2,1,0,45,0.0,0.0,0.8595376,0.0,0.9213306336515928,0.0,0.9279063,0.0,0.8841666659656117,0,0.95865995
22,0,0,3,4,1,1,20,0.0,0.0,0.99240255,0.0,0.9763983135399718,0.0,0.9881954,0.0,0.9786148790620204,0,0.99996984
42,2,4,3,2,1,0,50,1.0,0.0,0.65500915,0.0,0.6944606095707747,0.0,0.6265291,0.0,0.6202041273410863,1,0.0017212555
28,3,7,1,5,1,0,30,1.0,0.0,0.80633944,0.0,0.8378754268330136,0.0,0.6602689,0.0,0.6808397289892439,1,0.4626551
48,2,7,0,5,1,0,40,0.0,0.0,0.91750896,0.0,0.9670093986836856,0.0,0.9534409,0.0,0.9666253125645782,0,0.9999443
34,2,3,1,0,1,1,40,0.0,0.0,0.8096643,0.0,0.8260061073058818,0.0,0.8393725,0.0,0.8514576748514968,0,0.9512808
22,2,7,3,0,1,1,30,0.0,0.0,0.9959707,0.0,0.9895139350394925,0.0,0.9963739,0.0,0.9899697592334556,0,0.9998543
33,2,6,3,0,0,1,60,0.0,0.0,0.98737586,0.0,0.9538331537676233,0.0,0.96878487,0.0,0.9725090357374676,0,0.9997863
40,2,3,0,5,1,1,40,0.0,0.0,0.91423386,0.0,0.939087070953654,0.0,0.940234,0.0,0.9548790638767506,0,0.99966764
24,2,3,3,5,1,1,40,0.0,0.0,0.9820031,0.0,0.9842181609123606,0.0,0.9897897,0.0,0.9899697592334556,0,0.99983096
59,2,3,1,0,1,1,40,1.0,0.0,0.66659474,0.0,0.6127228582420674,0.0,0.5989274,0.0,0.6307793578535944,1,0.22478507
41,2,7,1,5,1,1,50,1.0,1.0,0.31888002,1.0,0.3094940639606536,1.0,0.31380308,1.0,0.3644268771201399,1,8.361825e-07
47,3,7,1,3,1,1,80,0.0,1.0,0.32555485,1.0,0.39919238177337313,1.0,0.30532324,1.0,0.35485493444578997,1,6.0893603e-07
34,2,1,3,4,1,1,40,0.0,0.0,0.91894925,0.0,0.9646217352458349,0.0,0.9612789,0.0,0.9509343432606283,0,0.999009
34,2,7,2,4,0,0,37,0.0,0.0,0.9748632,0.0,0.9800887638504672,0.0,0.9724195,0.0,0.9830664997480237,0,0.9997776
21,2,7,3,0,1,1,30,0.0,0.0,0.9965605,0.0,0.9895139350394925,0.0,0.9964201,0.0,0.9899697592334556,0,0.99985385
71,3,1,1,5,1,1,60,1.0,1.0,0.17475462,1.0,0.20442831154380803,1.0,0.2499845,1.0,0.30740748318256583,1,9.301913e-07
30,3,1,1,3,1,1,70,0.0,1.0,0.30150568,1.0,0.3450791172733999,1.0,0.31152415,1.0,0.31840744647135444,1,6.1778377e-07
48,0,4,2,2,1,1,60,0.0,0.0,0.6276755,1.0,0.4372450681270782,1.0,0.40897995,1.0,0.4078215901188439,1,1.0717064e-05
45,2,3,1,0,1,1,40,0.0,0.0,0.74046123,0.0,0.6982123750476055,0.0,0.73359066,0.0,0.7392101445267152,0,0.72283393
47,3,3,1,0,1,1,45,1.0,0.0,0.699281,0.0,0.6694926889756434,0.0,0.6777122,0.0,0.688730893433606,1,0.3671248
30,2,7,1,2,0,0,5,1.0,0.0,0.8505228,0.0,0.9182635857951831,0.0,0.93212605,0.0,0.9797407081400318,0,0.99842876
34,2,1,3,5,1,1,50,0.0,0.0,0.7302518,0.0,0.6840961510553709,0.0,0.735746,0.0,0.6691483863512472,1,0.46572158
37,2,7,0,5,1,0,40,1.0,0.0,0.9409825,0.0,0.9633951012301842,0.0,0.97506183,0.0,0.9748208407418906,0,0.99993944
61,2,3,1,5,1,0,5,0.0,0.0,0.8440663,0.0,0.765724925077015,0.0,0.70053554,0.0,0.7277306171796802,0,0.65416735
19,0,7,3,3,1,0,16,0.0,0.0,0.9985754,0.0,0.9859233942006917,0.0,0.9500436,0.0,0.9672468880204604,0,0.99999297
53,2,1,0,5,1,1,70,0.0,1.0,0.44504744,1.0,0.37574670188404613,1.0,0.2103399,1.0,0.4731545575443299,1,9.0010835e-06
51,2,3,1,0,1,1,40,0.0,0.0,0.70439434,0.0,0.6563174083121924,0.0,0.64312047,0.0,0.6802250298160285,1,0.3973566
39,2,3,1,0,1,1,40,0.0,0.0,0.7760284,0.0,0.6982123750476055,0.0,0.7670251,0.0,0.7492192642783739,0,0.8142412
43,2,1,1,0,1,1,48,1.0,1.0,0.34441411,1.0,0.3629962075148332,1.0,0.45602626,1.0,0.4415248864598833,1,1.619626e-05
40,1,3,3,1,1,0,4,0.0,0.0,0.9954301,0.0,0.9759586817491207,0.0,0.99504024,0.0,0.9803976222158536,0,0.99998605
42,0,3,0,5,0,0,40,0.0,0.0,0.9462132,0.0,0.958407770172273,0.0,0.93683505,0.0,0.968778630781536,0,0.9999356
51,3,3,1,0,1,1,60,0.0,0.0,0.6217793,0.0,0.6167670488372952,0.0,0.62583756,0.0,0.6032148183164494,1,0.057251543
43,3,5,1,2,1,1,40,1.0,1.0,0.16537875,1.0,0.13716994911697966,1.0,0.20138371,1.0,0.1788888211384424,1,4.3565706e-07
30,2,7,3,0,1,0,40,0.0,0.0,0.9801063,0.0,0.9778751560074416,0.0,0.992018,0.0,0.9863018384576443,0,0.9998394
21,2,3,3,0,1,1,40,0.0,0.0,0.9940467,0.0,0.9839535596896772,0.0,0.98820007,0.0,0.9894470222177112,0,0.9997998
20,2,6,1,0,1,1,40,0.0,0.0,0.9725457,0.0,0.9656706096401482,0.0,0.9660912,0.0,0.9706342463660895,0,0.9978448
28,2,1,1,2,1,1,45,0.0,1.0,0.32727206,1.0,0.3218797569524887,1.0,0.29362702,1.0,0.29746273806135237,1,6.59177e-07
50,2,3,1,0,1,1,15,0.0,0.0,0.87852126,0.0,0.8559288669468569,0.0,0.8179455,0.0,0.8866262214565888,0,0.9804097
60,2,1,1,5,1,1,35,1.0,1.0,0.23913407,1.0,0.25174130003437256,1.0,0.27001047,1.0,0.3231761075957046,1,5.7484954e-07
37,2,3,0,3,1,0,40,0.0,0.0,0.975249,0.0,0.9635018258225456,0.0,0.97679543,0.0,0.9808173172732457,0,0.9997665
49,2,6,1,4,0,0,16,0.0,0.0,0.9693773,0.0,0.9557317575655722,0.0,0.9620792,0.0,0.9664842370512655,0,0.996691
47,2,1,3,3,0,1,60,1.0,0.0,0.6835665,0.0,0.5472169650896797,0.0,0.6364174,1.0,0.370349600306608,1,0.00013911816
28,2,3,3,5,1,1,40,0.0,0.0,0.97447246,0.0,0.9806059074381817,0.0,0.9895177,0.0,0.9855729607798328,0,0.99983025
22,2,7,3,3,1,0,20,0.0,0.0,0.9971785,0.0,0.9857313578244267,0.0,0.9946478,0.0,0.9899697592334556,0,0.9998522
32,0,7,3,5,0,0,40,0.0,0.0,0.97120535,0.0,0.9848132676292886,0.0,0.97334695,0.0,0.967311457455915,0,0.99998116
33,2,3,1,0,1,1,40,0.0,0.0,0.8164758,0.0,0.8260061073058818,0.0,0.8508402,0.0,0.8514576748514968,0,0.9541912
23,2,3,3,0,1,1,40,0.0,0.0,0.9921758,0.0,0.9833924674745405,0.0,0.988359,0.0,0.9894470222177112,0,0.99980026
25,2,7,3,5,1,0,45,0.0,0.0,0.96443117,0.0,0.9828398641362309,0.0,0.9677686,0.0,0.9751989369346568,0,0.9999229
48,3,7,2,3,1,0,50,0.0,0.0,0.90814584,0.0,0.9277527291246754,0.0,0.90068084,0.0,0.829407856082231,0,0.979215
23,2,4,3,2,1,1,40,0.0,0.0,0.892689,0.0,0.9277947338962169,0.0,0.9272133,0.0,0.883958060016162,0,0.9990355
38,2,4,3,5,0,0,35,0.0,0.0,0.9036379,0.0,0.9205533362045073,0.0,0.92014885,0.0,0.8914516777967909,0,0.99226624
42,2,0,3,0,1,1,44,0.0,0.0,0.91228294,0.0,0.8868824340420043,0.0,0.94496095,0.0,0.930597877403704,0,0.9997155
24,2,1,3,5,0,0,16,0.0,0.0,0.982674,0.0,0.981134995559202,0.0,0.9707042,0.0,0.9790804466601225,0,0.9999063
71,0,3,4,5,1,1,9,0.0,0.0,0.93471235,0.0,0.8473135258445489,0.0,0.99361557,0.0,0.9786507055887984,0,0.99998116
54,2,3,1,3,1,1,40,1.0,0.0,0.50220144,0.0,0.6236830802447164,1.0,0.47258168,0.0,0.5494164969838116,1,0.07891517
57,2,3,0,5,1,0,40,0.0,0.0,0.91914046,0.0,0.9564379718488969,0.0,0.94723475,0.0,0.9355644792704981,0,0.99941385
17,2,6,3,0,1,1,20,0.0,0.0,0.99999356,0.0,0.9920508658277523,0.0,0.99583465,0.0,0.9894470222177112,0,0.9998468
45,3,7,1,5,0,1,40,0.0,0.0,0.51463354,1.0,0.4093512602158771,1.0,0.36058933,0.0,0.5179224078201414,1,1.1326422e-05
46,2,3,3,4,1,1,15,0.0,0.0,0.9923867,0.0,0.9850797523666209,0.0,0.9914317,0.0,0.989972401351476,0,0.9998233
23,0,1,3,2,0,1,30,0.0,0.0,0.9735068,0.0,0.9450779996374261,0.0,0.9536457,0.0,0.952686433443489,0,0.99999654
44,2,1,3,2,1,0,45,0.0,0.0,0.789694,0.0,0.8321087095425125,0.0,0.80494535,0.0,0.6310410602274098,1,0.1745909
44,2,1,3,2,1,0,45,0.0,0.0,0.789694,0.0,0.8321087095425125,0.0,0.80494535,0.0,0.6310410602274098,1,0.1745909
23,2,1,3,0,1,1,40,0.0,0.0,0.9616611,0.0,0.9617797665160152,0.0,0.9589237,0.0,0.951331347119149,0,0.99974257
35,2,3,1,0,1,1,32,0.0,0.0,0.88121015,0.0,0.8763323463440053,0.0,0.9010177,0.0,0.8899013461777947,0,0.9903351
18,2,6,3,4,0,0,20,0.0,0.0,0.99969554,0.0,0.9893077246462922,0.0,0.996955,0.0,0.9899697592334556,0,0.999838
63,2,3,1,3,1,0,35,0.0,0.0,0.8008239,0.0,0.8726224616955912,0.0,0.60301787,0.0,0.5931124007866375,1,0.15005235
17,2,6,3,4,1,0,8,0.0,0.0,0.99999267,0.0,0.9900461467121097,0.0,0.9966996,0.0,0.9899697592334556,0,0.99984014
46,2,6,1,4,1,0,24,0.0,0.0,0.9562603,0.0,0.9646931004366625,0.0,0.96669334,0.0,0.9662254646355731,0,0.99624085
36,0,0,1,4,0,1,37,0.0,0.0,0.6915821,0.0,0.7047703902563944,0.0,0.62547046,0.0,0.6825579628145674,1,0.44498807
44,2,3,1,5,1,0,30,0.0,0.0,0.77777374,0.0,0.6758099449203702,0.0,0.6452372,0.0,0.6749041830305667,1,0.3922289
57,3,6,0,5,1,1,60,1.0,0.0,0.90655226,0.0,0.8063063114556938,0.0,0.89609617,0.0,0.9557406484293626,0,0.9999107
32,2,1,1,5,1,0,35,1.0,1.0,0.4835397,0.0,0.632438476084905,1.0,0.39145207,1.0,0.42405131667499196,1,1.4188143e-05
54,2,6,1,0,1,1,40,0.0,0.0,0.86200166,0.0,0.8938348441663115,0.0,0.85467076,0.0,0.8666959322029391,0,0.963839
33,2,3,1,0,1,1,40,0.0,0.0,0.8164758,0.0,0.8260061073058818,0.0,0.8508402,0.0,0.8514576748514968,0,0.9541912
25,0,3,3,5,1,1,40,0.0,0.0,0.9728881,0.0,0.9798819364475251,0.0,0.9509223,0.0,0.9669431947965386,0,0.9999584
27,2,1,3,2,1,1,45,0.0,0.0,0.8374206,0.0,0.8097434959103961,0.0,0.90422004,0.0,0.8851806655294197,0,0.99975604
67,0,1,0,5,0,0,35,0.0,0.0,0.8644736,0.0,0.8307095753536016,0.0,0.8532138,0.0,0.8942230420656851,0,0.7197444
34,3,1,3,2,0,1,60,0.0,0.0,0.81401,0.0,0.713612067260267,0.0,0.72862995,0.0,0.7280077729449538,1,0.25674257
46,2,1,3,0,1,0,8,0.0,0.0,0.97025204,0.0,0.9550075450417522,0.0,0.99482423,0.0,0.9899697592334556,0,0.9998491
44,2,6,0,5,1,0,40,0.0,0.0,0.97982746,0.0,0.9782393847651164,0.0,0.9600223,0.0,0.9751989369346568,0,0.9998634
46,2,5,2,2,1,1,50,1.0,1.0,0.4156351,1.0,0.331723901751972,1.0,0.19311678,1.0,0.48868358491781605,1,1.2888953e-06
29,2,6,1,0,0,0,14,0.0,0.0,0.9830382,0.0,0.9647289241844564,0.0,0.9612824,0.0,0.9760750157523282,0,0.9996045
46,2,1,1,2,1,1,45,1.0,1.0,0.23116946,1.0,0.22219635801446658,1.0,0.23478544,1.0,0.18409668940547397,1,5.85119e-07
42,3,1,1,0,1,1,50,0.0,1.0,0.382392,0.0,0.5577611523711707,1.0,0.4150415,1.0,0.3767543391331104,1,5.23325e-06
29,2,3,3,0,1,1,50,0.0,0.0,0.97458863,0.0,0.9754360571245226,0.0,0.9753403,0.0,0.9680380895989142,0,0.99975663
40,0,3,3,5,1,0,40,0.0,0.0,0.9691229,0.0,0.9498324723681655,0.0,0.9742657,0.0,0.9700767562283955,0,0.9999516
35,2,3,1,0,1,1,40,0.0,0.0,0.8028288,0.0,0.8285000847613533,0.0,0.8261456,0.0,0.8514576748514968,0,0.9466285
31,2,0,0,5,1,1,40,0.0,0.0,0.88571763,0.0,0.908074575022078,0.0,0.9587267,0.0,0.9616298239367893,0,0.99983954
30,0,1,1,4,1,1,40,0.0,1.0,0.49112982,1.0,0.4562752071012749,0.0,0.60417116,1.0,0.48543944529327465,1,6.3790685e-05
35,0,6,1,0,0,1,40,0.0,0.0,0.9367257,0.0,0.8125366154763337,0.0,0.862442,0.0,0.9009555725499749,0,0.99869883
65,2,3,1,3,1,1,40,1.0,1.0,0.43057138,0.0,0.6489026572263679,0.0,0.53077334,0.0,0.5416101856000661,1,0.013162728
33,2,3,0,5,1,1,40,0.0,0.0,0.9380373,0.0,0.9506373098618435,0.0,0.9468023,0.0,0.9720766088812319,0,0.999746
47,0,3,0,5,1,0,40,0.0,0.0,0.9354784,0.0,0.9397811186908305,0.0,0.9576369,0.0,0.9641107156004839,0,0.9999454
41,2,5,1,2,1,1,50,1.0,1.0,0.108857274,1.0,0.14225833852937542,1.0,0.20728296,1.0,0.20199959310403504,1,5.179134e-07
44,0,1,1,2,0,1,38,1.0,1.0,0.420794,1.0,0.47856648893526044,1.0,0.39208174,1.0,0.3130085298750085,1,4.5920965e-06
19,2,7,3,3,1,0,35,0.0,0.0,0.9972551,0.0,0.9857313578244267,0.0,0.99589044,0.0,0.9899697592334556,0,0.9998462
17,2,6,3,3,1,0,15,0.0,0.0,0.99999297,0.0,0.9889400705896604,0.0,0.99649644,0.0,0.9899697592334556,0,0.999848
28,2,6,0,4,1,0,40,0.0,0.0,0.9956546,0.0,0.9800391770259873,0.0,0.9961852,0.0,0.9894470222177112,0,0.999819
41,2,7,1,0,0,1,40,1.0,0.0,0.71887326,0.0,0.6780227596407494,0.0,0.6798624,0.0,0.6440673257910199,1,0.32547796
42,2,0,1,5,1,1,60,1.0,1.0,0.24960732,1.0,0.22514530750878947,1.0,0.29978818,1.0,0.29734876085618034,1,5.7848587e-07
47,2,0,1,0,1,1,40,0.0,0.0,0.5840101,0.0,0.6023570476618216,0.0,0.58768964,0.0,0.6307551497623776,1,0.18295345
27,2,4,3,5,1,0,40,0.0,0.0,0.90251386,0.0,0.9661545865296334,0.0,0.9136334,0.0,0.8914516777967909,0,0.99048764
37,2,3,3,5,1,1,42,0.0,0.0,0.9334714,0.0,0.9676841748622335,0.0,0.9493507,0.0,0.9669394559656131,0,0.9996352
53,2,7,0,5,1,0,40,0.0,0.0,0.9061961,0.0,0.963937905265899,0.0,0.945331,0.0,0.947809249388553,0,0.9999758
51,2,6,1,0,1,1,45,0.0,0.0,0.8291842,0.0,0.8494774445024458,0.0,0.87423944,0.0,0.8602185813859967,0,0.95313406
35,0,7,1,4,1,1,40,0.0,0.0,0.61964244,0.0,0.5957242512351637,0.0,0.5472292,0.0,0.6419284602914862,1,0.3275369
58,3,3,1,3,1,1,55,1.0,1.0,0.42225617,0.0,0.5051564808236251,0.0,0.5969992,0.0,0.547767124403164,1,0.0010227702
41,0,0,1,2,1,1,40,1.0,1.0,0.42561144,1.0,0.45422203692229424,1.0,0.37624025,0.0,0.5351419378569096,1,4.20319e-06
33,2,7,3,5,0,0,40,0.0,0.0,0.9703868,0.0,0.9824818566488024,0.0,0.9736784,0.0,0.9764106201536003,0,0.9999343
20,2,7,3,0,0,1,40,0.0,0.0,0.9938664,0.0,0.9843945367149111,0.0,0.9936196,0.0,0.9894470222177112,0,0.99984217
46,2,7,0,4,1,0,10,0.0,0.0,0.9864682,0.0,0.9722197627587389,0.0,0.9840841,0.0,0.9901299693716991,0,0.9997851
19,2,6,3,4,1,1,40,0.0,0.0,0.9990334,0.0,0.9901477511609784,0.0,0.99632055,0.0,0.9894470222177112,0,0.99982566
64,3,4,0,2,1,1,50,0.0,0.0,0.52241886,1.0,0.307751221710339,0.0,0.50463796,0.0,0.588332244508327,1,1.7559169e-05
53,0,4,1,5,1,1,38,1.0,1.0,0.23895156,1.0,0.22878145537914985,1.0,0.23154014,1.0,0.2563133471272976,1,1.4436015e-06
34,2,7,1,0,1,1,40,1.0,0.0,0.7106384,0.0,0.7336674494282687,0.0,0.69349873,0.0,0.7301202781336622,0,0.73095447
26,2,0,3,4,1,0,40,0.0,0.0,0.98033315,0.0,0.9777400753206259,0.0,0.9895681,0.0,0.9855313156610583,0,0.9998185
20,2,3,3,4,0,0,25,0.0,0.0,0.9976614,0.0,0.9898946274846773,0.0,0.99227196,0.0,0.9899697592334556,0,0.9998248
28,2,1,1,3,1,1,60,1.0,1.0,0.31495404,1.0,0.2563871622035614,1.0,0.3040917,1.0,0.2630530237716867,1,6.005104e-07
19,2,7,3,4,1,0,30,0.0,0.0,0.9968455,0.0,0.9894253245275266,0.0,0.9933405,0.0,0.9899153546152761,0,0.99982566
48,2,4,1,4,1,1,40,1.0,1.0,0.22391242,1.0,0.3166318979350099,1.0,0.25839412,1.0,0.44805050875402486,1,7.296892e-05
66,3,7,1,0,1,1,7,0.0,0.0,0.8056376,0.0,0.7586216372503423,0.0,0.652099,0.0,0.6869023646436669,0,0.5693096
50,2,3,1,3,1,1,40,0.0,0.0,0.5449345,0.0,0.6194751419116382,0.0,0.59645325,0.0,0.6208255784705304,1,0.16187121
42,3,1,1,5,1,1,60,1.0,1.0,0.2182253,1.0,0.28265057782323066,1.0,0.22360104,1.0,0.24000866227860884,1,4.772816e-07
49,2,3,1,0,1,1,45,0.0,0.0,0.6285631,0.0,0.5284051385909796,0.0,0.6133009,0.0,0.6307793578535944,1,0.20035407
74,2,6,4,4,0,0,6,0.0,0.0,0.994854,0.0,0.9700750631640984,0.0,0.98430514,0.0,0.9901299693716991,0,0.9997831
58,2,7,1,3,0,1,40,0.0,1.0,0.45131415,0.0,0.5120064501668656,1.0,0.41056418,1.0,0.42808875035882477,1,3.0695926e-05
64,2,7,4,5,1,0,40,0.0,0.0,0.87825155,0.0,0.9189533421696172,0.0,0.9848847,0.0,0.9301561015196278,0,0.99999416
49,0,4,3,2,1,0,40,0.0,0.0,0.7614624,0.0,0.8697115418956616,0.0,0.6295564,0.0,0.7411288383068712,0,0.8974722
39,0,3,1,4,1,1,40,1.0,0.0,0.6588498,0.0,0.6929288237911049,0.0,0.7176969,0.0,0.7192481148315453,0,0.5101056
20,2,6,3,4,1,1,35,0.0,0.0,0.9993925,0.0,0.9898680768219371,0.0,0.99699324,0.0,0.9899697592334556,0,0.99983203
48,2,7,1,5,1,0,37,0.0,0.0,0.6089398,0.0,0.5054970050320005,1.0,0.46946138,0.0,0.5115341887704428,1,0.0004052281
40,2,7,0,0,1,1,40,0.0,0.0,0.92916477,0.0,0.9318492516086576,0.0,0.9685688,0.0,0.979291268642183,0,0.99980325
63,2,6,1,5,1,1,40,0.0,0.0,0.65383637,0.0,0.6221293230859611,0.0,0.73802954,0.0,0.7723129182333668,0,0.77495676
28,1,7,1,1,1,0,40,1.0,0.0,0.83842164,0.0,0.8196744679055968,0.0,0.89800483,0.0,0.8684377942117341,0,0.9006415
51,3,7,1,0,1,1,20,0.0,0.0,0.7756907,0.0,0.758779018099719,0.0,0.70930827,0.0,0.7237248752203408,0,0.6468298
48,2,7,1,0,1,1,40,0.0,0.0,0.60123265,0.0,0.5566994851626847,0.0,0.5679168,0.0,0.6265305342994212,1,0.15949924
39,2,6,2,0,1,1,35,0.0,0.0,0.99140286,0.0,0.9664064777378449,0.0,0.99372154,0.0,0.9894470222177112,0,0.99982315
22,2,6,3,0,1,1,45,0.0,0.0,0.99621385,0.0,0.9746850971204951,0.0,0.9870059,0.0,0.9887805545873848,0,0.99982303
22,0,3,3,0,1,1,50,0.0,0.0,0.97848153,0.0,0.9722979703850284,0.0,0.9354543,0.0,0.9683456433050346,0,0.99976844
51,2,7,1,5,1,1,40,1.0,1.0,0.36769873,1.0,0.42032887215085,1.0,0.3558696,1.0,0.44010406229573173,1,9.775915e-07
53,2,7,1,4,1,1,40,0.0,0.0,0.5463865,0.0,0.5234233360234026,1.0,0.40097803,1.0,0.460886142693843,1,0.020795448
35,2,1,1,3,1,1,40,1.0,1.0,0.36526847,1.0,0.3172285483919094,1.0,0.3667931,1.0,0.38679587057939646,1,1.9782117e-05
62,2,7,1,3,1,1,40,1.0,1.0,0.38172162,0.0,0.5584785244368828,0.0,0.58431584,1.0,0.4835620994280527,1,4.090367e-06
36,2,3,0,0,1,1,40,0.0,0.0,0.96218675,0.0,0.9466549997623791,0.0,0.978868,0.0,0.9887590475808739,0,0.9997813
40,2,1,1,0,1,1,40,0.0,1.0,0.43825704,0.0,0.5712820619051328,1.0,0.430133,1.0,0.4949088791237174,1,0.0022482548
26,2,3,2,3,0,0,37,0.0,0.0,0.9866649,0.0,0.9818471244337102,0.0,0.98720765,0.0,0.9894470222177112,0,0.9997938
76,2,7,0,5,1,0,20,0.0,0.0,0.9237028,0.0,0.9417246049423472,0.0,0.94211364,0.0,0.961376005229378,0,0.99999607
22,2,0,3,0,1,1,40,0.0,0.0,0.98158884,0.0,0.9759556115616541,0.0,0.9845462,0.0,0.9792585095172656,0,0.9998104
41,2,1,1,5,1,1,60,1.0,1.0,0.16005826,1.0,0.1259039234698106,1.0,0.21343434,1.0,0.15990291231280618,1,5.300942e-07
59,3,6,1,0,1,1,40,0.0,0.0,0.8848072,0.0,0.8211010027489011,0.0,0.80274546,0.0,0.8473880004297383,0,0.9376828
54,3,3,1,4,0,1,45,0.0,0.0,0.6891422,0.0,0.7429597396379259,0.0,0.5423596,0.0,0.5857957100182242,1,0.05577727
60,2,4,1,5,1,1,50,1.0,1.0,0.084602654,1.0,0.0992205992819174,1.0,0.1929509,1.0,0.15963820852426025,1,5.011829e-07
62,2,6,1,4,0,1,42,0.0,0.0,0.823425,0.0,0.8847149110976997,0.0,0.75205743,0.0,0.7492192642783739,0,0.7843968
47,0,0,1,0,1,1,40,0.0,0.0,0.55338955,0.0,0.5324184658147331,1.0,0.4639324,0.0,0.5391253342363869,1,0.0375817
25,2,3,3,5,1,0,48,0.0,0.0,0.97684973,0.0,0.987257379296224,0.0,0.95054746,0.0,0.9720766088812319,0,0.9997342
52,0,2,1,2,1,1,40,1.0,1.0,0.15879881,1.0,0.13314381321021318,1.0,0.24820966,1.0,0.17876835610742958,1,1.2427652e-05
39,2,3,0,5,1,0,40,0.0,0.0,0.9476942,0.0,0.9705967843936908,0.0,0.94213766,0.0,0.9548790638767506,0,0.9996815
20,2,7,3,4,1,1,25,0.0,0.0,0.9979336,0.0,0.9891460854193236,0.0,0.99231434,0.0,0.9899153546152761,0,0.9998276
39,2,3,3,5,0,0,40,0.0,0.0,0.9759375,0.0,0.9831313567731444,0.0,0.9701165,0.0,0.9774067903251302,0,0.99977165
50,2,0,0,0,1,1,40,0.0,0.0,0.9000168,0.0,0.9180364946638191,0.0,0.94699556,0.0,0.9282520189035003,0,0.99972767
48,2,3,1,5,1,0,40,1.0,0.0,0.64845884,0.0,0.5760818009437033,0.0,0.6163763,0.0,0.5494164969838116,1,0.032481186
17,1,6,3,1,1,1,40,0.0,0.0,0.99997646,0.0,0.9898140437513745,0.0,0.9748562,0.0,0.9771621985385982,0,0.9999944
43,2,7,0,5,0,0,40,0.0,0.0,0.94338554,0.0,0.9609083163770553,0.0,0.9583571,0.0,0.9748208407418906,0,0.9999423
35,2,6,0,0,1,1,50,0.0,0.0,0.9764147,0.0,0.944748249765871,0.0,0.96347517,0.0,0.962546352739235,0,0.9997756
50,0,4,0,2,1,0,40,0.0,0.0,0.72933227,0.0,0.8391316991036365,0.0,0.73301446,0.0,0.7502972081740832,0,0.91973466
23,0,7,3,5,1,1,30,0.0,0.0,0.9849228,0.0,0.9869178944130885,0.0,0.9872211,0.0,0.960623043334947,0,0.99999285
30,2,3,0,4,1,0,40,0.0,0.0,0.97638863,0.0,0.9797432316205754,0.0,0.9875652,0.0,0.9821220594613431,0,0.9998017
32,2,1,1,4,1,1,40,1.0,1.0,0.482549,1.0,0.4646685647713942,1.0,0.4226699,1.0,0.4733966823770209,1,0.009635481
29,1,3,1,1,1,0,27,0.0,0.0,0.903387,0.0,0.905710767949437,0.0,0.9557686,0.0,0.9259464320877295,0,0.9987256
43,2,1,3,2,1,1,45,1.0,0.0,0.724161,0.0,0.6340834276537479,0.0,0.7323302,0.0,0.6864969385312106,1,0.2733944
35,3,1,3,2,1,0,40,0.0,0.0,0.8980891,0.0,0.8719071387410025,0.0,0.9707806,0.0,0.9268706900145125,0,0.9999919
38,2,7,0,3,1,1,60,0.0,0.0,0.80748713,0.0,0.708908298949624,0.0,0.89146835,0.0,0.8918608982775582,0,0.9987643
24,2,7,3,2,0,1,40,0.0,0.0,0.9761822,0.0,0.9650953314529103,0.0,0.90773785,0.0,0.9693438363382854,0,0.9999161
18,2,6,3,3,1,0,24,0.0,0.0,0.99969715,0.0,0.9872844479912313,0.0,0.9965713,0.0,0.9899697592334556,0,0.9998517
38,2,3,1,0,1,1,40,0.0,0.0,0.7821983,0.0,0.7646235342535945,0.0,0.8207389,0.0,0.8194254020385872,0,0.89830863
41,2,7,0,0,1,1,40,0.0,0.0,0.92647666,0.0,0.9318492516086576,0.0,0.9624903,0.0,0.979291268642183,0,0.99980396
64,2,7,4,3,1,0,40,0.0,0.0,0.9213063,0.0,0.9436384866287011,0.0,0.92951936,0.0,0.9617404975618793,0,0.999514
69,2,2,1,2,1,1,40,1.0,1.0,0.107512176,1.0,0.15513631858261145,1.0,0.10402012,1.0,0.15493907320784917,1,7.859111e-07
34,2,7,3,4,1,1,40,0.0,0.0,0.9769742,0.0,0.9841289461435011,0.0,0.98374534,0.0,0.9854531904165189,0,0.99978155
30,2,7,1,0,1,1,40,0.0,0.0,0.7494171,0.0,0.7830580780233696,0.0,0.74758196,0.0,0.7617795959830724,0,0.8263304
41,2,3,1,0,1,1,35,0.0,0.0,0.84515435,0.0,0.8223723727163581,0.0,0.8581854,0.0,0.8631864628560653,0,0.9592573
21,2,3,3,4,1,1,22,0.0,0.0,0.99799645,0.0,0.9895318220235824,0.0,0.9923353,0.0,0.989972401351476,0,0.99982554
65,2,6,1,0,1,1,40,0.0,0.0,0.84120154,0.0,0.8672285572287282,0.0,0.89007187,0.0,0.8489331161565628,0,0.94234043
41,2,3,1,5,1,1,40,0.0,0.0,0.56450844,1.0,0.47715679791118204,0.0,0.5695225,0.0,0.6032148183164494,1,0.11309799
22,2,6,3,0,1,1,30,0.0,0.0,0.9989509,0.0,0.9894128297988737,0.0,0.9958999,0.0,0.9899697592334556,0,0.9998529
31,2,7,1,5,0,1,50,0.0,1.0,0.4794647,1.0,0.4414315918768402,0.0,0.5918957,1.0,0.4487319815177391,1,2.9723298e-05
20,2,3,3,0,1,0,40,0.0,0.0,0.9945882,0.0,0.990474764114206,0.0,0.98805225,0.0,0.9894470222177112,0,0.9997993
44,2,3,1,0,1,1,48,0.0,0.0,0.64715147,0.0,0.5671423253612002,0.0,0.62589586,0.0,0.6307793578535944,1,0.2464495
19,2,7,3,5,1,1,10,0.0,0.0,0.99787915,0.0,0.9887175013157533,0.0,0.9879709,0.0,0.9899697592334556,0,0.9998921
33,2,1,1,5,1,1,50,1.0,1.0,0.23902404,1.0,0.17845543096733496,1.0,0.17219359,1.0,0.1845093292298321,1,4.7667575e-07
51,2,7,0,5,1,0,40,0.0,0.0,0.91043764,0.0,0.965427068059244,0.0,0.95068014,0.0,0.9543261532955916,0,0.9999616
51,0,7,1,4,1,1,40,1.0,0.0,0.50309825,1.0,0.4169897696723601,0.0,0.662809,0.0,0.5105403333028898,1,0.00023190652
28,2,1,3,0,1,1,40,0.0,0.0,0.9415171,0.0,0.9545998822617625,0.0,0.95573187,0.0,0.9496483812269406,0,0.9997137
62,2,5,1,0,1,1,45,1.0,1.0,0.16544896,1.0,0.23672741012252274,1.0,0.3562379,1.0,0.27909743549173016,1,5.995559e-07
26,0,3,0,5,1,0,25,0.0,0.0,0.98307514,0.0,0.9776183160544628,0.0,0.983129,0.0,0.9758031719434781,0,0.9999796
21,2,3,3,0,1,1,40,0.0,0.0,0.9940467,0.0,0.9839535596896772,0.0,0.98820007,0.0,0.9894470222177112,0,0.9997998
27,2,3,1,0,1,1,40,0.0,0.0,0.85672677,0.0,0.8999878471181937,0.0,0.86851865,0.0,0.8831974987593281,0,0.9807011
35,0,7,2,5,0,0,40,0.0,0.0,0.91049236,0.0,0.9570630051189325,0.0,0.9826149,0.0,0.9725331114127458,0,0.99994457
40,2,7,2,5,1,0,60,0.0,0.0,0.8503843,0.0,0.8745585430533299,0.0,0.86825657,0.0,0.6770518797532501,0,0.75109553
58,1,7,1,1,0,1,30,0.0,0.0,0.740327,0.0,0.7089526298324113,0.0,0.64350545,0.0,0.7246310312318629,1,0.374595
71,0,7,1,5,1,1,40,1.0,1.0,0.33582407,0.0,0.5464023734751469,1.0,0.45735234,1.0,0.3500416999930961,1,3.4306126e-05
45,2,1,1,2,0,1,40,0.0,1.0,0.3294167,1.0,0.26431675860892945,1.0,0.21629256,1.0,0.21282889277308592,1,5.2800647e-07
59,2,3,1,4,1,1,24,1.0,0.0,0.7815174,0.0,0.7626516799707639,0.0,0.6927248,0.0,0.7483785120635993,0,0.54050857
67,2,6,1,0,0,1,40,0.0,0.0,0.85607374,0.0,0.8275523125193595,0.0,0.897782,0.0,0.8489331161565628,0,0.9331144
25,2,6,2,0,1,1,40,0.0,0.0,0.99354726,0.0,0.9682659999738528,0.0,0.98668855,0.0,0.9887805545873848,0,0.999816
25,1,6,3,1,1,0,32,0.0,0.0,0.9981481,0.0,0.9869808989041841,0.0,0.99289346,0.0,0.9796861305431934,0,0.99998415
28,2,0,1,0,0,1,40,0.0,0.0,0.8054443,0.0,0.7872125406045272,0.0,0.74871826,0.0,0.7392101445267152,0,0.7776726
45,2,7,1,0,0,1,40,0.0,0.0,0.69284236,0.0,0.6604881244718539,0.0,0.6087073,0.0,0.6342640684749676,1,0.22143923
35,2,7,1,0,1,1,45,0.0,0.0,0.60794604,0.0,0.5860653255744597,0.0,0.655923,0.0,0.639052074019741,1,0.23660956
38,2,1,3,4,1,0,35,0.0,0.0,0.95743823,0.0,0.9723321415651918,0.0,0.94673634,0.0,0.9727828833363894,0,0.99962115
19,2,3,1,4,0,0,16,0.0,0.0,0.9709091,0.0,0.9777645052281034,0.0,0.9755628,0.0,0.9730340127939558,0,0.9969687
59,2,6,1,4,1,0,99,0.0,0.0,0.7694775,0.0,0.8497043001508815,0.0,0.5343349,1.0,0.47537911154309376,1,0.0034913982
18,2,7,3,3,1,0,20,0.0,0.0,0.99874234,0.0,0.9841679694895232,0.0,0.9963974,0.0,0.9899697592334556,0,0.99984884
36,2,7,1,0,1,1,44,0.0,0.0,0.61059856,0.0,0.5572919195962956,0.0,0.6511121,0.0,0.639052074019741,1,0.23877299
40,2,3,1,2,1,1,40,1.0,0.0,0.55561495,0.0,0.5414365678760056,0.0,0.57205284,0.0,0.6061164878581301,1,0.12195829
65,3,7,1,5,1,1,40,0.0,1.0,0.36830592,1.0,0.43324016618673034,1.0,0.15744406,1.0,0.3812844107729385,1,1.4134389e-06
50,2,1,1,5,1,1,40,1.0,1.0,0.20845985,1.0,0.19642013608951348,1.0,0.21126252,1.0,0.18040635947846795,1,5.173121e-07
32,2,7,3,5,1,0,50,0.0,0.0,0.93870723,0.0,0.9706936763074079,0.0,0.9668435,0.0,0.9642176216617573,0,0.9999063
42,2,7,1,5,1,0,40,1.0,0.0,0.56113434,1.0,0.47922132116555005,1.0,0.46536285,0.0,0.5160127627234434,1,4.930796e-05
32,0,4,1,2,1,1,48,0.0,1.0,0.24256903,1.0,0.2212939580808203,1.0,0.20820045,1.0,0.25530878303063365,1,7.308332e-07
28,2,1,3,2,1,1,40,0.0,0.0,0.8725374,0.0,0.8967412296966963,0.0,0.9150175,0.0,0.9206555797824365,0,0.99989855
21,2,7,3,0,1,1,40,0.0,0.0,0.99146056,0.0,0.9820711578154036,0.0,0.9935959,0.0,0.9896973455652845,0,0.99984205
34,2,1,3,4,1,1,40,0.0,0.0,0.91894925,0.0,0.9646217352458349,0.0,0.9612789,0.0,0.9509343432606283,0,0.999009
19,2,7,3,0,1,1,20,0.0,0.0,0.99848574,0.0,0.9901931163143916,0.0,0.9965217,0.0,0.9899697592334556,0,0.99985397
26,2,3,0,5,1,0,50,0.0,0.0,0.9425887,0.0,0.9751663208466368,0.0,0.92753446,0.0,0.9444229099792565,0,0.9996182
38,2,6,1,0,1,1,40,0.0,0.0,0.90279776,0.0,0.9127937270184376,0.0,0.9104562,0.0,0.9024606956917652,0,0.9942859
54,2,0,1,3,1,1,50,0.0,1.0,0.26743633,1.0,0.3019031717157351,1.0,0.44935817,1.0,0.44036411415379684,1,5.2347773e-06
29,2,6,1,4,1,0,40,0.0,0.0,0.9541798,0.0,0.9644995579331204,0.0,0.954286,0.0,0.9379496192885362,0,0.9961008
21,2,3,3,5,1,0,40,0.0,0.0,0.99002784,0.0,0.9887718555540658,0.0,0.9899146,0.0,0.9899697592334556,0,0.99983025
22,0,3,3,4,1,1,56,0.0,0.0,0.9686054,0.0,0.9616599461498876,0.0,0.90631485,0.0,0.9417226782364728,0,0.9995215
40,2,4,1,5,1,1,65,1.0,1.0,0.09968275,1.0,0.10796978307859995,1.0,0.18213987,1.0,0.17988314330789346,1,4.8341724e-07
43,2,6,1,0,1,0,25,0.0,0.0,0.94703114,0.0,0.9504340942980041,0.0,0.966929,0.0,0.9449306131818841,0,0.99772185
69,1,3,1,1,1,1,24,0.0,0.0,0.74302006,0.0,0.8410669726307429,0.0,0.8850783,0.0,0.8504352748523736,0,0.91925377
40,0,1,1,2,1,1,66,1.0,1.0,0.2542777,1.0,0.35827082192003934,1.0,0.3230884,1.0,0.4046908419302454,1,3.7182792e-06
51,0,7,0,2,1,0,40,0.0,0.0,0.881879,0.0,0.8923765544060176,0.0,0.9079219,0.0,0.9399316002739952,0,0.9999901
50,2,7,1,0,1,1,70,1.0,1.0,0.4084921,1.0,0.43672797017028353,1.0,0.49869555,1.0,0.42142999093562705,1,2.3647439e-05
50,2,1,0,2,1,0,45,0.0,0.0,0.68782496,0.0,0.6423646277793762,1.0,0.4901433,1.0,0.4931357150615948,1,0.0012587155
43,2,4,0,5,1,0,40,1.0,0.0,0.70431167,0.0,0.6590343913267303,0.0,0.5838288,0.0,0.6217112261333322,1,0.12924536
40,2,0,1,5,1,1,40,1.0,1.0,0.43131965,1.0,0.4811423072484481,1.0,0.35823065,1.0,0.4268325333757689,1,0.0005419385
34,2,3,3,4,0,0,35,0.0,0.0,0.99290764,0.0,0.9880617331285135,0.0,0.9920026,0.0,0.989972401351476,0,0.99982136
35,2,1,3,5,1,0,40,0.0,0.0,0.8951467,0.0,0.9463484605579258,0.0,0.90574586,0.0,0.8960995663237955,0,0.99963605
23,0,7,3,5,1,1,15,0.0,0.0,0.99136806,0.0,0.9840978223615591,0.0,0.9583111,0.0,0.9582131692698947,0,0.99999404
38,0,7,3,4,1,1,12,0.0,0.0,0.9889015,0.0,0.9684646707598941,0.0,0.969606,0.0,0.9697575642603723,0,0.9999925
53,2,3,1,0,1,1,40,0.0,0.0,0.694502,0.0,0.5649443162141652,0.0,0.6339659,0.0,0.667714424362824,1,0.29097065
29,0,4,3,2,1,0,35,0.0,0.0,0.9110744,0.0,0.9010317956696435,0.0,0.9241156,0.0,0.9691777608608202,0,0.99996054
29,2,3,3,3,1,0,10,0.0,0.0,0.99786335,0.0,0.9871408291603103,0.0,0.9920253,0.0,0.989972401351476,0,0.99983335
63,2,3,1,0,0,1,40,0.0,0.0,0.7148193,0.0,0.6976702748254066,0.0,0.6303989,0.0,0.6307793578535944,1,0.17291486
31,2,4,3,2,0,1,40,0.0,0.0,0.82507974,0.0,0.8252917389455499,0.0,0.8889894,0.0,0.8107239481600159,0,0.98978686
69,2,6,1,4,1,1,20,0.0,0.0,0.9044483,0.0,0.9340462762727266,0.0,0.8847512,0.0,0.8900506808783835,0,0.9704118
28,2,1,3,2,1,0,40,0.0,0.0,0.9036351,0.0,0.9500157005060365,0.0,0.9150175,0.0,0.9206555797824365,0,0.99989855
56,2,1,3,5,1,0,45,1.0,0.0,0.7876656,0.0,0.7817873306823182,0.0,0.6372912,1.0,0.47833634322673446,1,7.239794e-05
17,1,6,3,1,0,0,20,0.0,0.0,0.9999831,0.0,0.9909097990129998,0.0,0.96928847,0.0,0.9765910865511349,0,0.99999297
28,2,3,1,0,1,1,35,0.0,0.0,0.9053796,0.0,0.9084629442470964,0.0,0.9248117,0.0,0.8993790597246465,0,0.99383587
36,0,3,1,2,1,1,40,1.0,0.0,0.5807116,0.0,0.7634463104779443,0.0,0.6657569,0.0,0.6650647892074693,1,0.09247582
22,2,3,3,0,1,1,40,0.0,0.0,0.99313945,0.0,0.9833924674745405,0.0,0.9882902,0.0,0.9894470222177112,0,0.99980015
18,0,7,3,4,1,0,40,0.0,0.0,0.99458575,0.0,0.9872960414082921,0.0,0.9641467,0.0,0.979568160064048,0,0.99998236
42,2,3,0,0,1,1,40,0.0,0.0,0.9535782,0.0,0.9372321625938771,0.0,0.97711575,0.0,0.9680756794968552,0,0.99977905
50,0,7,2,4,0,0,28,0.0,0.0,0.9582407,0.0,0.968181211808448,0.0,0.9615347,0.0,0.9672546017508027,0,0.99999106
87,1,3,4,1,1,1,2,0.0,0.0,0.9744307,0.0,0.9603534505045866,0.0,0.9924633,0.0,0.9748607534223949,0,0.9999502
37,3,4,0,5,1,0,70,0.0,0.0,0.60929155,0.0,0.5852388723433359,0.0,0.543461,0.0,0.5137800811273605,1,0.01420934
22,2,3,3,4,1,0,48,0.0,0.0,0.9890101,0.0,0.988785515066983,0.0,0.9795183,0.0,0.9821220594613431,0,0.9997845
51,3,5,0,2,1,1,60,1.0,1.0,0.48936623,1.0,0.2553412812102821,1.0,0.32054967,1.0,0.20664348476319339,1,3.343025e-05
28,2,6,3,0,0,1,40,0.0,0.0,0.9957092,0.0,0.9781086277439146,0.0,0.9922262,0.0,0.9894470222177112,0,0.99983585
32,2,3,0,0,1,1,50,0.0,0.0,0.9429805,0.0,0.944650646379687,0.0,0.94548887,0.0,0.9487925727338911,0,0.99969137
49,3,6,0,4,1,0,20,0.0,0.0,0.9932876,0.0,0.9682317531646375,0.0,0.99395055,0.0,0.9810567097828234,0,0.9998209
19,1,7,3,1,1,1,35,0.0,0.0,0.99790525,0.0,0.9878615556733356,0.0,0.99254006,0.0,0.9793966789580807,0,0.99997973
28,0,1,3,5,1,1,40,0.0,0.0,0.9005772,0.0,0.9491819943321603,0.0,0.9199614,0.0,0.9501785570989156,0,0.9991648
51,2,6,1,0,1,1,40,1.0,0.0,0.86781895,0.0,0.8922624294299901,0.0,0.8527765,0.0,0.8741853458116003,0,0.9702424
23,2,6,3,4,1,0,15,0.0,0.0,0.9994685,0.0,0.9881531134355555,0.0,0.9968171,0.0,0.9899697592334556,0,0.99983406
34,2,6,3,0,1,1,40,0.0,0.0,0.9931148,0.0,0.9722561444806215,0.0,0.9917252,0.0,0.9894470222177112,0,0.99983263
29,2,3,3,0,1,1,48,0.0,0.0,0.9770533,0.0,0.9769663543705879,0.0,0.97785836,0.0,0.9798850381716767,0,0.99977404
29,0,7,0,5,1,0,40,0.0,0.0,0.94094396,0.0,0.9693712077833756,0.0,0.97847396,0.0,0.9787385219036844,0,0.9999769
33,2,1,1,2,0,1,40,1.0,1.0,0.39317828,1.0,0.35759743378116937,1.0,0.3661096,1.0,0.33929649689594776,1,9.2175975e-07
21,2,0,3,4,1,0,5,0.0,0.0,0.99795234,0.0,0.9837553306447372,0.0,0.9926753,0.0,0.9899697592334556,0,0.9998318
44,2,7,1,0,1,1,40,0.0,0.0,0.62956595,0.0,0.6502940194674255,0.0,0.6201444,0.0,0.639052074019741,1,0.24313544
41,2,1,1,5,1,1,40,1.0,1.0,0.26487523,1.0,0.20037442662527505,1.0,0.16750866,1.0,0.22995439362978276,1,4.6536098e-07
28,2,1,1,5,1,1,40,1.0,1.0,0.40424967,1.0,0.4352486873222192,1.0,0.31582153,1.0,0.33752168302273733,1,3.5260982e-06
40,2,3,0,0,1,1,40,0.0,0.0,0.9563438,0.0,0.9442929818511292,0.0,0.9776513,0.0,0.971835930974618,0,0.99977976
66,2,1,1,3,1,1,5,1.0,1.0,0.48050952,0.0,0.6449623407818676,1.0,0.48367387,1.0,0.4632214384851424,1,8.424543e-06
49,2,4,1,2,1,0,50,1.0,1.0,0.15980017,1.0,0.22310827222229968,1.0,0.19272023,1.0,0.19229268527000976,1,5.505719e-07
61,2,3,4,0,0,0,50,0.0,0.0,0.94014037,0.0,0.9115300544187189,0.0,0.8809286,0.0,0.8976129618291201,0,0.9990023
32,2,7,1,0,1,1,50,1.0,0.0,0.6018479,0.0,0.6425956276131823,0.0,0.6579211,0.0,0.6307551497623776,1,0.21918176
22,2,7,3,3,1,0,20,0.0,0.0,0.9971785,0.0,0.9857313578244267,0.0,0.9946478,0.0,0.9899697592334556,0,0.9998522
28,2,7,3,5,1,0,52,0.0,0.0,0.94534695,0.0,0.9773901682462696,0.0,0.96458495,0.0,0.9623879299343192,0,0.9998944
33,2,1,1,4,1,0,24,0.0,0.0,0.71437585,0.0,0.7240285407612714,0.0,0.6504699,0.0,0.646717427696337,1,0.24003206
25,2,3,3,0,1,1,45,0.0,0.0,0.98359156,0.0,0.9794783872309457,0.0,0.9807353,0.0,0.9859906533506766,0,0.99978286
37,3,7,1,5,1,0,15,0.0,0.0,0.81556964,0.0,0.8145021248139027,0.0,0.72816086,0.0,0.6808397289892439,1,0.47212148
32,2,3,3,0,1,1,60,0.0,0.0,0.9615141,0.0,0.962318593347384,0.0,0.9435987,0.0,0.9407405655191358,0,0.9996117
25,2,1,3,5,1,1,35,0.0,0.0,0.94791263,0.0,0.9517979719111374,0.0,0.96521163,0.0,0.9699410371488052,0,0.99990535
17,2,6,3,4,1,0,25,0.0,0.0,0.99998355,0.0,0.9895623665544684,0.0,0.9959061,0.0,0.9894470222177112,0,0.9998319
33,0,3,1,0,1,1,40,1.0,0.0,0.74938154,0.0,0.7620053727319418,0.0,0.8112961,0.0,0.7669591626878041,0,0.746367
50,2,6,1,0,1,1,70,1.0,0.0,0.7728966,0.0,0.6819557172521384,0.0,0.7506337,0.0,0.7723129182333668,0,0.78270996
46,0,3,1,4,1,1,43,1.0,0.0,0.5471462,0.0,0.5724628362861157,0.0,0.668771,0.0,0.6081581843237006,1,0.19058512
62,2,1,1,0,1,1,50,1.0,1.0,0.29304093,1.0,0.3180974342348363,1.0,0.32137787,1.0,0.2813918065773705,1,5.3023683e-07
47,2,1,1,5,1,1,60,1.0,1.0,0.13731045,1.0,0.12685288501967595,1.0,0.21117336,1.0,0.16465062513605178,1,5.406483e-07
38,1,1,1,1,0,0,50,1.0,0.0,0.63428044,0.0,0.5821953363066794,1.0,0.33754534,1.0,0.43648629470146616,1,0.00081809267
36,2,3,0,5,1,1,40,0.0,0.0,0.92856306,0.0,0.9456492716996364,0.0,0.9463694,0.0,0.9548790638767506,0,0.9997235
39,0,3,2,5,1,1,40,0.0,0.0,0.9101854,0.0,0.9177319297184665,0.0,0.9695558,0.0,0.9480258709774841,0,0.9998882
39,2,6,1,0,1,1,60,0.0,0.0,0.83138835,0.0,0.7590597786705712,0.0,0.8762435,0.0,0.8340187964200334,0,0.9526471
23,2,7,3,0,1,1,32,0.0,0.0,0.99491006,0.0,0.9884677891046335,0.0,0.99631536,0.0,0.9899697592334556,0,0.9998543
52,3,3,0,0,1,1,65,0.0,0.0,0.8934526,0.0,0.8514229386912713,0.0,0.8430438,0.0,0.8514312271149426,0,0.9936367
46,0,1,1,2,0,1,40,1.0,1.0,0.34839994,1.0,0.26873571514492356,1.0,0.2935267,1.0,0.3106642656804277,1,3.9301317e-06
24,2,3,1,4,1,1,40,0.0,0.0,0.8692557,0.0,0.8703609065785529,0.0,0.87104666,0.0,0.8638932606199204,0,0.9707373
24,2,3,3,4,1,1,35,0.0,0.0,0.9955941,0.0,0.9881389387329687,0.0,0.99158204,0.0,0.989972401351476,0,0.9998233
66,0,3,1,0,1,1,40,0.0,0.0,0.6142036,0.0,0.6822729194055366,0.0,0.63180983,0.0,0.6491891646062642,1,0.15490033
31,2,6,3,0,1,1,40,0.0,0.0,0.99431497,0.0,0.9736224890139612,0.0,0.9919826,0.0,0.9894470222177112,0,0.9998343
68,2,6,1,4,1,1,30,0.0,0.0,0.8810908,0.0,0.9200651142518597,0.0,0.8811365,0.0,0.8739701779055304,0,0.95783895
60,0,7,1,4,0,1,60,0.0,1.0,0.45779508,0.0,0.5201223615518239,1.0,0.35413504,1.0,0.3881098223457272,1,8.066551e-07
26,2,7,1,5,1,0,42,0.0,0.0,0.662017,0.0,0.7594250351457271,0.0,0.53993464,0.0,0.5494164969838116,1,0.019554546
25,2,3,1,0,1,1,40,0.0,0.0,0.87211096,0.0,0.9318686271174813,0.0,0.8936713,0.0,0.8899013461777947,0,0.987663
41,2,1,1,3,1,1,40,0.0,1.0,0.30513728,1.0,0.2872751259941543,1.0,0.4995985,1.0,0.395624991178128,1,3.6074941e-06
36,2,0,1,4,1,1,40,1.0,0.0,0.6326541,0.0,0.6541236797542871,0.0,0.66937506,0.0,0.639052074019741,1,0.26963896
31,2,6,0,4,1,1,40,0.0,0.0,0.9925223,0.0,0.9786302117437169,0.0,0.9961924,0.0,0.9894470222177112,0,0.9998184
21,2,0,3,5,1,0,40,0.0,0.0,0.9770694,0.0,0.977927941313297,0.0,0.9737192,0.0,0.9754234720423276,0,0.9998348
69,2,6,1,0,1,1,40,0.0,0.0,0.83832043,0.0,0.8753011099905499,0.0,0.8969649,0.0,0.8353922115138697,0,0.92250293
58,2,6,4,0,1,0,45,0.0,0.0,0.97780836,0.0,0.9548239002789897,0.0,0.97738075,0.0,0.9678502180077607,0,0.99978834
40,2,7,0,0,1,1,40,0.0,0.0,0.92916477,0.0,0.9318492516086576,0.0,0.9685688,0.0,0.979291268642183,0,0.99980325
25,0,7,1,5,1,0,19,0.0,0.0,0.8772529,0.0,0.8771760821207997,0.0,0.952362,0.0,0.965792651684751,0,0.9998779
32,3,3,1,3,1,1,65,1.0,0.0,0.53575593,1.0,0.465010941077856,0.0,0.63278246,0.0,0.6032148183164494,1,0.046967257
30,2,0,1,0,1,1,40,1.0,0.0,0.7213999,0.0,0.7646118807334535,0.0,0.70616686,0.0,0.7382388436677476,0,0.7064391
30,2,7,0,0,1,1,50,0.0,0.0,0.9161924,0.0,0.9043675809407025,0.0,0.9572417,0.0,0.9543525845891495,0,0.99976045
38,2,4,1,5,1,1,60,1.0,1.0,0.11363089,1.0,0.11690535464918905,1.0,0.17698157,1.0,0.2090141473626843,1,4.7891575e-07
48,2,7,0,3,1,1,45,0.0,0.0,0.8232275,0.0,0.8226784035019536,0.0,0.9346006,0.0,0.9042219444960401,0,0.99981743
83,3,1,1,5,1,1,55,1.0,1.0,0.18386376,1.0,0.22344927389796898,1.0,0.2401759,1.0,0.3287487665904306,1,1.48954e-06
19,2,3,3,4,0,1,30,0.0,0.0,0.9983859,0.0,0.9893993369396211,0.0,0.99209565,0.0,0.9899697592334556,0,0.9998235
39,2,1,1,3,1,0,30,0.0,0.0,0.6026244,0.0,0.5887566857662851,1.0,0.42154616,1.0,0.4647016141912528,1,0.0012220214
47,2,3,1,0,1,1,55,1.0,0.0,0.5652045,0.0,0.5124239388361679,0.0,0.57331693,0.0,0.6032148183164494,1,0.13940023
48,2,7,0,5,1,0,38,0.0,0.0,0.94089,0.0,0.9704351045506414,0.0,0.9555098,0.0,0.9751989369346568,0,0.99996173
55,1,3,1,1,0,0,40,0.0,0.0,0.7841183,0.0,0.8744113004628516,0.0,0.7710479,0.0,0.7927403349726079,0,0.8244506
56,2,3,1,0,1,1,40,0.0,0.0,0.6809906,0.0,0.5964521145181706,0.0,0.615865,0.0,0.6350077258889693,1,0.25658777
38,2,1,1,3,1,1,40,1.0,1.0,0.3306393,1.0,0.2913296187069587,1.0,0.41584957,1.0,0.37225333932314586,1,9.194996e-06
60,2,1,1,5,1,1,45,1.0,1.0,0.13303226,1.0,0.13114360810971404,1.0,0.21414042,1.0,0.17734971812946598,1,5.6508685e-07
57,2,3,4,4,1,0,25,0.0,0.0,0.97012484,0.0,0.9560942306530268,0.0,0.9902008,0.0,0.9855351098496185,0,0.99981576
31,2,7,3,4,1,1,40,0.0,0.0,0.98111403,0.0,0.9847736515206518,0.0,0.9837885,0.0,0.9861709950891865,0,0.99979347
68,3,2,1,2,1,1,50,0.0,1.0,0.14422804,1.0,0.17963420317573364,1.0,0.33127445,1.0,0.15160915233348793,1,2.0804468e-06
35,2,3,3,0,1,1,40,0.0,0.0,0.98153263,0.0,0.9806113063845955,0.0,0.98827726,0.0,0.9894470222177112,0,0.9998004
65,2,1,1,5,1,1,40,1.0,1.0,0.1603002,1.0,0.2648331410920203,1.0,0.21628428,1.0,0.22578763585622563,1,5.3503345e-07
45,2,1,1,4,1,1,50,1.0,1.0,0.25938785,1.0,0.23362660228395593,1.0,0.40878576,1.0,0.34696291438547344,1,1.6569289e-06
17,2,6,3,4,1,0,20,0.0,0.0,0.9999864,0.0,0.9898587615976677,0.0,0.9961801,0.0,0.9894470222177112,0,0.9998349
33,3,3,1,0,1,1,40,0.0,0.0,0.8317412,0.0,0.8168467004889179,0.0,0.7455008,0.0,0.7723129182333668,0,0.80333924
62,2,0,1,4,1,1,40,1.0,1.0,0.43768036,0.0,0.5407321492555223,0.0,0.51329184,1.0,0.4719673107363551,1,0.00320173
56,2,7,1,3,1,1,40,1.0,1.0,0.42593873,1.0,0.4726202680586603,1.0,0.45930105,1.0,0.4191860682809172,1,7.084692e-05
40,2,0,1,0,1,1,60,0.0,1.0,0.48732424,0.0,0.6889680850684701,0.0,0.5280615,0.0,0.5198085433821471,1,0.012230268
24,2,3,2,0,0,0,40,0.0,0.0,0.98271406,0.0,0.9757522442450756,0.0,0.98255384,0.0,0.9868458066073523,0,0.99978155
27,2,0,1,3,1,1,60,0.0,0.0,0.5064297,0.0,0.6396191920504053,0.0,0.53638446,0.0,0.5055583302213683,1,0.006473477
20,2,7,3,4,1,1,20,0.0,0.0,0.99835294,0.0,0.9894338552914397,0.0,0.9919624,0.0,0.9899153546152761,0,0.99982893
67,1,6,1,1,1,1,40,0.0,0.0,0.89668155,0.0,0.8978185793170201,0.0,0.91418594,0.0,0.8784150322059026,0,0.9900518
35,2,7,1,3,1,1,45,0.0,0.0,0.53997695,0.0,0.500457637097401,1.0,0.40510708,1.0,0.4574803772140026,1,0.010994309
49,1,6,2,1,1,1,40,0.0,0.0,0.9893294,0.0,0.9571032165677548,0.0,0.989798,0.0,0.9740562676983328,0,0.99997294
39,2,1,3,5,1,1,50,1.0,0.0,0.6871351,0.0,0.7096037945137934,0.0,0.68047583,0.0,0.6023773257033966,1,0.08575543
26,2,6,1,0,1,1,40,0.0,0.0,0.94403595,0.0,0.9527328621802601,0.0,0.9604948,0.0,0.9453412262246254,0,0.99716645
36,3,1,3,3,0,0,50,0.0,0.0,0.9340034,0.0,0.900187405783251,0.0,0.83237636,0.0,0.7352380327771944,0,0.8930385
32,2,7,1,5,0,0,40,0.0,0.0,0.69974244,0.0,0.7449126487419102,0.0,0.5280192,0.0,0.5309679499908395,1,0.021517523
36,3,3,1,0,1,1,57,0.0,0.0,0.7085115,0.0,0.7614114736990609,0.0,0.68727064,0.0,0.6876510263550797,1,0.42667192
34,2,3,1,4,1,1,20,0.0,0.0,0.904253,0.0,0.8768640074302536,0.0,0.96227884,0.0,0.9111144945151507,0,0.9920266
44,3,1,1,5,1,1,60,0.0,1.0,0.21275586,1.0,0.2741010497384676,1.0,0.22583896,1.0,0.24000866227860884,1,4.809897e-07
37,2,3,1,0,1,1,40,0.0,0.0,0.7887966,0.0,0.8164591072876566,0.0,0.8224476,0.0,0.8194254020385872,0,0.92583656
46,0,1,1,2,1,1,38,1.0,1.0,0.36943072,0.0,0.5627736958248624,1.0,0.36870223,1.0,0.38370390240988284,1,4.8035618e-06
23,2,0,3,3,1,1,30,0.0,0.0,0.9887022,0.0,0.9693105740316675,0.0,0.9922496,0.0,0.9899697592334556,0,0.9998301
38,2,1,1,2,1,0,40,0.0,1.0,0.28637218,1.0,0.2663787519945533,1.0,0.2568639,1.0,0.24897083871612624,1,5.8006634e-07
41,2,5,1,2,1,1,50,1.0,1.0,0.108857274,1.0,0.14225833852937542,1.0,0.20728296,1.0,0.20199959310403504,1,5.179134e-07
28,2,7,1,0,0,1,40,0.0,0.0,0.8106156,0.0,0.8289777277827941,0.0,0.7719116,0.0,0.8077127130347064,0,0.8725142
53,0,1,0,2,1,0,54,0.0,0.0,0.75021386,0.0,0.827945170557913,0.0,0.791938,0.0,0.6572953003971416,1,0.00061737065
46,2,3,1,5,1,0,40,1.0,0.0,0.65963703,0.0,0.5196021384365765,0.0,0.5639371,0.0,0.5494164969838116,1,0.04199294
18,1,7,3,1,1,1,30,0.0,0.0,0.99862534,0.0,0.9878615556733356,0.0,0.99316233,0.0,0.9796861305431934,0,0.99998057
42,2,0,1,4,1,1,45,0.0,1.0,0.47965068,1.0,0.49805701290745463,1.0,0.4097879,0.0,0.5158017398086168,1,0.02028342
26,1,3,2,1,1,0,40,0.0,0.0,0.9858475,0.0,0.9770533731627452,0.0,0.9612528,0.0,0.9695761215694508,0,0.999961
44,0,0,1,0,1,1,40,1.0,0.0,0.57304156,0.0,0.5693243741336018,0.0,0.5278374,0.0,0.5291325395813822,1,0.10804825
55,2,1,4,5,1,0,40,0.0,0.0,0.7853172,0.0,0.7872503807694634,0.0,0.59737194,0.0,0.522171599383507,1,0.0012955741
46,2,6,1,2,1,0,45,0.0,0.0,0.75855327,0.0,0.728393748036408,0.0,0.7444887,0.0,0.8353621233845884,0,0.8969398
25,0,3,3,4,1,1,40,0.0,0.0,0.980022,0.0,0.974727463376063,0.0,0.9770973,0.0,0.9797978664963035,0,0.99979407
50,0,7,0,5,0,0,40,0.0,0.0,0.90947765,0.0,0.9625521591619941,0.0,0.9565754,0.0,0.9573588957119006,0,0.9995402
28,2,3,1,0,1,1,40,0.0,0.0,0.84946835,0.0,0.8915321525045957,0.0,0.8635098,0.0,0.8737517909641446,0,0.97557324
31,2,7,1,3,1,1,40,0.0,0.0,0.6990528,0.0,0.7017540809276277,0.0,0.63446367,0.0,0.6310682575549498,1,0.27204964
48,2,1,1,2,1,1,45,1.0,1.0,0.22570884,1.0,0.22219635801446658,1.0,0.2330299,1.0,0.1831987890163519,1,5.7906817e-07
59,2,7,1,0,1,1,50,0.0,1.0,0.43822122,1.0,0.4842600470123305,1.0,0.372303,1.0,0.4612109306612001,1,8.505798e-05
52,3,3,1,5,1,0,40,1.0,0.0,0.6196203,0.0,0.758347288647597,0.0,0.5574177,0.0,0.5434820805983384,1,0.007992848
55,1,6,1,1,1,1,40,0.0,0.0,0.9131178,0.0,0.8762111404450322,0.0,0.962427,0.0,0.8862369506946685,0,0.9988403
41,3,3,0,0,1,1,40,0.0,0.0,0.96140474,0.0,0.9196682825819904,0.0,0.9180526,0.0,0.9359941158486011,0,0.99962926
36,0,4,3,2,1,1,40,0.0,0.0,0.82625616,0.0,0.8903165784142445,0.0,0.934345,0.0,0.909325445719701,0,0.98924285
28,2,1,3,3,1,1,40,0.0,0.0,0.92134416,0.0,0.9152501467512296,0.0,0.9234849,0.0,0.9321995195778161,0,0.9995204
22,0,1,3,5,1,0,10,0.0,0.0,0.9888907,0.0,0.9820070403057253,0.0,0.98035234,0.0,0.979122174963631,0,0.99997854
52,3,3,0,3,0,1,40,0.0,0.0,0.92000747,0.0,0.8580295560770619,0.0,0.92052037,0.0,0.8985250233550862,0,0.99893934
65,3,7,1,3,1,1,35,1.0,0.0,0.54549015,0.0,0.7328288222674136,1.0,0.32633597,0.0,0.5050956103352909,1,1.470101e-05
41,2,4,4,2,1,0,55,0.0,0.0,0.634584,0.0,0.6120039536840105,0.0,0.59380615,0.0,0.538006274899161,1,0.00011819838
53,2,3,1,0,1,1,40,0.0,0.0,0.694502,0.0,0.5649443162141652,0.0,0.6339659,0.0,0.667714424362824,1,0.29097065
41,2,3,0,3,0,0,38,0.0,0.0,0.98259246,0.0,0.9765690358263537,0.0,0.98636556,0.0,0.9894470222177112,0,0.9997955
52,0,1,1,5,1,1,45,1.0,1.0,0.2353797,1.0,0.2535665765682219,1.0,0.22999859,1.0,0.24796318180701393,1,4.798228e-06
38,2,0,1,2,1,1,42,0.0,1.0,0.35468668,1.0,0.2873670789939097,1.0,0.2938546,1.0,0.3852434338964731,1,1.8608538e-05
61,2,3,1,0,1,1,40,0.0,0.0,0.6560302,0.0,0.6855422383669117,0.0,0.6173782,0.0,0.6307793578535944,1,0.20206133
43,3,1,1,3,1,1,45,1.0,1.0,0.29164505,1.0,0.3644537283344962,1.0,0.33280206,1.0,0.36072481141341883,1,6.68237e-07
46,3,7,2,2,1,1,20,0.0,0.0,0.9403798,0.0,0.8543651958572567,0.0,0.9892741,0.0,0.9392718390975504,0,0.9999976
33,2,7,3,0,1,1,55,0.0,0.0,0.9408199,0.0,0.9502901239344592,0.0,0.9521388,0.0,0.9537758424260997,0,0.99975795
44,2,7,1,0,1,1,56,1.0,1.0,0.47983468,1.0,0.4644663746361848,1.0,0.483324,0.0,0.5125192191314483,1,0.005345466
33,2,1,3,5,1,1,40,0.0,0.0,0.8441645,0.0,0.9063361916057686,0.0,0.89943105,0.0,0.9050320562538712,0,0.9996649
39,0,1,0,5,0,0,40,0.0,0.0,0.87895936,0.0,0.9019720717817951,0.0,0.880698,0.0,0.8942165322375937,0,0.98820484
59,2,7,1,5,1,0,14,1.0,0.0,0.70616287,0.0,0.675891987534136,0.0,0.5536269,1.0,0.4960739526616882,1,0.0037607732
47,2,3,1,0,1,1,40,0.0,0.0,0.7275405,0.0,0.6622684713512601,0.0,0.71150386,0.0,0.7277306171796802,0,0.65423334
46,2,1,1,0,1,1,40,1.0,1.0,0.3986348,1.0,0.41014098574155267,0.0,0.52318573,1.0,0.44805050875402486,1,0.00039115554
31,1,6,2,1,0,1,40,0.0,0.0,0.9942412,0.0,0.9522771631476877,0.0,0.99255025,0.0,0.9796861305431934,0,0.99997616
51,3,0,1,3,1,1,60,0.0,1.0,0.29631335,1.0,0.3482409909874449,1.0,0.41922998,1.0,0.3530933165001704,1,1.5086943e-06
24,1,6,1,1,0,0,24,0.0,0.0,0.97927254,0.0,0.9625573219619759,0.0,0.98228705,0.0,0.970950781573428,0,0.99997985
45,2,7,1,2,1,1,50,1.0,1.0,0.3105836,1.0,0.29534087062581427,1.0,0.31101274,1.0,0.2845382804534957,1,6.4067547e-07
36,3,0,1,0,1,1,99,0.0,1.0,0.40491498,1.0,0.359782366222702,1.0,0.32931745,1.0,0.3304952519760753,1,8.0442493e-07
41,2,3,1,5,1,1,40,1.0,0.0,0.56450844,1.0,0.47715679791118204,0.0,0.5695225,0.0,0.6032148183164494,1,0.11309799
37,2,0,0,4,1,0,40,0.0,0.0,0.9591215,0.0,0.9520176992109611,0.0,0.9859955,0.0,0.9789985669158763,0,0.999796
26,2,1,1,2,1,1,40,0.0,1.0,0.39694405,0.0,0.502014550539769,1.0,0.4903258,1.0,0.487039291067075,1,3.915915e-06
32,2,1,0,0,1,1,50,1.0,0.0,0.79127777,0.0,0.7505285988843378,0.0,0.9143281,0.0,0.8944192630926469,0,0.99889416
36,2,1,3,3,1,0,40,0.0,0.0,0.9397674,0.0,0.9457499277054648,0.0,0.9087355,0.0,0.8915175510380543,0,0.99920875
37,2,3,0,4,0,0,40,0.0,0.0,0.97018874,0.0,0.9734779326568888,0.0,0.98688036,0.0,0.9821220594613431,0,0.9997974
58,2,1,1,2,1,1,40,1.0,1.0,0.23890352,1.0,0.22372864556728334,1.0,0.25093484,1.0,0.20199959310403504,1,5.417983e-07
56,2,3,0,2,1,0,40,0.0,0.0,0.88696533,0.0,0.8983480424498855,0.0,0.9851838,0.0,0.9784535477088482,0,0.99986434
28,2,1,1,2,1,0,40,1.0,1.0,0.36872745,1.0,0.485369908770348,1.0,0.4345292,1.0,0.42912908672360317,1,2.2169481e-06
51,2,3,1,0,1,1,50,0.0,0.0,0.576601,1.0,0.4855897371337351,0.0,0.5730234,0.0,0.6032148183164494,1,0.13943122
22,2,3,3,5,0,0,40,0.0,0.0,0.99026614,0.0,0.9882517227090768,0.0,0.9898589,0.0,0.9899697592334556,0,0.9998306
22,2,7,3,4,1,0,24,0.0,0.0,0.9960225,0.0,0.9894253245275266,0.0,0.9911666,0.0,0.9899180109183517,0,0.9998293
29,3,3,1,0,1,1,37,0.0,0.0,0.89330685,0.0,0.8535165191997433,0.0,0.8711238,0.0,0.8724707630269013,0,0.9741277
23,0,3,1,5,1,1,40,0.0,0.0,0.74668384,0.0,0.6280983405830627,0.0,0.8462007,0.0,0.8260125601282251,0,0.83576715
21,2,3,3,4,1,0,40,0.0,0.0,0.9940175,0.0,0.9895928986774607,0.0,0.9876237,0.0,0.9894470222177112,0,0.99981624
47,2,7,0,5,1,0,40,0.0,0.0,0.91964984,0.0,0.9670093986836856,0.0,0.9502964,0.0,0.9687283446428148,0,0.99994445
24,2,1,1,5,1,1,55,1.0,1.0,0.30439705,1.0,0.30270805353090646,1.0,0.15540957,1.0,0.2397493498619453,1,4.856788e-07
50,2,1,0,3,1,1,45,0.0,0.0,0.5855261,1.0,0.47351651860716226,1.0,0.4614578,0.0,0.6010131144222759,1,0.21248671
20,1,3,3,1,1,0,28,0.0,0.0,0.9969855,0.0,0.9888768059188389,0.0,0.99350464,0.0,0.9794767588446736,0,0.9999881
48,3,4,1,3,1,1,50,0.0,1.0,0.21236223,1.0,0.21359809911552963,1.0,0.3396656,1.0,0.34580247459834357,1,8.218906e-07
57,0,3,3,5,1,1,40,0.0,0.0,0.9132313,0.0,0.8705885675503271,0.0,0.9273977,0.0,0.9540942124948071,0,0.99986374
24,2,3,3,3,1,0,30,0.0,0.0,0.99680036,0.0,0.9879856195686837,0.0,0.99127996,0.0,0.9899697592334556,0,0.9998248
37,0,3,1,5,1,1,40,0.0,0.0,0.599432,0.0,0.5266606322986473,0.0,0.6048579,0.0,0.6333008338381714,1,0.15466765
18,2,6,3,0,1,1,6,0.0,0.0,0.9998649,0.0,0.9912923224918988,0.0,0.99681145,0.0,0.9899697592334556,0,0.99985313
49,2,3,0,0,1,1,40,0.0,0.0,0.94564176,0.0,0.9259706529781654,0.0,0.9754121,0.0,0.9628967349272821,0,0.9997756
39,3,3,1,5,1,1,16,0.0,0.0,0.7861211,0.0,0.6307925215587986,0.0,0.7884798,0.0,0.7309530618585584,0,0.63647264
67,2,3,3,5,1,0,35,0.0,0.0,0.9643866,0.0,0.941927534538508,0.0,0.956178,0.0,0.9548790638767506,0,0.999647
48,2,7,1,0,1,1,40,1.0,0.0,0.60123265,0.0,0.5566994851626847,0.0,0.5679168,0.0,0.6265305342994212,1,0.15949924
22,2,7,3,0,1,1,40,0.0,0.0,0.9899575,0.0,0.981381157220657,0.0,0.993545,0.0,0.9896973455652845,0,0.9998419
33,1,7,1,1,1,0,50,0.0,0.0,0.7567086,0.0,0.8095921148572107,0.0,0.66109705,0.0,0.6228480248781323,1,0.19165765
26,1,6,2,1,1,1,40,0.0,0.0,0.9944503,0.0,0.9697931913259822,0.0,0.9927488,0.0,0.9796861305431934,0,0.9999776
45,3,0,0,3,1,0,30,0.0,0.0,0.9527016,0.0,0.9249186791708348,0.0,0.91792077,0.0,0.9182499891528733,0,0.99984443
20,0,7,3,4,0,0,20,0.0,0.0,0.9973329,0.0,0.9884078312880942,0.0,0.95481473,0.0,0.9780245072281921,0,0.9999856
44,2,0,1,0,0,1,40,0.0,0.0,0.6822245,0.0,0.6355234028461383,0.0,0.63277185,0.0,0.6355626975876217,1,0.21859655
26,2,6,3,0,0,1,48,0.0,0.0,0.9938821,0.0,0.9716334618079879,0.0,0.9847142,0.0,0.9833143256859315,0,0.9998191
59,2,6,3,4,0,1,50,0.0,0.0,0.97247577,0.0,0.9663814356918039,0.0,0.99332064,0.0,0.9807530940507391,0,0.99978226
28,2,3,1,4,1,0,37,0.0,0.0,0.90722144,0.0,0.8895554892890344,0.0,0.9410238,0.0,0.8833870635839788,0,0.98645824
39,2,3,1,0,1,1,40,1.0,0.0,0.7760284,0.0,0.6982123750476055,0.0,0.7670251,0.0,0.7492192642783739,0,0.8142412
26,2,1,3,5,1,1,35,0.0,0.0,0.9429412,0.0,0.9458069741096504,0.0,0.9651499,0.0,0.9690268380627431,0,0.99990714
73,1,6,1,1,1,1,3,0.0,0.0,0.94653755,0.0,0.8914288283524525,0.0,0.960853,0.0,0.9688140144895625,0,0.9998925
30,2,2,3,2,1,1,20,0.0,0.0,0.89529634,0.0,0.8377842225080008,0.0,0.97624254,0.0,0.8313477992033722,0,0.99957424
30,3,3,3,0,1,1,50,1.0,0.0,0.97382927,0.0,0.9552826825689893,0.0,0.9122377,0.0,0.9209865280318135,0,0.99949646
38,2,1,1,3,1,1,50,1.0,1.0,0.24947166,1.0,0.24081649608773947,1.0,0.24556124,1.0,0.2369634251172148,1,4.937154e-07
36,3,3,3,4,1,0,70,0.0,0.0,0.9478095,0.0,0.9649949878708,0.0,0.94944656,0.0,0.8889767964986078,0,0.9977837
33,2,3,1,0,1,1,45,0.0,0.0,0.741338,0.0,0.7282177635749321,0.0,0.735736,0.0,0.7492192642783739,0,0.7564784
41,2,3,1,0,1,1,40,0.0,0.0,0.76435935,0.0,0.6982123750476055,0.0,0.74590284,0.0,0.7492192642783739,0,0.7818397
30,2,1,3,5,1,1,55,1.0,0.0,0.74232006,0.0,0.6876534519873344,0.0,0.6481339,0.0,0.6763130057485756,1,0.4202195
54,1,3,1,1,1,1,40,1.0,0.0,0.7271379,0.0,0.788375253904503,0.0,0.7827717,0.0,0.8043305357766084,0,0.8565928
83,3,3,4,5,1,1,8,0.0,0.0,0.94428945,0.0,0.8746343175410103,0.0,0.9645849,0.0,0.9184190637074466,0,0.99967647
41,3,3,1,3,1,1,62,0.0,1.0,0.47334152,1.0,0.4345465571403738,0.0,0.5938046,0.0,0.5276365388459907,1,0.005792335
42,2,6,1,4,1,0,40,0.0,0.0,0.9221878,0.0,0.9554501397855419,0.0,0.89068234,0.0,0.9004344935051195,0,0.9869423
41,2,6,1,4,0,1,40,0.0,0.0,0.9139896,0.0,0.9081915570750196,0.0,0.89247453,0.0,0.9055019237715984,0,0.9887194
41,3,1,1,2,1,1,50,0.0,1.0,0.29130012,1.0,0.2941798186686464,1.0,0.19601625,1.0,0.18075629799059711,1,6.286529e-07
30,2,0,0,2,1,0,36,0.0,0.0,0.93981785,0.0,0.9348305448262592,0.0,0.98124725,0.0,0.9767168388696049,0,0.999895
32,2,6,1,0,0,1,40,0.0,0.0,0.9402618,0.0,0.929813682319565,0.0,0.94862175,0.0,0.9351220137114257,0,0.9964271
40,1,1,0,1,1,0,50,0.0,0.0,0.9066334,0.0,0.8779970460710302,0.0,0.8361769,0.0,0.9012782653540367,0,0.93174756
61,2,3,3,0,0,0,40,0.0,0.0,0.969682,0.0,0.9689103263681398,0.0,0.97104996,0.0,0.9548790638767506,0,0.9997042
48,2,3,1,0,1,1,50,1.0,0.0,0.5947371,0.0,0.5284051385909796,0.0,0.58970064,0.0,0.6256856875894514,1,0.16070865
51,2,3,0,5,1,0,40,0.0,0.0,0.92782503,0.0,0.9626970690926682,0.0,0.93913054,0.0,0.9355644792704981,0,0.9995696
36,2,4,1,5,1,1,40,1.0,1.0,0.2071116,1.0,0.17837282604957372,1.0,0.32273406,1.0,0.31594287297775314,1,2.639367e-06
19,1,3,3,1,0,0,40,0.0,0.0,0.99583167,0.0,0.9890326176302655,0.0,0.9895151,0.0,0.9723972561813904,0,0.99998164
21,2,3,3,3,1,1,30,0.0,0.0,0.9969786,0.0,0.9879167552479993,0.0,0.9915749,0.0,0.9899697592334556,0,0.9998223
44,2,1,3,4,1,1,48,0.0,0.0,0.8018239,0.0,0.8696770699080406,0.0,0.6799767,0.0,0.7999511014538371,0,0.9332282
29,2,0,1,2,1,1,50,0.0,1.0,0.39277554,1.0,0.4189870080995104,1.0,0.46080762,1.0,0.4532239251753457,1,9.593293e-05
42,2,3,0,0,1,1,75,1.0,0.0,0.8676603,0.0,0.8561188261515872,0.0,0.93593925,0.0,0.8912079960027571,0,0.99832207
25,1,1,3,1,0,1,28,0.0,0.0,0.9885221,0.0,0.9668012675828456,0.0,0.98590755,0.0,0.973383434522816,0,0.99995935
50,0,1,1,5,1,1,38,1.0,1.0,0.37053853,1.0,0.36629947256465656,1.0,0.3935969,1.0,0.30381948901601263,1,2.1976448e-05
49,2,3,1,5,1,1,30,0.0,0.0,0.64342386,0.0,0.6580016226246428,0.0,0.6482704,0.0,0.6307793578535944,1,0.22018154
28,2,7,0,5,1,0,40,0.0,0.0,0.9590565,0.0,0.9706393639306945,0.0,0.9756803,0.0,0.9751989369346568,0,0.99992895
65,1,0,1,1,1,1,50,1.0,1.0,0.48402482,0.0,0.6588088158519625,1.0,0.3312412,0.0,0.5492629408493443,1,0.0064702877
32,2,1,1,3,0,1,50,1.0,1.0,0.39485347,1.0,0.31113901304793234,1.0,0.25270444,1.0,0.2589621277784441,1,7.1848103e-07
62,2,3,4,4,1,0,24,0.0,0.0,0.96905184,0.0,0.956147616383165,0.0,0.9880149,0.0,0.981987196593927,0,0.99981195
20,2,7,3,4,1,1,35,0.0,0.0,0.9971305,0.0,0.9891460854193236,0.0,0.99280506,0.0,0.9899153546152761,0,0.9998253
27,2,1,3,4,1,1,40,0.0,0.0,0.9479739,0.0,0.972793814917239,0.0,0.97012234,0.0,0.9699860709558773,0,0.9992448
30,2,7,3,3,1,1,45,1.0,0.0,0.9570144,0.0,0.9558649110952008,0.0,0.9628903,0.0,0.9788270646952698,0,0.9997793
24,2,7,3,0,1,1,24,0.0,0.0,0.9957265,0.0,0.9887551486382161,0.0,0.9963272,0.0,0.9899697592334556,0,0.9998561
31,0,3,0,4,1,1,47,1.0,0.0,0.93360984,0.0,0.9365737899171798,0.0,0.93425024,0.0,0.9459310131176114,0,0.9994017
50,3,5,1,2,1,1,30,1.0,1.0,0.20082879,1.0,0.1611768107041769,1.0,0.27695835,1.0,0.2332871787221763,1,4.2444435e-07
65,1,3,4,1,1,0,25,0.0,0.0,0.972571,0.0,0.9605679045157421,0.0,0.98324454,0.0,0.9723460961557329,0,0.99988997
44,2,3,0,0,1,1,40,0.0,0.0,0.95129657,0.0,0.9353442986767395,0.0,0.9766383,0.0,0.9680756794968552,0,0.9997782
42,3,3,3,0,1,1,85,0.0,0.0,0.92669284,0.0,0.872484483792984,0.0,0.8411153,0.0,0.8514312271149426,0,0.99206054
71,2,6,3,4,1,0,75,0.0,0.0,0.96495306,0.0,0.9294679302131227,0.0,0.9474433,0.0,0.9300985434969199,0,0.9995814
22,2,3,1,3,1,0,40,0.0,0.0,0.9091335,0.0,0.8854900593969619,0.0,0.86601454,0.0,0.8554632159648137,0,0.9556154
27,0,7,3,2,1,1,16,0.0,0.0,0.9867307,0.0,0.9744780065287789,0.0,0.98955685,0.0,0.973720462905533,0,0.9999988
17,2,6,3,5,1,0,10,0.0,0.0,0.9999877,0.0,0.9903935479885705,0.0,0.99606174,0.0,0.9899697592334556,0,0.99985313
68,2,6,0,0,1,1,20,0.0,0.0,0.9818273,0.0,0.9696838308746263,0.0,0.99510956,0.0,0.9871365148297145,0,0.99982315
25,2,7,3,5,1,0,40,0.0,0.0,0.9773019,0.0,0.9861827339799554,0.0,0.98809785,0.0,0.979396889613158,0,0.9999348
49,3,0,0,5,1,1,25,0.0,0.0,0.8777578,0.0,0.7705985290909045,0.0,0.8959643,0.0,0.9594516550179601,0,0.9999571
55,3,1,4,3,1,0,15,0.0,0.0,0.93376243,0.0,0.9536764824634144,0.0,0.8333628,0.0,0.9135631943810051,0,0.9999342
40,0,6,2,0,0,1,40,0.0,0.0,0.986098,0.0,0.9608628180134432,0.0,0.9583275,0.0,0.9758031719434781,0,0.99998415
32,2,1,1,3,1,1,60,1.0,1.0,0.26970428,1.0,0.2352410101969944,1.0,0.20807427,1.0,0.23874157669230134,1,4.8876734e-07
17,2,6,3,4,0,1,16,0.0,0.0,0.9999943,0.0,0.9916854942059885,0.0,0.99637914,0.0,0.9896973455652845,0,0.99983704
57,2,1,1,5,1,1,40,0.0,1.0,0.18243355,1.0,0.19051458601971827,1.0,0.23427099,1.0,0.1553309870167453,1,5.503083e-07
40,0,1,0,2,1,1,40,0.0,0.0,0.74939597,0.0,0.7321714586180206,0.0,0.97183806,0.0,0.9504966228765808,0,0.9981598
54,2,3,3,5,1,1,40,1.0,0.0,0.9129128,0.0,0.9507424913963816,0.0,0.9537337,0.0,0.9669394559656131,0,0.99961746
40,3,1,1,3,1,1,50,1.0,1.0,0.29201204,1.0,0.3365356744274407,1.0,0.32856673,1.0,0.36072481141341883,1,6.522235e-07
43,2,7,3,5,1,1,25,0.0,0.0,0.95876676,0.0,0.9597057712722978,0.0,0.98735154,0.0,0.977269727671372,0,0.9999577
32,0,5,1,2,1,1,40,1.0,1.0,0.20827621,1.0,0.2410779168163104,1.0,0.36381006,1.0,0.24397411675742187,1,2.4641856e-06
38,2,1,1,3,1,1,40,1.0,1.0,0.3306393,1.0,0.2913296187069587,1.0,0.41584957,1.0,0.37225333932314586,1,9.194996e-06
57,2,7,1,0,1,1,40,0.0,0.0,0.55298984,0.0,0.5443272603203131,0.0,0.51531154,0.0,0.5309679499908395,1,0.028674228
48,2,6,1,0,1,1,40,0.0,0.0,0.8750237,0.0,0.8863020359434385,0.0,0.87170035,0.0,0.8741853458116003,0,0.97797966
49,2,3,1,0,1,1,40,1.0,0.0,0.7164618,0.0,0.6568296298807168,0.0,0.69563603,0.0,0.705391284429306,0,0.51187533
43,2,7,1,3,1,1,40,1.0,0.0,0.55029273,1.0,0.42792610316588586,1.0,0.37002677,1.0,0.42432738537182024,1,0.015092759
52,0,0,0,4,1,0,30,0.0,0.0,0.93531394,0.0,0.8757902367284532,0.0,0.8616531,0.0,0.9699410371488052,0,0.9999757
49,2,7,1,4,1,1,32,0.0,0.0,0.71360546,0.0,0.6900737303549913,0.0,0.590979,0.0,0.6672581471724682,1,0.25185722
18,2,6,3,0,1,1,40,0.0,0.0,0.99910086,0.0,0.9890447973511087,0.0,0.9932896,0.0,0.9894470222177112,0,0.99984133
25,2,7,3,4,1,1,60,0.0,0.0,0.96206367,0.0,0.9708397588472286,0.0,0.9405814,0.0,0.9751884553230167,0,0.99965096
51,0,7,1,0,1,1,40,0.0,0.0,0.57490766,0.0,0.688064168538353,0.0,0.7274381,0.0,0.7237088937865119,1,0.043699745
36,0,4,3,2,0,0,40,0.0,0.0,0.82941055,0.0,0.8168736671293959,0.0,0.934345,0.0,0.909325445719701,0,0.98924285
56,0,1,3,0,0,1,65,0.0,0.0,0.8067182,0.0,0.5953280973865931,0.0,0.630679,0.0,0.7207729014492983,1,0.46373105
20,2,7,3,3,0,1,30,0.0,0.0,0.99731207,0.0,0.9843771038658834,0.0,0.9960172,0.0,0.9899697592334556,0,0.9998481
22,3,1,3,5,1,1,40,0.0,0.0,0.94077224,0.0,0.848170491612664,0.0,0.8478379,0.0,0.9546271787843896,0,0.9999342
42,3,3,1,3,1,1,60,0.0,1.0,0.48626173,1.0,0.4934492885725831,0.0,0.61361825,0.0,0.5276365388459907,1,0.009743767
51,0,7,1,5,1,0,40,0.0,0.0,0.5497518,1.0,0.4785317483085253,1.0,0.42037052,1.0,0.42556562151708033,1,0.00018097374
21,2,7,3,3,0,0,40,0.0,0.0,0.9938606,0.0,0.9833753318614877,0.0,0.9920095,0.0,0.9899697592334556,0,0.99983096
45,2,3,0,0,1,0,55,0.0,0.0,0.92515254,0.0,0.9395644136113369,0.0,0.91105646,0.0,0.9094246020696634,0,0.999283
49,2,3,1,5,1,1,40,0.0,1.0,0.49684978,1.0,0.4614334513597965,0.0,0.6297456,0.0,0.5494164969838116,1,0.028333876
44,2,2,1,5,1,1,60,1.0,1.0,0.071038246,1.0,0.14266416942324645,1.0,0.17405045,1.0,0.2521507764212114,1,6.39451e-07
36,2,6,1,0,1,1,40,0.0,0.0,0.90928054,0.0,0.91453698579652,0.0,0.92206407,0.0,0.910074763532419,0,0.9951056
31,0,3,1,3,1,1,40,0.0,0.0,0.7144463,0.0,0.6892676857284566,0.0,0.71206486,0.0,0.724995034244779,1,0.4981614
34,2,3,0,5,1,0,48,0.0,0.0,0.9297913,0.0,0.9739417269819608,0.0,0.92850083,0.0,0.9355644792704981,0,0.99957806
48,3,3,1,5,1,1,40,1.0,0.0,0.5650268,1.0,0.48013516484857366,0.0,0.67376995,0.0,0.5518917052056265,1,0.019154444
41,2,0,1,4,1,1,45,1.0,1.0,0.48786187,1.0,0.49805701290745463,1.0,0.4132539,0.0,0.5554211259909252,1,0.025895387
40,2,7,0,0,0,0,40,0.0,0.0,0.96236473,0.0,0.9658510697692191,0.0,0.9685688,0.0,0.979291268642183,0,0.99980325
52,0,7,1,0,1,1,40,0.0,0.0,0.57026964,0.0,0.6850155028560503,0.0,0.77249235,0.0,0.6955010920360525,1,0.034341753
42,2,3,0,0,1,0,40,0.0,0.0,0.96271867,0.0,0.9675924687203394,0.0,0.97711575,0.0,0.9680756794968552,0,0.99977905
40,3,0,0,3,1,0,40,0.0,0.0,0.92770743,0.0,0.921876606328521,0.0,0.8690959,0.0,0.8919369439868229,0,0.999577
31,0,4,3,5,1,1,25,0.0,0.0,0.92518455,0.0,0.9365042980564163,0.0,0.8499021,0.0,0.9434021795757808,0,0.99977857
46,3,5,1,2,1,1,45,1.0,1.0,0.13969064,1.0,0.12627410329034516,1.0,0.18483901,1.0,0.16272322169200149,1,6.246321e-07
31,2,3,1,4,1,1,35,0.0,0.0,0.87796766,0.0,0.8548719988835174,0.0,0.91490227,0.0,0.8833870635839788,0,0.98157054
47,2,7,3,3,1,1,70,1.0,0.0,0.8120551,0.0,0.8131571866967429,0.0,0.5236207,0.0,0.664529000164117,0,0.9769299
50,3,5,1,2,0,1,50,1.0,1.0,0.15255064,1.0,0.14075352732521695,1.0,0.17986435,1.0,0.12687091027482233,1,6.3241833e-07
45,2,3,1,0,1,1,40,1.0,0.0,0.74046123,0.0,0.6982123750476055,0.0,0.73359066,0.0,0.7392101445267152,0,0.72283393
32,2,1,3,2,1,1,45,0.0,0.0,0.7959637,0.0,0.766531345137661,0.0,0.8603541,0.0,0.8158517284605175,0,0.9975182
45,0,3,1,4,1,1,78,1.0,1.0,0.45246363,1.0,0.4425874781444987,1.0,0.47864366,0.0,0.5465646309303356,1,0.0021985122
56,2,3,0,5,1,0,40,0.0,0.0,0.92044145,0.0,0.9584386269525728,0.0,0.9486993,0.0,0.9355644792704981,0,0.9994386
58,0,1,1,5,1,1,40,0.0,1.0,0.27899277,1.0,0.3592874870365864,1.0,0.22181147,1.0,0.37253214528532175,1,1.0846857e-05
61,3,4,1,0,1,1,4,0.0,0.0,0.6782769,1.0,0.49617753885323235,0.0,0.6361551,0.0,0.5716397717882187,1,0.04812327
31,3,1,1,5,1,0,40,1.0,1.0,0.4252007,1.0,0.3736851763246908,1.0,0.42352527,1.0,0.34819099407935894,1,1.1252222e-06
67,2,7,0,5,1,1,35,0.0,0.0,0.8073459,0.0,0.8485003294911964,0.0,0.93620944,0.0,0.9487443795665861,0,0.99999356
29,2,7,3,5,1,0,40,0.0,0.0,0.9700184,0.0,0.9861827339799554,0.0,0.98198384,0.0,0.9764106201536003,0,0.9999348
32,2,3,1,0,1,1,40,0.0,0.0,0.8232053,0.0,0.8260061073058818,0.0,0.85792804,0.0,0.8514576748514968,0,0.9559918
41,2,3,1,0,1,1,40,0.0,0.0,0.76435935,0.0,0.6982123750476055,0.0,0.74590284,0.0,0.7492192642783739,0,0.7818397
27,0,1,3,0,1,0,40,0.0,0.0,0.9599685,0.0,0.9677130765806535,0.0,0.94398266,0.0,0.9707726256912655,0,0.9999716
51,2,3,1,0,1,1,50,1.0,0.0,0.576601,1.0,0.4855897371337351,0.0,0.5730234,0.0,0.6032148183164494,1,0.13943122
47,2,0,3,5,1,0,40,0.0,0.0,0.9021112,0.0,0.9239919668052826,0.0,0.929199,0.0,0.9543087973383382,0,0.9998055
90,1,1,4,1,1,0,10,0.0,0.0,0.9725402,0.0,0.8795436098164771,0.0,0.85459155,0.0,0.7988741620755628,1,0.2541663
36,2,0,1,5,1,1,40,1.0,1.0,0.4741916,0.0,0.5165480126692705,1.0,0.45603555,0.0,0.5004661173837677,1,0.002528273
29,2,1,3,2,0,0,40,0.0,0.0,0.91508335,0.0,0.9394545602172538,0.0,0.9047557,0.0,0.9123114469468572,0,0.99990666
42,3,7,1,0,1,1,40,0.0,0.0,0.6851435,0.0,0.6976745593009478,0.0,0.6336049,0.0,0.6553670847511615,1,0.31280565
47,3,7,0,5,1,0,65,0.0,0.0,0.8172539,0.0,0.855900847079796,0.0,0.9453158,0.0,0.8629770863837237,0,0.95731425
22,1,7,3,1,1,1,40,0.0,0.0,0.9939063,0.0,0.9884631029551495,0.0,0.99356294,0.0,0.9797728347232381,0,0.99998
27,2,1,3,5,1,1,45,0.0,0.0,0.8322126,0.0,0.866061619975863,0.0,0.91187084,0.0,0.9096490938701356,0,0.99939334
38,2,7,3,4,1,1,40,0.0,0.0,0.9700939,0.0,0.9789695092085915,0.0,0.98413014,0.0,0.9846656731977711,0,0.99976
38,2,3,0,0,1,1,60,0.0,0.0,0.9101156,0.0,0.9202584128273116,0.0,0.91345364,0.0,0.9207900964435118,0,0.99934214
37,2,1,3,4,1,0,40,0.0,0.0,0.9336959,0.0,0.9619859972807817,0.0,0.9463796,0.0,0.9577585836800475,0,0.9985002
37,2,3,3,0,0,1,30,0.0,0.0,0.9910309,0.0,0.9800105539574059,0.0,0.99210334,0.0,0.9899697592334556,0,0.9998211
24,2,3,1,4,0,1,40,0.0,0.0,0.8799798,0.0,0.9196103582259294,0.0,0.8710466,0.0,0.8638932606199204,0,0.9707373
19,2,0,3,5,0,0,40,0.0,0.0,0.9895164,0.0,0.9867365624450636,0.0,0.9769876,0.0,0.9768648242738701,0,0.99984145
43,2,1,1,4,1,1,24,1.0,0.0,0.568681,0.0,0.5179765116798593,1.0,0.44512105,1.0,0.4902027576363408,1,0.024736851
45,2,7,0,3,1,1,40,0.0,0.0,0.8956166,0.0,0.9202951546797505,0.0,0.93717897,0.0,0.9784311053940907,0,0.999795
49,0,7,1,4,1,1,40,0.0,0.0,0.51618385,1.0,0.4169897696723601,1.0,0.41303563,0.0,0.5200491871374743,1,0.0008276106
36,2,3,1,0,1,1,40,0.0,0.0,0.7958653,0.0,0.8164591072876566,0.0,0.8178208,0.0,0.8194254020385872,0,0.9386234
22,2,7,3,0,1,1,24,0.0,0.0,0.9967778,0.0,0.9901931163143916,0.0,0.9964025,0.0,0.9899697592334556,0,0.99985516
27,2,7,3,3,0,1,40,0.0,0.0,0.9831627,0.0,0.9723516181669261,0.0,0.990845,0.0,0.9899697592334556,0,0.9998412
38,2,3,1,0,1,1,40,0.0,0.0,0.7821983,0.0,0.7646235342535945,0.0,0.8207389,0.0,0.8194254020385872,0,0.89830863
17,1,6,3,1,1,0,20,0.0,0.0,0.99998164,0.0,0.9899730140274667,0.0,0.96928847,0.0,0.9765910865511349,0,0.99999297
22,3,7,3,2,1,0,3,0.0,0.0,0.99642986,0.0,0.976562446429575,0.0,0.97306776,0.0,0.9617228988334634,0,0.9999918
51,2,3,1,5,1,0,40,0.0,0.0,0.6320274,0.0,0.6331611681998807,0.0,0.57795376,0.0,0.5276365388459907,1,0.016623443
66,0,3,1,5,1,1,40,1.0,1.0,0.46012855,1.0,0.48652223224234403,0.0,0.56850326,0.0,0.5636976944096721,1,0.00055049115
19,1,7,3,1,1,1,40,0.0,0.0,0.9963815,0.0,0.9884631029551495,0.0,0.993515,0.0,0.9793966789580807,0,0.99997854
32,1,1,0,1,1,1,50,0.0,0.0,0.90649486,0.0,0.8623906200465048,0.0,0.8945832,0.0,0.9151715869350004,0,0.99041396
31,0,3,2,0,1,0,40,0.0,0.0,0.96876645,0.0,0.9785943932939327,0.0,0.9171606,0.0,0.9689208692863386,0,0.9996383
40,3,1,1,5,1,1,50,1.0,1.0,0.25175738,1.0,0.3626228843583451,1.0,0.23497832,1.0,0.23704869366567916,1,5.5177765e-07
53,2,3,1,0,1,1,40,0.0,0.0,0.694502,0.0,0.5649443162141652,0.0,0.6339659,0.0,0.667714424362824,1,0.29097065
26,0,1,3,2,0,1,20,0.0,0.0,0.9745733,0.0,0.9515580628874889,0.0,0.9545002,0.0,0.9566847271960354,0,0.99999726
46,2,3,0,5,1,0,60,0.0,0.0,0.87773377,0.0,0.9371329795421577,0.0,0.9071576,0.0,0.8649080685634725,0,0.99722254
41,2,3,2,0,1,0,44,0.0,0.0,0.96201825,0.0,0.9569068368671959,0.0,0.95031536,0.0,0.9442695024754441,0,0.9995252
54,2,7,1,0,1,1,45,1.0,1.0,0.48619622,1.0,0.46384255271906305,1.0,0.49355185,1.0,0.4948423564123673,1,0.0033167247
38,2,7,0,5,1,0,40,0.0,0.0,0.93891907,0.0,0.9633951012301842,0.0,0.9743091,0.0,0.9748208407418906,0,0.9999404
18,2,6,3,0,1,1,16,0.0,0.0,0.9997557,0.0,0.9910547105304064,0.0,0.99648404,0.0,0.9899697592334556,0,0.99985325
36,2,7,1,0,1,1,40,1.0,0.0,0.6928663,0.0,0.6894456764710623,0.0,0.72216964,0.0,0.6749041830305667,0,0.61767364
22,1,7,3,1,1,1,40,0.0,0.0,0.9939063,0.0,0.9884631029551495,0.0,0.99356294,0.0,0.9797728347232381,0,0.99998
24,2,1,1,3,1,1,40,0.0,0.0,0.55118644,1.0,0.4293385652072981,1.0,0.44114918,1.0,0.4826612241536795,1,0.005790586
36,2,1,3,5,1,1,55,0.0,0.0,0.68399394,0.0,0.7135945061975486,0.0,0.7845386,0.0,0.552692535765185,1,0.06762969
30,2,0,1,5,1,0,24,0.0,0.0,0.7560053,0.0,0.7373194647245005,0.0,0.71986413,0.0,0.6482283831182719,1,0.4671915
53,2,7,2,5,1,0,40,0.0,0.0,0.89825964,0.0,0.9531176691516302,0.0,0.872638,0.0,0.9090006237607289,0,0.9997261
52,3,7,1,3,1,1,45,0.0,1.0,0.3991319,0.0,0.5456533490677276,1.0,0.45931095,1.0,0.3969908638611389,1,6.611138e-06
43,0,4,1,5,1,1,40,1.0,1.0,0.22013825,1.0,0.22129537678841438,1.0,0.2447136,1.0,0.2478495397728835,1,1.621466e-06
44,0,3,3,0,0,0,40,0.0,0.0,0.9732226,0.0,0.9764939090435629,0.0,0.98440427,0.0,0.9679168581803899,0,0.99995303
20,2,7,3,0,1,1,72,0.0,0.0,0.96940947,0.0,0.9497351208360453,0.0,0.95676947,0.0,0.9548790638767506,0,0.999752
26,0,1,1,2,1,1,28,0.0,0.0,0.5750402,0.0,0.6408863601906862,0.0,0.742065,0.0,0.505060157159338,1,1.8344923e-05
59,2,0,4,5,1,0,40,1.0,0.0,0.8354177,0.0,0.9157040154284039,0.0,0.9263178,0.0,0.8632124231499791,0,0.99956065
51,2,0,1,4,1,1,50,1.0,1.0,0.3869965,0.0,0.5116414009150074,0.0,0.57071155,1.0,0.4477536459075975,1,0.0015299553
30,2,4,1,2,0,1,50,1.0,1.0,0.25491273,1.0,0.38277993570688174,1.0,0.29077882,1.0,0.28843540692632685,1,5.394349e-07
58,0,1,1,5,1,1,40,1.0,1.0,0.27899277,1.0,0.3592874870365864,1.0,0.22181147,1.0,0.37253214528532175,1,1.0846857e-05
25,2,7,3,3,1,1,40,0.0,0.0,0.98374856,0.0,0.9727131223793574,0.0,0.99062556,0.0,0.9899697592334556,0,0.99983644
19,2,3,3,5,1,0,26,0.0,0.0,0.9965666,0.0,0.9895038904517208,0.0,0.9924257,0.0,0.9899697592334556,0,0.99983203
38,2,3,1,0,1,1,65,1.0,0.0,0.56591606,0.0,0.669182626631583,0.0,0.5890887,0.0,0.6208255784705304,1,0.15766194
34,2,0,1,2,1,1,55,0.0,1.0,0.32217085,1.0,0.2607016352413629,0.0,0.5131278,1.0,0.4059107470904938,1,2.0666187e-06
39,2,6,1,0,1,1,45,0.0,0.0,0.8665968,0.0,0.887731256241964,0.0,0.8882147,0.0,0.8741853458116003,0,0.97077316
49,2,1,0,3,1,0,35,0.0,0.0,0.88871926,0.0,0.9427203622671763,0.0,0.9068108,0.0,0.8903483182812361,0,0.9994205
55,0,7,1,5,1,0,40,1.0,0.0,0.52774984,1.0,0.4785317483085253,1.0,0.2685035,1.0,0.3541886461833762,1,0.00011896027
56,2,1,1,2,1,1,50,0.0,1.0,0.19839913,1.0,0.22330450281793512,1.0,0.19888121,1.0,0.15346670980189103,1,5.2897013e-07
39,2,3,1,5,1,0,25,0.0,0.0,0.81517404,0.0,0.7416902509624398,0.0,0.7304256,0.0,0.7492192642783739,0,0.7440951
20,1,7,3,1,1,0,10,0.0,0.0,0.9975422,0.0,0.9887981186950392,0.0,0.9945939,0.0,0.9795846740159107,0,0.9999846
30,2,3,1,4,1,1,40,1.0,0.0,0.8159954,0.0,0.8154886984594916,0.0,0.8415787,0.0,0.844558430705801,0,0.9294628
31,2,7,3,4,1,1,40,0.0,0.0,0.98111403,0.0,0.9847736515206518,0.0,0.9837885,0.0,0.9861709950891865,0,0.99979347
49,0,3,1,4,1,1,40,1.0,0.0,0.59684145,0.0,0.6637620933833184,0.0,0.7091258,0.0,0.688730893433606,1,0.35072693
58,0,6,0,0,0,0,40,1.0,0.0,0.97979516,0.0,0.9394774584684003,0.0,0.96176463,0.0,0.9757654359536534,0,0.99998856
38,2,3,1,5,1,0,40,1.0,0.0,0.70397407,1.0,0.46421341461165677,0.0,0.5935888,0.0,0.6185780544893518,1,0.16094194
23,2,0,3,0,1,0,40,0.0,0.0,0.9772607,0.0,0.9836367167098421,0.0,0.98417705,0.0,0.9778198258958993,0,0.9998099
28,2,3,3,0,1,1,40,0.0,0.0,0.98749864,0.0,0.9809641516465788,0.0,0.98853916,0.0,0.9894470222177112,0,0.999801
28,2,3,0,0,1,1,70,0.0,0.0,0.92079633,0.0,0.9097626934559819,0.0,0.902046,0.0,0.9207900964435118,0,0.99930346
35,2,3,3,4,1,0,40,0.0,0.0,0.9862014,0.0,0.9879404779772571,0.0,0.9893803,0.0,0.985643797636976,0,0.9998087
68,1,6,1,1,1,1,30,0.0,0.0,0.9145494,0.0,0.8988399849909628,0.0,0.91959417,0.0,0.8948096320972839,0,0.9985347
33,2,0,1,0,1,1,45,0.0,0.0,0.62662816,0.0,0.6909229144165472,0.0,0.6693753,0.0,0.6355626975876217,1,0.23506369
49,3,1,4,3,1,0,40,0.0,0.0,0.8456447,0.0,0.8590444804474315,0.0,0.8340531,0.0,0.7474979004068453,0,0.98133713
35,2,3,3,0,0,1,60,0.0,0.0,0.96663564,0.0,0.9662369858551731,0.0,0.9423946,0.0,0.9350777073282602,0,0.99959236
46,2,3,0,0,1,1,54,0.0,0.0,0.9011537,0.0,0.9042443474248661,0.0,0.9134439,0.0,0.9233597851160676,0,0.99931324
61,2,7,1,5,1,1,40,0.0,1.0,0.31070536,1.0,0.3665377328896251,1.0,0.2632485,1.0,0.35227512929107385,1,4.868242e-07
67,1,6,0,1,1,1,3,0.0,0.0,0.9920721,0.0,0.9655163992092961,0.0,0.99194443,0.0,0.979953371400512,0,0.9999815
25,2,7,1,5,0,0,40,1.0,0.0,0.76977146,0.0,0.8427743574064234,0.0,0.6373104,0.0,0.639052074019741,1,0.292421
52,2,1,1,5,1,1,40,0.0,1.0,0.19941854,1.0,0.1987651383086535,1.0,0.22604638,1.0,0.2118215428638438,1,5.3236187e-07
43,2,7,0,3,1,0,55,1.0,0.0,0.92220765,0.0,0.9404818413089494,0.0,0.9142042,0.0,0.8948054642604913,0,0.9991109
32,2,7,0,5,1,0,40,0.0,0.0,0.9510711,0.0,0.9663494757625954,0.0,0.97791153,0.0,0.9751989369346568,0,0.9999367
18,2,6,3,4,1,1,40,0.0,0.0,0.99930656,0.0,0.9901477511609784,0.0,0.99605906,0.0,0.9894470222177112,0,0.9998272
32,2,1,1,3,1,1,40,0.0,1.0,0.40539622,1.0,0.3492246414764898,1.0,0.3976488,1.0,0.44805050875402486,1,6.758051e-05
41,2,7,2,0,0,1,40,0.0,0.0,0.95430046,0.0,0.9329129596132959,0.0,0.9835368,0.0,0.9855313156610583,0,0.99982077
23,0,1,3,2,1,1,40,0.0,0.0,0.9375376,0.0,0.9464074645063381,0.0,0.9105368,0.0,0.9341704790922774,0,0.9999875
32,2,3,1,0,1,1,50,0.0,0.0,0.7152586,0.0,0.7109526406278646,0.0,0.7659965,0.0,0.732664461398389,0,0.69783354
64,0,1,1,0,1,1,45,1.0,1.0,0.35489678,1.0,0.40740428038912024,1.0,0.25607204,1.0,0.28407371638312806,1,1.6896846e-06
23,2,7,3,0,1,1,40,0.0,0.0,0.9883467,0.0,0.978352952034527,0.0,0.99344844,0.0,0.9896973455652845,0,0.9998416
30,2,3,3,0,0,1,40,0.0,0.0,0.9874242,0.0,0.9803307431213788,0.0,0.98855317,0.0,0.9894470222177112,0,0.999801
75,2,6,3,4,0,0,48,0.0,0.0,0.9772693,0.0,0.9668741548471697,0.0,0.9912888,0.0,0.9737853336474646,0,0.9997414
36,2,7,1,0,1,1,50,1.0,0.0,0.56635785,0.0,0.5805166536322783,0.0,0.54796934,0.0,0.5911909408704666,1,0.13362502
59,2,3,4,4,1,0,40,0.0,0.0,0.9501708,0.0,0.9524157808252597,0.0,0.9706533,0.0,0.9798731312807546,0,0.9996501
55,0,3,1,4,1,1,40,0.0,0.0,0.57436776,0.0,0.6377185318797468,0.0,0.6750057,0.0,0.6081581843237006,1,0.21881108
28,2,3,3,4,1,1,40,0.0,0.0,0.9882125,0.0,0.9849259303852966,0.0,0.9886785,0.0,0.985643797636976,0,0.999814
37,2,4,3,5,1,1,40,1.0,0.0,0.76490045,0.0,0.861006059299842,0.0,0.63095015,0.0,0.7490263361273378,0,0.5449538
22,2,3,3,0,1,1,42,0.0,0.0,0.9891523,0.0,0.9794783872309457,0.0,0.982705,0.0,0.9859906533506766,0,0.99978656
27,2,3,1,0,1,1,45,0.0,0.0,0.79533905,0.0,0.8322904103244841,0.0,0.8112196,0.0,0.8194254020385872,0,0.92416227
30,2,1,3,3,1,0,45,0.0,0.0,0.93479216,0.0,0.9364728295326767,0.0,0.8641509,0.0,0.8497563966764389,0,0.9974905
24,0,1,3,2,1,1,40,0.0,0.0,0.93107677,0.0,0.9430471772683623,0.0,0.9224504,0.0,0.9429648883443956,0,0.99998796
29,0,0,3,4,1,1,56,1.0,0.0,0.9219052,0.0,0.9319682976997716,0.0,0.863203,0.0,0.9153031120294641,0,0.99976176
51,2,3,0,2,1,0,43,0.0,0.0,0.86902165,0.0,0.8821835535599111,0.0,0.9874425,0.0,0.9726933221767861,0,0.99985385
51,2,7,1,5,1,1,45,1.0,1.0,0.2816465,1.0,0.2723225910182988,1.0,0.27284968,1.0,0.2911180125513215,1,4.7256762e-07
59,2,7,1,4,1,1,50,1.0,1.0,0.3732366,1.0,0.42117228522948513,1.0,0.40566105,1.0,0.4945683249894065,1,2.873952e-05
63,0,3,1,5,1,0,32,0.0,0.0,0.68739176,0.0,0.5421076031004127,0.0,0.587823,0.0,0.5687820183003931,1,0.013088659
27,2,0,3,4,0,0,40,0.0,0.0,0.9846761,0.0,0.9850946441907111,0.0,0.98907614,0.0,0.9855313156610583,0,0.9998178
44,2,3,1,0,1,1,40,1.0,0.0,0.74653363,0.0,0.6982123750476055,0.0,0.7334559,0.0,0.7492192642783739,0,0.7448542
63,0,7,1,4,1,1,18,1.0,0.0,0.6146871,0.0,0.7242379706645464,1.0,0.36629045,0.0,0.6213516811229113,1,0.018088328
48,2,6,1,5,1,1,45,1.0,0.0,0.6514932,0.0,0.5748211973704079,0.0,0.7485465,0.0,0.7723129182333668,0,0.78108597
36,2,4,1,2,1,1,55,1.0,1.0,0.1722722,1.0,0.21961932913515458,1.0,0.22188824,1.0,0.2295311522238742,1,5.191749e-07
30,2,7,0,5,0,0,40,0.0,0.0,0.96173334,0.0,0.9694673734944326,0.0,0.9772727,0.0,0.9751989369346568,0,0.9999341
33,2,7,3,5,1,1,45,0.0,0.0,0.91016185,0.0,0.9481373142441656,0.0,0.97418535,0.0,0.9594654141270218,0,0.9999422
49,2,3,1,3,1,1,40,1.0,0.0,0.55554116,0.0,0.5959510561537227,0.0,0.6013491,0.0,0.6208255784705304,1,0.16846378
63,2,6,4,0,1,0,44,0.0,0.0,0.97675353,0.0,0.9493438916695826,0.0,0.97603804,0.0,0.9656902230901904,0,0.9997758
19,2,3,3,4,1,0,40,0.0,0.0,0.99542755,0.0,0.9895928986774607,0.0,0.987575,0.0,0.9894470222177112,0,0.9998159
23,2,3,3,5,1,0,40,0.0,0.0,0.98783344,0.0,0.9887801953392277,0.0,0.98981935,0.0,0.9899697592334556,0,0.99983084
45,2,3,4,5,1,0,35,0.0,0.0,0.94361764,0.0,0.956781912708138,0.0,0.9857252,0.0,0.9899697592334556,0,0.99979764
61,2,6,1,0,1,1,50,1.0,0.0,0.7913657,0.0,0.79190408561594,0.0,0.75564414,0.0,0.7723129182333668,0,0.78894377
39,3,1,1,5,1,1,60,1.0,1.0,0.22858012,1.0,0.32124040472727244,1.0,0.22354871,1.0,0.2641875021385395,1,4.8490267e-07
21,1,7,3,1,1,0,35,0.0,0.0,0.99461997,0.0,0.9877892487148571,0.0,0.9935984,0.0,0.9793966789580807,0,0.9999796
46,2,1,1,3,1,1,50,1.0,1.0,0.20820874,1.0,0.22753906059705375,1.0,0.23193502,1.0,0.27198896899865554,1,4.9212844e-07
71,1,1,1,1,1,1,30,1.0,0.0,0.6178409,0.0,0.6847877239483495,1.0,0.35171962,0.0,0.5179000935397858,1,0.004146408
26,2,7,1,0,1,1,55,1.0,0.0,0.64453614,0.0,0.8031220536624539,0.0,0.66318077,0.0,0.6440673257910199,1,0.34977922
46,2,7,1,5,1,1,50,1.0,1.0,0.28219867,1.0,0.2750674097576983,1.0,0.27342975,1.0,0.2797791360826257,1,4.8490404e-07
31,2,0,2,0,1,1,45,0.0,0.0,0.9083824,0.0,0.8903190768390449,0.0,0.8768565,0.0,0.930597877403704,0,0.9995683
53,0,1,1,2,1,0,50,1.0,1.0,0.26665056,1.0,0.27749274925143286,1.0,0.2192474,1.0,0.10836231015239972,1,4.341045e-06
51,2,7,0,5,1,0,36,0.0,0.0,0.9376978,0.0,0.9679741505070011,0.0,0.9593531,0.0,0.9673016454935921,0,0.99996686
37,2,3,1,0,1,1,40,0.0,0.0,0.7887966,0.0,0.8164591072876566,0.0,0.8224476,0.0,0.8194254020385872,0,0.92583656
51,0,1,1,2,1,1,40,1.0,1.0,0.30537343,1.0,0.3607829402485022,1.0,0.2479667,1.0,0.2129584605867112,1,4.2051665e-06
19,2,7,3,5,1,0,8,0.0,0.0,0.9980764,0.0,0.9891832603376249,0.0,0.9861971,0.0,0.9899697592334556,0,0.99989057
39,2,3,1,0,0,1,40,0.0,0.0,0.83169794,0.0,0.8194233668765394,0.0,0.7670251,0.0,0.7492192642783739,0,0.8142412
52,2,0,1,5,1,1,40,0.0,1.0,0.3416118,1.0,0.39984700401468876,1.0,0.34648913,1.0,0.4390306026432331,1,3.6710364e-06
41,2,7,1,5,1,1,50,1.0,1.0,0.31888002,1.0,0.3094940639606536,1.0,0.31380308,1.0,0.3644268771201399,1,8.361825e-07
35,2,3,3,5,1,1,40,1.0,0.0,0.9605206,0.0,0.9759389805504338,0.0,0.98124534,0.0,0.9779969550780536,0,0.9998031
27,0,3,1,0,1,1,60,0.0,0.0,0.7161041,0.0,0.7835660667037377,0.0,0.6988312,0.0,0.7061400248565094,1,0.46274582
40,2,3,3,0,1,1,40,0.0,0.0,0.97757703,0.0,0.9744451295208842,0.0,0.98666793,0.0,0.9894470222177112,0,0.99979633
90,2,3,4,0,1,1,99,0.0,0.0,0.7708686,0.0,0.6528353873876283,1.0,0.16317046,1.0,0.19565952077247728,1,7.84843e-07
41,2,7,1,5,1,1,40,0.0,1.0,0.45682698,1.0,0.4860571316952267,1.0,0.4896062,0.0,0.5046393548403907,1,0.00013942226
37,2,7,1,0,1,1,40,0.0,0.0,0.6844278,0.0,0.6755118515967254,0.0,0.70754004,0.0,0.6749041830305667,0,0.584974
26,2,1,3,0,1,1,20,0.0,0.0,0.9824073,0.0,0.9719180555155116,0.0,0.9877437,0.0,0.984442045415811,0,0.99982774
35,2,3,1,4,1,1,40,0.0,0.0,0.7786732,0.0,0.7732043415488977,0.0,0.762645,0.0,0.7931498056313406,0,0.7994986
68,2,7,1,5,1,1,40,0.0,1.0,0.27771556,1.0,0.41464852703258503,1.0,0.30167085,1.0,0.2876847096389856,1,5.810109e-07
65,1,7,1,1,1,1,30,1.0,0.0,0.7038416,0.0,0.7680325659148313,0.0,0.6260971,0.0,0.6482347807928523,1,0.2899675
56,2,6,0,0,1,1,45,0.0,0.0,0.9622885,0.0,0.9452997829619403,0.0,0.9543397,0.0,0.953625365517027,0,0.9997421
35,2,1,1,5,1,1,40,1.0,1.0,0.3171981,1.0,0.25967627345182764,1.0,0.30645436,1.0,0.26029162950279494,1,6.275483e-07
30,2,7,1,0,1,1,40,1.0,0.0,0.7494171,0.0,0.7830580780233696,0.0,0.74758196,0.0,0.7617795959830724,0,0.8263304
32,2,3,0,5,1,0,40,0.0,0.0,0.9591765,0.0,0.9788865214859774,0.0,0.94657564,0.0,0.9720766088812319,0,0.99974984
30,2,0,3,2,1,0,40,0.0,0.0,0.9274554,0.0,0.9544215447274197,0.0,0.9781987,0.0,0.976598331993019,0,0.99988437
20,2,7,3,4,1,1,12,0.0,0.0,0.99893713,0.0,0.9898986318559516,0.0,0.9916401,0.0,0.9899180109183517,0,0.99983025
23,2,3,3,3,1,0,40,0.0,0.0,0.9938387,0.0,0.9871585671161383,0.0,0.98930436,0.0,0.9899697592334556,0,0.9998036
21,1,7,3,1,1,1,20,0.0,0.0,0.99785346,0.0,0.9888645188946411,0.0,0.98992753,0.0,0.979953371400512,0,0.99998057
36,2,6,1,0,1,1,40,1.0,0.0,0.90928054,0.0,0.91453698579652,0.0,0.92206407,0.0,0.910074763532419,0,0.9951056
26,2,7,1,5,1,1,40,0.0,0.0,0.69050086,0.0,0.6728557322660943,0.0,0.6325661,0.0,0.6307551497623776,1,0.2509421
38,2,6,1,4,1,1,40,0.0,0.0,0.9179229,0.0,0.9336822966107958,0.0,0.90125936,0.0,0.916040866131305,0,0.9913011
62,0,7,4,4,1,0,40,0.0,0.0,0.9070294,0.0,0.9286088567883322,0.0,0.9961164,0.0,0.8754081887931238,0,0.9999924
65,1,6,1,1,1,1,70,0.0,0.0,0.8638817,0.0,0.8097881184830165,0.0,0.8388751,0.0,0.8178903755181646,0,0.89755064
79,3,1,1,3,1,1,20,1.0,1.0,0.3948872,0.0,0.5783517252402148,1.0,0.27936667,1.0,0.29168971725560777,1,5.153268e-07
34,2,1,1,2,1,1,40,1.0,1.0,0.32063663,1.0,0.2830369464366683,1.0,0.31652224,1.0,0.2691565412990162,1,7.124045e-07
57,2,7,1,0,1,1,40,1.0,0.0,0.55298984,0.0,0.5443272603203131,0.0,0.51531154,0.0,0.5309679499908395,1,0.028674228
44,3,3,1,0,1,1,96,0.0,0.0,0.58052206,0.0,0.7186665988470695,0.0,0.63650936,0.0,0.532611681533426,1,0.013842307
59,2,3,1,5,1,1,40,1.0,1.0,0.43348807,1.0,0.39733184414014056,1.0,0.4351815,0.0,0.5355993011534386,1,0.0038764975
49,2,3,1,0,1,1,44,0.0,0.0,0.6401691,0.0,0.5862857957561238,0.0,0.6008396,0.0,0.6307793578535944,1,0.2040791
39,2,7,0,5,1,0,40,0.0,0.0,0.936833,0.0,0.9658648163511449,0.0,0.97308505,0.0,0.9748208407418906,0,0.9999411
27,2,7,0,0,1,0,40,0.0,0.0,0.9726346,0.0,0.9749342796684805,0.0,0.9869115,0.0,0.9810567097828234,0,0.9998223
22,2,1,3,4,1,1,30,0.0,0.0,0.98761916,0.0,0.9832772134603845,0.0,0.9874722,0.0,0.9893898126315587,0,0.9997812
26,2,7,3,0,0,0,38,0.0,0.0,0.9927172,0.0,0.9881252192001525,0.0,0.99608004,0.0,0.9899697592334556,0,0.9998541
24,2,3,1,0,1,1,40,0.0,0.0,0.87976366,0.0,0.9423561131619395,0.0,0.9008807,0.0,0.8899013461777947,0,0.98962384
29,2,0,1,0,1,1,44,1.0,0.0,0.67771584,0.0,0.7273949346027896,0.0,0.66961247,0.0,0.6440673257910199,1,0.34077018
30,2,1,1,4,0,0,40,0.0,0.0,0.60852695,0.0,0.7780581715322312,1.0,0.41538543,1.0,0.4792283754185419,1,0.01455261
26,3,1,0,3,1,1,40,0.0,0.0,0.879977,0.0,0.7293188601421928,0.0,0.75912964,0.0,0.8753926358095542,0,0.9995912
64,2,7,1,5,1,0,35,0.0,0.0,0.5367695,1.0,0.4971785874328746,1.0,0.31328332,1.0,0.3567942449227405,1,4.9913467e-07
26,1,0,1,1,1,0,40,0.0,0.0,0.83013064,0.0,0.8581507771038461,0.0,0.85960114,0.0,0.8658099191960767,0,0.9476625
19,2,7,3,3,1,1,35,0.0,0.0,0.9971274,0.0,0.9848952367000997,0.0,0.99589044,0.0,0.9899697592334556,0,0.9998462
57,3,4,1,4,1,1,38,1.0,1.0,0.33547795,1.0,0.4625537747638694,1.0,0.4930842,1.0,0.36770080975919395,1,2.3884619e-05
41,2,6,1,4,1,1,55,0.0,0.0,0.8188629,0.0,0.8848480448073283,0.0,0.7993673,0.0,0.8138691062385295,0,0.87623245
30,2,0,2,2,1,0,40,0.0,0.0,0.8366138,0.0,0.8620473426244079,0.0,0.972723,0.0,0.9626325516561669,0,0.9998636
38,2,3,1,4,1,1,35,0.0,0.0,0.84041935,0.0,0.8005431368311056,0.0,0.85488236,0.0,0.8739701779055304,0,0.96517843
35,2,1,1,5,0,0,40,0.0,1.0,0.42036456,1.0,0.34806707999465347,1.0,0.30645436,1.0,0.26029162950279494,1,6.275483e-07
22,2,3,3,0,1,1,40,0.0,0.0,0.99313945,0.0,0.9833924674745405,0.0,0.9882902,0.0,0.9894470222177112,0,0.99980015
30,2,3,1,0,1,1,40,1.0,0.0,0.836466,0.0,0.8434280307692079,0.0,0.8648797,0.0,0.8559665601920637,0,0.95947266
41,2,3,0,5,1,0,43,0.0,0.0,0.92567086,0.0,0.968468716992018,0.0,0.93200874,0.0,0.9355644792704981,0,0.99953866
68,2,1,1,3,1,1,30,0.0,1.0,0.2669376,1.0,0.3037196720221462,1.0,0.33908033,1.0,0.3420104995998754,1,6.021058e-07
59,2,7,1,5,1,1,12,0.0,0.0,0.589258,0.0,0.5981124800520982,0.0,0.51801354,1.0,0.4960739526616882,1,0.0048688753
52,2,3,1,0,1,1,40,1.0,0.0,0.69907427,0.0,0.5802306822872195,0.0,0.6340608,0.0,0.6758317012010681,1,0.32667392
48,3,3,1,0,1,1,60,0.0,0.0,0.63455963,0.0,0.638351891227073,0.0,0.61327225,0.0,0.6081581843237006,1,0.062845126
20,2,3,2,3,1,0,26,0.0,0.0,0.99474454,0.0,0.9803709341044166,0.0,0.9882173,0.0,0.9894470222177112,0,0.9997985
28,2,0,1,4,1,1,40,1.0,0.0,0.73308146,0.0,0.7276745446741424,0.0,0.70499694,0.0,0.7071359271323054,0,0.5809264
30,2,3,3,0,1,1,40,0.0,0.0,0.9855619,0.0,0.9806113063845955,0.0,0.98855317,0.0,0.9894470222177112,0,0.999801
52,2,3,0,5,1,0,38,0.0,0.0,0.9459867,0.0,0.9702517926679408,0.0,0.9559479,0.0,0.9699800296637174,0,0.9997198
44,2,6,1,4,0,1,60,0.0,0.0,0.8316573,0.0,0.8886921589442052,0.0,0.77039474,0.0,0.7837074467306753,0,0.79942006
35,3,7,1,0,0,1,60,0.0,0.0,0.6774955,0.0,0.6275723258000948,0.0,0.5954262,0.0,0.5410524529238965,1,0.023367783
51,2,3,1,4,1,1,40,1.0,0.0,0.66943043,0.0,0.6949552298397721,0.0,0.70184433,0.0,0.6440673257910199,1,0.2671272
20,2,3,3,4,1,1,8,0.0,0.0,0.999278,0.0,0.9899831887363589,0.0,0.9927077,0.0,0.989972401351476,0,0.9998275
21,2,3,3,4,1,1,35,0.0,0.0,0.99690855,0.0,0.9892147211013109,0.0,0.9916565,0.0,0.989972401351476,0,0.99982315
36,3,3,1,0,1,1,40,0.0,0.0,0.81622994,0.0,0.7671097284795567,0.0,0.7887832,0.0,0.7492192642783739,0,0.75588
24,1,3,1,1,1,0,25,0.0,0.0,0.92824805,0.0,0.9206599685291899,0.0,0.9399731,0.0,0.9020761500636514,0,0.9997321
70,3,7,1,5,1,1,40,1.0,1.0,0.35144556,1.0,0.43968041934213675,1.0,0.20006037,1.0,0.2864773489750986,1,1.4091764e-06
44,2,7,1,0,1,1,72,1.0,1.0,0.43534434,1.0,0.40577356096460204,1.0,0.4007429,1.0,0.4684698135566303,1,7.4507254e-05
18,2,6,3,0,1,1,12,0.0,0.0,0.9998015,0.0,0.9910547105304064,0.0,0.9966852,0.0,0.9899697592334556,0,0.99985313
47,0,7,1,0,1,1,40,0.0,0.0,0.59252065,0.0,0.6514772896188121,0.0,0.6978742,0.0,0.5962580932153387,1,0.07673073
27,2,1,3,5,0,0,40,0.0,0.0,0.9348899,0.0,0.9622509752887102,0.0,0.91670746,0.0,0.958591550653886,0,0.9997794
34,0,7,3,5,0,0,72,0.0,0.0,0.9258688,0.0,0.9359074692756459,0.0,0.8295846,0.0,0.9165065637960476,0,0.98376644
51,0,3,1,5,1,0,32,0.0,0.0,0.734799,0.0,0.5314811532962029,1.0,0.4988451,0.0,0.587778618594228,1,0.11978281
29,3,0,1,0,1,1,50,0.0,0.0,0.6644359,0.0,0.7756272207658604,0.0,0.62666804,0.0,0.6276184988972298,1,0.2627185
24,0,7,3,4,1,1,50,0.0,0.0,0.96278375,0.0,0.9735609455565596,0.0,0.9246996,0.0,0.9758031719434781,0,0.9999871
56,2,6,0,0,1,1,49,0.0,0.0,0.9602039,0.0,0.9470171692848879,0.0,0.95592344,0.0,0.953625365517027,0,0.9997371
69,2,6,2,0,1,0,28,0.0,0.0,0.98958623,0.0,0.9596230906790011,0.0,0.99357605,0.0,0.9871365148297145,0,0.99980766
35,1,6,0,1,1,1,99,0.0,0.0,0.9737332,0.0,0.888901547161546,0.0,0.8270521,0.0,0.9240324162467461,0,0.9979791
77,1,3,1,1,1,1,15,0.0,0.0,0.74605775,0.0,0.8565570957061953,0.0,0.8435735,0.0,0.7608228344640439,0,0.9293599
74,2,6,4,4,0,0,15,0.0,0.0,0.9929802,0.0,0.9703087663329983,0.0,0.9901544,0.0,0.9899153546152761,0,0.9998022
21,2,3,1,5,1,1,40,0.0,0.0,0.8325873,0.0,0.8738048672221214,0.0,0.8125672,0.0,0.7981341991906705,0,0.874076
45,2,4,1,3,1,1,40,1.0,1.0,0.1818201,1.0,0.26657316282453125,1.0,0.36372072,1.0,0.3408579306579209,1,2.8992e-06
45,0,1,1,5,1,1,60,1.0,1.0,0.21055698,1.0,0.1905034461321966,1.0,0.31735379,1.0,0.30060505440240637,1,2.6658072e-06
27,2,1,3,5,1,0,35,0.0,0.0,0.9560038,0.0,0.9782106452380162,0.0,0.96509236,0.0,0.9669431947965386,0,0.9999094
38,2,3,1,0,1,1,48,1.0,0.0,0.6884715,0.0,0.6040359575078951,0.0,0.6739398,0.0,0.7043444045664533,1,0.46913362
28,2,3,1,0,1,1,38,0.0,0.0,0.8974442,0.0,0.9067742560838589,0.0,0.9134056,0.0,0.8993790597246465,0,0.9926595
43,2,7,0,2,1,1,40,0.0,0.0,0.8507432,0.0,0.7310041988441172,0.0,0.9028586,0.0,0.9359055007550021,0,0.9999628
32,2,1,0,5,1,0,50,1.0,0.0,0.777464,0.0,0.7930021113838617,0.0,0.6673782,0.0,0.7171475279624806,0,0.77864605
28,0,3,1,0,1,1,40,0.0,0.0,0.78971374,0.0,0.851067371606913,0.0,0.88368326,0.0,0.8511480097641597,0,0.93522465
37,3,1,1,2,1,1,55,1.0,1.0,0.29681414,1.0,0.29651600148239243,1.0,0.19633615,1.0,0.17380538170042792,1,5.990073e-07
42,1,6,3,1,0,1,35,0.0,0.0,0.99497503,0.0,0.9757622687448545,0.0,0.9896643,0.0,0.9796861305431934,0,0.9999776
31,0,7,1,0,1,1,35,1.0,0.0,0.7675652,0.0,0.830347800937413,0.0,0.86865985,0.0,0.8755270634107541,0,0.98326
23,2,3,3,0,0,1,40,0.0,0.0,0.99261,0.0,0.9809641516465788,0.0,0.988359,0.0,0.9894470222177112,0,0.99980026
18,2,6,3,2,1,0,16,0.0,0.0,0.9991834,0.0,0.985569113858547,0.0,0.97873324,0.0,0.9813402892477316,0,0.99987733
31,3,1,1,3,1,1,48,0.0,1.0,0.36413342,1.0,0.38328423943425327,1.0,0.43393093,1.0,0.3846885538549717,1,1.3485779e-06
29,2,7,1,0,1,1,40,0.0,0.0,0.75918436,0.0,0.7830580780233696,0.0,0.7645214,0.0,0.7793771376512151,0,0.8616807
20,2,7,3,3,1,1,30,0.0,0.0,0.9967973,0.0,0.9831899388308786,0.0,0.9960172,0.0,0.9899697592334556,0,0.9998481
35,2,3,0,4,1,0,35,0.0,0.0,0.98209167,0.0,0.9818705517155234,0.0,0.99182177,0.0,0.9855351098496185,0,0.99981576
33,2,3,0,0,1,1,20,0.0,0.0,0.9876916,0.0,0.9783414495587718,0.0,0.9920913,0.0,0.9894470222177112,0,0.9998197
24,0,7,1,5,1,0,44,0.0,0.0,0.68241024,0.0,0.837078708262066,0.0,0.63677037,0.0,0.5876286326630173,1,0.16141027
45,2,3,3,3,0,1,40,0.0,0.0,0.9644638,0.0,0.962950337079845,0.0,0.98176664,0.0,0.9868458066073523,0,0.99977964
50,2,3,1,4,1,1,40,1.0,0.0,0.6757039,0.0,0.6889954301780594,0.0,0.68858564,0.0,0.6440673257910199,1,0.29021958
48,3,1,2,0,1,1,50,0.0,0.0,0.83032477,0.0,0.6762638667675412,0.0,0.53625286,0.0,0.6418343386890659,1,0.4860459
28,2,1,3,2,1,1,45,0.0,0.0,0.8288478,0.0,0.8024179115326058,0.0,0.8784746,0.0,0.8851806655294197,0,0.99961877
69,0,7,1,4,1,1,40,0.0,1.0,0.43112832,0.0,0.5702295611781983,0.0,0.5386814,1.0,0.49662152332516873,1,1.7784456e-06
72,2,3,4,4,1,0,16,0.0,0.0,0.97123504,0.0,0.9479446732662333,0.0,0.98563457,0.0,0.981987196593927,0,0.99977845
51,2,7,1,0,1,1,50,0.0,1.0,0.46809042,1.0,0.4725869262959749,0.0,0.52850735,1.0,0.4949088791237174,1,0.0029645392
17,2,6,3,4,1,1,16,0.0,0.0,0.9999946,0.0,0.992264836444751,0.0,0.99637914,0.0,0.9896973455652845,0,0.99983704
20,2,6,3,0,1,1,40,0.0,0.0,0.99834996,0.0,0.9848544968734129,0.0,0.99298584,0.0,0.9894470222177112,0,0.9998399
17,1,6,3,1,1,1,12,0.0,0.0,0.999992,0.0,0.99201505249483,0.0,0.96753156,0.0,0.9765910865511349,0,0.99999213
32,2,0,0,0,1,1,46,0.0,0.0,0.91419727,0.0,0.8807110833055574,0.0,0.94072306,0.0,0.930597877403704,0,0.99971706
35,2,7,1,3,1,1,50,0.0,1.0,0.4928704,1.0,0.4011452126456395,1.0,0.4191898,1.0,0.4719673107363551,1,0.004222975
35,2,7,0,5,1,0,40,0.0,0.0,0.9451282,0.0,0.9663494757625954,0.0,0.9768177,0.0,0.9751989369346568,0,0.9999378
43,2,1,1,5,1,1,40,0.0,1.0,0.2509141,1.0,0.19296494848668921,1.0,0.15651685,1.0,0.2309462307081679,1,4.6677263e-07
26,0,3,3,5,0,0,40,0.0,0.0,0.98335713,0.0,0.9792641443943799,0.0,0.9610083,0.0,0.9669431947965386,0,0.9999584
32,2,7,1,0,1,1,50,1.0,0.0,0.6018479,0.0,0.6425956276131823,0.0,0.6579211,0.0,0.6307551497623776,1,0.21918176
35,2,7,3,3,1,0,40,0.0,0.0,0.98077476,0.0,0.9794826475541044,0.0,0.9905926,0.0,0.9899697592334556,0,0.999828
38,3,1,1,5,1,0,28,1.0,1.0,0.4993589,0.0,0.5589360164243492,0.0,0.5099525,1.0,0.47764326995512263,1,4.2343986e-06
40,2,3,1,0,1,1,60,0.0,0.0,0.5853693,0.0,0.5907232517699463,0.0,0.5982841,0.0,0.6256856875894514,1,0.1745829
28,2,1,1,2,1,0,24,1.0,1.0,0.4813996,1.0,0.4998194922396296,0.0,0.6197498,0.0,0.569122016597347,1,0.001391525
20,2,7,3,4,1,0,16,0.0,0.0,0.9977915,0.0,0.989689073089029,0.0,0.99178,0.0,0.9899180109183517,0,0.99982965
18,2,3,3,0,0,1,35,0.0,0.0,0.9984137,0.0,0.9882662983998992,0.0,0.99138683,0.0,0.9894470222177112,0,0.9998128
33,3,6,1,0,1,1,50,1.0,0.0,0.90255255,0.0,0.8370916494105738,0.0,0.857546,0.0,0.8733383290272616,0,0.97379553
43,2,7,1,2,1,1,40,0.0,1.0,0.42091894,1.0,0.408234780933882,1.0,0.3684138,1.0,0.3449538038742237,1,8.983076e-06
35,2,1,1,5,1,1,70,1.0,1.0,0.17054367,1.0,0.1615301301268235,1.0,0.209463,1.0,0.15990291231280618,1,5.222936e-07
30,0,5,3,5,1,1,55,0.0,0.0,0.6549922,0.0,0.749087915101282,0.0,0.6595757,0.0,0.7344684703549471,1,0.3787082
37,0,7,0,2,1,0,30,0.0,0.0,0.9425964,0.0,0.9350039092964548,0.0,0.9164688,0.0,0.9302788933231955,0,0.99999833
50,2,6,0,0,1,1,60,0.0,0.0,0.9543503,0.0,0.921165496120456,0.0,0.9572573,0.0,0.9492854965278981,0,0.99973124
31,2,7,3,0,1,1,40,0.0,0.0,0.9747072,0.0,0.9707418936488321,0.0,0.9918894,0.0,0.984442045415811,0,0.9998394
40,3,3,1,0,0,1,66,0.0,0.0,0.72303486,0.0,0.7294958810309609,0.0,0.6195406,0.0,0.6081581843237006,1,0.082579024
39,2,3,1,0,1,1,40,0.0,0.0,0.7760284,0.0,0.6982123750476055,0.0,0.7670251,0.0,0.7492192642783739,0,0.8142412
45,2,6,1,0,1,1,42,0.0,0.0,0.8517857,0.0,0.8568235427858811,0.0,0.86640745,0.0,0.8683231364771653,0,0.9620591
39,2,3,1,0,1,1,40,1.0,0.0,0.7760284,0.0,0.6982123750476055,0.0,0.7670251,0.0,0.7492192642783739,0,0.8142412
49,3,7,1,0,1,1,40,0.0,0.0,0.6445787,0.0,0.6973247118660095,0.0,0.6131228,0.0,0.6081581843237006,1,0.06386537
32,2,1,3,2,1,1,40,1.0,0.0,0.84554386,0.0,0.8778586814669221,0.0,0.8843915,0.0,0.8937196617195469,0,0.99987185
43,2,3,1,0,1,1,40,1.0,0.0,0.752521,0.0,0.6982123750476055,0.0,0.72584796,0.0,0.7492192642783739,0,0.76001495
39,2,7,1,5,1,1,62,1.0,1.0,0.2719983,1.0,0.23043042331474684,1.0,0.21960032,1.0,0.25186681840456826,1,4.9216646e-07
56,0,3,0,5,1,0,40,0.0,0.0,0.92250764,0.0,0.9210435693472606,0.0,0.9234433,0.0,0.9502152873293735,0,0.9998958
37,2,1,3,2,1,0,42,0.0,0.0,0.83322847,0.0,0.8731467075311399,0.0,0.84356105,0.0,0.7802556249748896,0,0.981398
52,3,1,1,3,1,1,50,1.0,1.0,0.24555188,1.0,0.3308876482244376,1.0,0.23374605,1.0,0.2868011846148769,1,5.277713e-07
35,2,3,3,0,1,1,70,0.0,0.0,0.9465999,0.0,0.9521567100215698,0.0,0.9227477,0.0,0.9207900964435118,0,0.9992091
50,2,1,3,5,1,1,50,1.0,0.0,0.60708743,0.0,0.5482879514375989,0.0,0.54774916,0.0,0.5287088176495965,1,9.386729e-05
23,2,7,3,4,1,1,30,0.0,0.0,0.99635434,0.0,0.9889095865888641,0.0,0.9910099,0.0,0.9899180109183517,0,0.9998287
22,2,7,3,2,1,1,12,0.0,0.0,0.9939519,0.0,0.9814646080858056,0.0,0.9174205,0.0,0.9693438363382854,0,0.99990094
51,2,7,1,3,1,1,60,0.0,1.0,0.27035278,1.0,0.38691143387548255,1.0,0.30298787,1.0,0.38272775454110697,1,5.2719037e-07
47,2,3,1,0,1,1,35,0.0,0.0,0.8146485,0.0,0.800861508763318,0.0,0.81851244,0.0,0.8383824266280863,0,0.9379707
52,2,3,1,3,1,1,45,1.0,1.0,0.4178021,1.0,0.4518376652666011,0.0,0.6056652,0.0,0.5416101856000661,1,0.021005835
34,3,1,1,3,1,1,50,1.0,1.0,0.32775736,1.0,0.36473167493539116,1.0,0.3550626,1.0,0.3529936729389226,1,8.560421e-07
25,2,1,3,5,1,0,40,0.0,0.0,0.9336535,0.0,0.9728228899920904,0.0,0.93324596,0.0,0.958591550653886,0,0.9998067
53,2,7,1,5,1,1,55,0.0,1.0,0.21900702,1.0,0.21007227750854873,1.0,0.21962887,1.0,0.21989684065338855,1,5.3493653e-07
46,0,7,3,5,1,0,40,0.0,0.0,0.9420929,0.0,0.9591821122563123,0.0,0.97882557,0.0,0.9591797449255232,0,0.999864
50,2,6,0,4,1,0,40,0.0,0.0,0.9895572,0.0,0.976454529562947,0.0,0.9953445,0.0,0.9855313156610583,0,0.99981457
30,1,3,3,1,1,1,40,0.0,0.0,0.9874304,0.0,0.9825903163646375,0.0,0.9843577,0.0,0.9734715749927907,0,0.9999683
53,2,7,2,5,0,0,15,0.0,0.0,0.95426726,0.0,0.9721961250193001,0.0,0.967691,0.0,0.9824708538098866,0,0.99993336
27,2,7,3,3,1,1,22,0.0,0.0,0.9931972,0.0,0.9817630839311531,0.0,0.991375,0.0,0.9899697592334556,0,0.9998548
52,0,1,1,2,1,1,40,0.0,1.0,0.30351603,1.0,0.3607829402485022,1.0,0.22914523,1.0,0.19853136880021427,1,4.435394e-06
53,2,7,0,5,1,0,34,0.0,0.0,0.9396991,0.0,0.9671144425860874,0.0,0.95634645,0.0,0.9661854305206578,0,0.99996877
26,2,3,1,5,1,0,40,1.0,0.0,0.7895536,0.0,0.8127591375567152,0.0,0.787824,0.0,0.7492192642783739,0,0.7331491
64,2,2,1,2,1,1,60,1.0,1.0,0.0804407,1.0,0.12643799055118765,1.0,0.080735326,1.0,0.1479992503905836,1,1.0817835e-06
35,1,0,3,1,1,1,55,0.0,0.0,0.93968654,0.0,0.9491910560077047,0.0,0.8811631,0.0,0.9341816756036536,0,0.9960692
58,2,3,1,0,0,1,20,1.0,0.0,0.8562321,0.0,0.8679337732640825,0.0,0.8323092,0.0,0.8194254020385872,0,0.9048892
41,0,1,1,2,1,1,38,1.0,1.0,0.3926096,1.0,0.47525395122833325,1.0,0.41168302,1.0,0.4365748544879874,1,4.5553834e-06
64,2,3,1,0,1,1,16,0.0,0.0,0.81848437,0.0,0.882527411892569,0.0,0.74886644,0.0,0.7492192642783739,0,0.7882052
21,2,3,3,2,1,0,55,0.0,0.0,0.9759953,0.0,0.9652244875492413,0.0,0.988131,0.0,0.9612386726791059,0,0.99983406
56,0,3,1,0,1,1,38,1.0,0.0,0.68781924,0.0,0.6263577127744996,0.0,0.6999495,0.0,0.675541605166949,1,0.45305294
18,1,7,3,1,1,1,10,0.0,0.0,0.99928343,0.0,0.9896478842204535,0.0,0.9942616,0.0,0.9795846740159107,0,0.9999851
28,2,7,3,3,1,1,45,0.0,0.0,0.96335256,0.0,0.9567879341663121,0.0,0.96418756,0.0,0.9788270646952698,0,0.9997882
39,2,0,1,5,1,1,40,0.0,1.0,0.44065982,0.0,0.5165480126692705,1.0,0.36878186,0.0,0.5056248516003692,1,0.00095774914
17,3,6,3,4,1,0,24,0.0,0.0,0.9999691,0.0,0.9888951001206706,0.0,0.9945091,0.0,0.9894470222177112,0,0.99983466
53,0,7,0,0,1,1,40,0.0,0.0,0.89762473,0.0,0.9121426574568893,0.0,0.9917605,0.0,0.9785541387165085,0,0.9999777
36,2,7,0,0,1,1,40,0.0,0.0,0.93912077,0.0,0.9480569004587398,0.0,0.9839185,0.0,0.979291268642183,0,0.99981076
32,2,7,1,0,1,1,55,0.0,0.0,0.5787916,0.0,0.6959197667796337,0.0,0.5745923,0.0,0.62368588218972,1,0.17416975
50,2,7,1,0,1,1,40,1.0,0.0,0.5886729,0.0,0.5325199027935448,0.0,0.56153387,0.0,0.5494164969838116,1,0.09471505
38,2,7,1,5,1,0,35,1.0,0.0,0.7016018,0.0,0.5908584949393656,0.0,0.64524746,0.0,0.5543934543435285,1,0.12614125
56,3,5,1,2,1,1,32,1.0,1.0,0.18617016,1.0,0.14252275187704533,1.0,0.16509026,1.0,0.2470945995660947,1,4.579125e-07
53,2,3,0,4,1,0,40,0.0,0.0,0.94943815,0.0,0.9527369124850327,0.0,0.9776882,0.0,0.9819824887897047,0,0.9997569
41,0,0,1,0,1,1,40,0.0,0.0,0.59344125,0.0,0.6275416674724597,0.0,0.6265684,0.0,0.6547613091397216,1,0.18471849
17,2,3,3,0,0,1,40,0.0,0.0,0.9999187,0.0,0.991413769658859,0.0,0.98490465,0.0,0.9894470222177112,0,0.9997929
27,2,1,3,2,0,1,40,0.0,0.0,0.902688,0.0,0.8754289720325594,0.0,0.928011,0.0,0.9372348625646529,0,0.9998734
18,2,7,3,4,1,0,16,0.0,0.0,0.9985837,0.0,0.9898656524435036,0.0,0.9931884,0.0,0.9899697592334556,0,0.9998305
36,2,3,1,5,1,0,40,0.0,0.0,0.716342,1.0,0.4833189406085705,0.0,0.64721066,0.0,0.6307793578535944,1,0.19925638
33,3,6,3,0,0,1,32,0.0,0.0,0.9963117,0.0,0.9659536704372613,0.0,0.9855022,0.0,0.979291268642183,0,0.99989045
50,2,3,1,2,1,0,40,1.0,0.0,0.53527236,0.0,0.7594543984574497,0.0,0.60120773,0.0,0.5277608128365854,1,0.008836766
67,3,1,1,0,1,1,40,0.0,1.0,0.37664437,0.0,0.5055872232266676,1.0,0.33954865,1.0,0.4592756666553087,1,7.4457625e-07
51,2,0,1,3,1,1,50,0.0,1.0,0.28883237,1.0,0.2729129131147656,1.0,0.45811123,1.0,0.4038155617970134,1,7.7825825e-06
41,3,3,0,0,1,1,20,0.0,0.0,0.9806474,0.0,0.9538845826396674,0.0,0.9844461,0.0,0.9823342173100582,0,0.9998062
38,2,0,1,5,1,1,45,1.0,1.0,0.34766054,1.0,0.32642475703864715,1.0,0.40881157,1.0,0.418428295230032,1,2.2087468e-05
40,2,1,3,2,1,0,45,0.0,0.0,0.81172776,0.0,0.8524383199455101,0.0,0.5427822,0.0,0.67642396451502,1,0.44711766
29,2,3,1,0,1,1,45,0.0,0.0,0.77524793,0.0,0.8322904103244841,0.0,0.7770845,0.0,0.7723129182333668,0,0.8337549
56,2,6,0,0,1,1,56,0.0,0.0,0.95262706,0.0,0.920323108860765,0.0,0.95863146,0.0,0.9492854965278981,0,0.9997311
49,2,7,0,4,1,0,40,0.0,0.0,0.9524382,0.0,0.9666136816668958,0.0,0.9850072,0.0,0.9751884553230167,0,0.999718
34,2,3,3,4,1,0,40,0.0,0.0,0.98683584,0.0,0.9884905370731019,0.0,0.9893966,0.0,0.985643797636976,0,0.9998097
24,2,6,3,4,1,1,30,0.0,0.0,0.9990672,0.0,0.9900583025857487,0.0,0.9969566,0.0,0.9899697592334556,0,0.99983025
53,2,3,4,0,0,0,38,0.0,0.0,0.9718805,0.0,0.9685335698135685,0.0,0.9884647,0.0,0.9894470222177112,0,0.99980086
39,2,3,3,5,1,0,40,1.0,0.0,0.9728105,0.0,0.9832581156505414,0.0,0.9701165,0.0,0.9774067903251302,0,0.99977165
71,1,3,1,1,1,1,40,0.0,0.0,0.67453563,0.0,0.751456361101484,0.0,0.66138256,0.0,0.6652981709008329,0,0.51818085
44,2,6,3,4,0,0,40,0.0,0.0,0.99442554,0.0,0.9864039807921016,0.0,0.9961712,0.0,0.9894470222177112,0,0.999819
66,3,1,1,5,1,1,40,1.0,1.0,0.244932,1.0,0.2863999448490342,1.0,0.21309376,1.0,0.2915805494179078,1,6.584205e-07
45,2,7,0,5,1,0,40,0.0,0.0,0.92430085,0.0,0.965318867658455,0.0,0.94746786,0.0,0.9687283446428148,0,0.9999453
35,3,0,1,0,1,1,40,0.0,0.0,0.68158543,0.0,0.7654749096953075,0.0,0.62735957,0.0,0.6825579628145674,1,0.44285193
30,1,7,3,1,1,0,25,0.0,0.0,0.9916338,0.0,0.9843829306301614,0.0,0.99017817,0.0,0.9797728347232381,0,0.99997926
38,3,3,2,0,1,1,40,0.0,0.0,0.9657049,0.0,0.9628266250570902,0.0,0.8744939,0.0,0.9236205004257904,0,0.9993524
44,0,0,0,4,0,1,40,0.0,0.0,0.87229425,0.0,0.8786144616767618,0.0,0.9159074,0.0,0.9543360669607945,0,0.9999614
42,2,2,3,2,1,1,50,0.0,0.0,0.5661551,0.0,0.6127367717950549,1.0,0.4862898,1.0,0.4002351157016648,1,1.1433591e-05
52,2,3,3,4,1,1,40,0.0,0.0,0.96452177,0.0,0.9771725526089614,0.0,0.98427635,0.0,0.9819824887897047,0,0.99977916
31,2,6,0,0,1,1,38,0.0,0.0,0.9922252,0.0,0.9724976567896297,0.0,0.9924118,0.0,0.9894470222177112,0,0.9998361
43,2,7,0,5,1,1,45,0.0,0.0,0.7880696,0.0,0.7801289430161555,0.0,0.94107294,0.0,0.9568934012302902,0,0.9998913
19,2,3,3,0,1,0,40,0.0,0.0,0.9955667,0.0,0.990474764114206,0.0,0.98775905,0.0,0.9894470222177112,0,0.9997985
37,2,7,0,3,0,1,40,0.0,0.0,0.9313175,0.0,0.8492432558908568,0.0,0.97159785,0.0,0.9788270646952698,0,0.99979895
36,0,0,3,4,0,0,60,1.0,0.0,0.9204407,0.0,0.9391208643539523,0.0,0.91034806,0.0,0.8875202623960818,0,0.9997861
38,2,1,1,2,1,1,50,1.0,1.0,0.24714482,1.0,0.24926649456164318,1.0,0.21789205,1.0,0.2608535158149955,1,5.8110066e-07
64,3,3,1,3,1,1,15,1.0,0.0,0.7728848,0.0,0.7799948022966775,0.0,0.6838124,0.0,0.6792780906449511,1,0.4081581
24,2,0,3,4,1,0,35,0.0,0.0,0.9898164,0.0,0.9818576020704293,0.0,0.994169,0.0,0.9899153546152761,0,0.9998254
27,3,7,1,5,1,1,30,0.0,0.0,0.75836945,0.0,0.6429292020652007,0.0,0.6545545,0.0,0.7373801012773351,1,0.4841013
20,1,3,3,1,0,1,43,0.0,0.0,0.99541837,0.0,0.9836673260174256,0.0,0.97447556,0.0,0.970701909383601,0,0.99997246
43,2,4,3,5,1,0,45,0.0,0.0,0.7432719,1.0,0.42292458813145506,0.0,0.508423,0.0,0.5211338127592142,1,0.0142091345
54,2,7,1,0,1,1,40,1.0,0.0,0.56527853,0.0,0.5482028454625817,0.0,0.5255029,0.0,0.5309679499908395,1,0.039768282
24,2,6,3,0,1,1,55,0.0,0.0,0.9931869,0.0,0.9716224045360534,0.0,0.9816671,0.0,0.9797648957120151,0,0.99981195
41,1,3,0,1,0,0,28,0.0,0.0,0.97790235,0.0,0.9750478843549631,0.0,0.99153894,0.0,0.9708045858893397,0,0.9999697
76,3,7,4,3,1,1,8,0.0,0.0,0.9276367,0.0,0.8851826801554925,0.0,0.9307324,0.0,0.9664768497682421,0,0.9999875
56,2,3,3,0,1,1,40,0.0,0.0,0.96153945,0.0,0.9695183574820619,0.0,0.97962284,0.0,0.966065922937371,0,0.9997745
60,0,7,1,4,1,1,40,0.0,1.0,0.46498638,1.0,0.45118137494293353,0.0,0.5791508,0.0,0.5269912535658199,1,1.919386e-05
41,2,1,1,2,1,1,40,0.0,1.0,0.28619426,1.0,0.23718123010391767,1.0,0.19113833,1.0,0.24272326407423217,1,5.341978e-07
42,3,1,1,5,1,1,60,1.0,1.0,0.2182253,1.0,0.28265057782323066,1.0,0.22360104,1.0,0.24000866227860884,1,4.772816e-07
35,2,3,1,0,1,1,60,0.0,0.0,0.6275625,0.0,0.679012321207372,0.0,0.60917294,0.0,0.6307793578535944,1,0.2255111
38,2,0,1,0,1,1,40,1.0,0.0,0.6512755,0.0,0.6044789158550797,0.0,0.67441964,0.0,0.6440673257910199,1,0.3058065
62,2,1,1,0,1,1,40,0.0,1.0,0.35267323,1.0,0.3711982327900252,1.0,0.38157338,1.0,0.4270874875279892,1,8.9482074e-07
28,0,2,0,2,1,0,40,0.0,0.0,0.758517,0.0,0.827697833918432,0.0,0.8767332,0.0,0.8419914136373026,0,0.95198274
42,3,4,1,2,1,1,65,0.0,1.0,0.21960646,1.0,0.16261091308867615,1.0,0.22254992,1.0,0.1829568344929522,1,5.4929166e-07
75,3,5,1,2,1,1,35,0.0,1.0,0.16877621,1.0,0.2299842985234829,1.0,0.18545383,1.0,0.2525008431701202,1,1.0041617e-06
41,2,4,1,5,1,1,50,1.0,1.0,0.12313336,1.0,0.08384565312850101,1.0,0.15447527,1.0,0.2090141473626843,1,4.5273003e-07
63,1,1,4,1,1,0,40,1.0,0.0,0.9147394,0.0,0.8441425660995925,0.0,0.81629753,0.0,0.8712613710553296,0,0.71072155
21,2,7,3,0,1,1,40,0.0,0.0,0.99146056,0.0,0.9820711578154036,0.0,0.9935959,0.0,0.9896973455652845,0,0.99984205
29,2,0,1,4,1,1,40,0.0,0.0,0.71884644,0.0,0.7276745446741424,0.0,0.6683818,0.0,0.690042313417337,0,0.5444506
25,2,7,0,4,1,0,40,0.0,0.0,0.97825944,0.0,0.9737801102478826,0.0,0.9897832,0.0,0.9855313156610583,0,0.99982375
59,2,4,4,5,1,0,40,1.0,0.0,0.63917464,0.0,0.7224193181991772,0.0,0.5179609,1.0,0.439276361439664,1,0.0003638411
49,2,5,1,2,1,1,48,0.0,1.0,0.099401295,1.0,0.1485550360752591,1.0,0.20560801,1.0,0.20170700699777622,1,4.925778e-07
33,0,0,0,4,1,1,40,0.0,0.0,0.90667695,0.0,0.8593659784780742,0.0,0.9180515,0.0,0.9679168581803899,0,0.9999602
18,2,6,3,4,1,0,20,0.0,0.0,0.9996913,0.0,0.9897582726096436,0.0,0.996955,0.0,0.9899697592334556,0,0.999838
38,3,4,1,5,1,1,70,1.0,1.0,0.16277349,1.0,0.20825006132328117,1.0,0.24117297,1.0,0.2681975989732436,1,5.585188e-07
29,2,1,1,3,1,1,40,0.0,1.0,0.4522224,1.0,0.36147504518739226,1.0,0.48371434,1.0,0.3942373707509389,1,0.00056534976
30,2,1,3,5,1,0,45,0.0,0.0,0.873668,0.0,0.9020996268155254,0.0,0.87246376,0.0,0.8432091809404638,0,0.99838066
35,3,7,3,0,1,1,40,0.0,0.0,0.9705491,0.0,0.9635094415100893,0.0,0.9904146,0.0,0.969195036166044,0,0.99996483
34,2,7,3,3,1,1,35,0.0,0.0,0.98126495,0.0,0.9656955536510464,0.0,0.9846482,0.0,0.9899153546152761,0,0.9998423
22,2,7,3,3,1,0,15,0.0,0.0,0.9978595,0.0,0.9857313578244267,0.0,0.9931869,0.0,0.9899697592334556,0,0.99984825
26,2,0,2,5,1,0,35,0.0,0.0,0.94509065,0.0,0.9635092915937326,0.0,0.98860914,0.0,0.979829848887575,0,0.9998456
43,2,7,1,5,1,1,55,1.0,1.0,0.27752113,1.0,0.2796560818949678,1.0,0.26334757,1.0,0.2797791360826257,1,4.8429587e-07
30,2,1,1,5,1,1,70,0.0,1.0,0.19982266,1.0,0.19999991332406042,1.0,0.20502257,1.0,0.1666682872292059,1,5.1058265e-07
33,2,7,1,0,1,1,40,0.0,0.0,0.7198858,0.0,0.7482009202155103,0.0,0.7100084,0.0,0.7382388436677476,0,0.75608766
26,0,3,1,5,0,1,40,0.0,0.0,0.7410509,0.0,0.8069672736788146,0.0,0.83934575,0.0,0.7747733980345534,0,0.75764656
25,2,6,3,0,1,1,40,0.0,0.0,0.99658936,0.0,0.9792740072697205,0.0,0.99247444,0.0,0.9894470222177112,0,0.9998373
18,2,3,3,0,1,1,40,0.0,0.0,0.9971636,0.0,0.9913800767446008,0.0,0.98717403,0.0,0.9894470222177112,0,0.9997967
60,0,7,1,5,1,0,35,0.0,0.0,0.5931101,0.0,0.5227826276658829,1.0,0.40409535,1.0,0.40963441698686787,1,0.00031051898
36,2,4,3,5,1,1,50,1.0,0.0,0.622602,1.0,0.46121681320624375,0.0,0.6183897,0.0,0.5687964663213281,1,0.020271806
33,0,3,3,4,0,1,40,0.0,0.0,0.97256917,0.0,0.9717486824421182,0.0,0.9475493,0.0,0.9718778216710049,0,0.9997725
24,1,3,1,1,1,0,40,0.0,0.0,0.88987136,0.0,0.8856415730833604,0.0,0.9419707,0.0,0.8878019555095568,0,0.9966851
21,2,7,3,5,1,1,40,0.0,0.0,0.9827432,0.0,0.9864228220021943,0.0,0.99054104,0.0,0.9832932887117538,0,0.9999305
42,0,1,1,5,1,1,48,1.0,1.0,0.25547802,1.0,0.2873969743115917,1.0,0.2164551,1.0,0.23777771568763362,1,4.3657683e-06
37,3,7,1,5,1,1,60,0.0,1.0,0.39357364,0.0,0.5825141747300584,1.0,0.36622256,1.0,0.37453597093860336,1,1.2906173e-06
30,0,1,1,2,1,1,40,1.0,1.0,0.4006462,0.0,0.5019338516501518,1.0,0.46132487,1.0,0.43191374854000886,1,2.7439785e-06
26,2,3,2,5,1,0,40,0.0,0.0,0.9612571,0.0,0.9782516040934113,0.0,0.9612395,0.0,0.9715977363782888,0,0.9996321
36,2,5,1,2,1,1,55,1.0,1.0,0.11629468,1.0,0.14987169920838217,1.0,0.18784809,1.0,0.20839569571408956,1,5.238995e-07
53,3,7,4,5,1,1,40,1.0,0.0,0.8488196,0.0,0.740106414624624,0.0,0.9640831,0.0,0.9548339024034141,0,0.9999087
23,0,3,3,1,1,1,8,0.0,0.0,0.9962063,0.0,0.9850546890582239,0.0,0.99249697,0.0,0.9751989369346568,0,0.9999707
33,2,1,1,5,0,0,30,0.0,0.0,0.5575438,0.0,0.5815880378174707,1.0,0.49880403,1.0,0.4359037058378924,1,3.076744e-05
43,2,3,0,0,1,0,40,0.0,0.0,0.96165335,0.0,0.9675924687203394,0.0,0.97687125,0.0,0.9680756794968552,0,0.9997787
56,3,7,1,2,0,1,50,0.0,1.0,0.4131171,1.0,0.3046387319986116,1.0,0.21831596,1.0,0.16072109357978437,1,5.4568636e-07
42,2,4,3,5,1,0,40,0.0,0.0,0.8094974,0.0,0.6395360968078851,0.0,0.63340235,0.0,0.6596077438179113,1,0.14197148
50,2,3,1,0,1,1,40,0.0,0.0,0.710691,0.0,0.627693206171709,0.0,0.66098297,0.0,0.6916737970963738,1,0.4375639
31,2,2,3,2,1,0,28,0.0,0.0,0.8964451,0.0,0.9534919845160794,0.0,0.9331437,0.0,0.8938548162153137,0,0.9963722
39,2,4,1,5,0,1,40,1.0,1.0,0.22419357,1.0,0.21695513451821002,1.0,0.32150722,1.0,0.31594287297775314,1,1.5302912e-06
54,2,0,1,0,0,1,40,0.0,0.0,0.61877525,1.0,0.44173693639760925,1.0,0.48600042,0.0,0.5309679499908395,1,0.032472566
24,2,1,3,2,1,1,40,0.0,0.0,0.90864646,0.0,0.9117166414404014,0.0,0.93383455,0.0,0.9572736946799981,0,0.9997719
34,2,1,3,3,1,1,40,0.0,0.0,0.8770392,0.0,0.8107302553384456,0.0,0.901408,0.0,0.8876861314250206,0,0.9994374
27,0,4,3,2,1,0,50,0.0,0.0,0.82846946,0.0,0.8582987700318317,0.0,0.9334621,0.0,0.917947906053142,0,0.94200975
56,3,7,1,3,1,1,45,0.0,1.0,0.383116,0.0,0.5506710965500753,1.0,0.49047524,1.0,0.44743433865408344,1,2.185921e-06
21,2,7,3,5,1,1,35,0.0,0.0,0.9909635,0.0,0.9886867353511172,0.0,0.98599195,0.0,0.9835200696828064,0,0.99992883
20,2,7,3,5,1,0,40,0.0,0.0,0.9867421,0.0,0.9886943595759126,0.0,0.98976564,0.0,0.9832932887117538,0,0.99992573
40,2,1,0,3,1,1,40,1.0,0.0,0.7400638,0.0,0.516610828958419,0.0,0.8603059,0.0,0.8951812733354891,0,0.9984989
37,2,0,1,4,1,0,25,0.0,0.0,0.8326191,1.0,0.49556176837786425,0.0,0.71917355,0.0,0.7753436371314124,0,0.7824287
26,2,7,1,5,1,1,42,0.0,0.0,0.5905727,0.0,0.5513050544780782,0.0,0.53993464,0.0,0.5494164969838116,1,0.019554546
20,2,6,3,0,1,0,60,0.0,0.0,0.9953497,0.0,0.9765704591121009,0.0,0.9817342,0.0,0.9797648957120151,0,0.99981064
22,2,6,3,0,1,0,40,0.0,0.0,0.9976412,0.0,0.9845025691406855,0.0,0.9927615,0.0,0.9894470222177112,0,0.9998388
29,1,3,1,1,1,1,40,0.0,0.0,0.8460914,0.0,0.8550073685370739,0.0,0.8912402,0.0,0.8521886979894351,0,0.99212885
29,2,3,0,0,1,1,40,0.0,0.0,0.97364885,0.0,0.9514548974040357,0.0,0.98061615,0.0,0.9859906533506766,0,0.9997836
31,2,3,3,0,0,0,35,0.0,0.0,0.992612,0.0,0.983348244423397,0.0,0.99181575,0.0,0.9899697592334556,0,0.99981755
34,2,1,1,3,1,1,60,1.0,1.0,0.24991536,1.0,0.2352410101969944,1.0,0.21560764,1.0,0.26504279638951056,1,4.829449e-07
38,2,6,1,0,1,1,36,0.0,0.0,0.9328226,0.0,0.9390289183984366,0.0,0.9639802,0.0,0.9449306131818841,0,0.9972761
42,2,0,1,2,1,1,50,0.0,1.0,0.29397118,1.0,0.2823721287095454,1.0,0.4523586,1.0,0.43155042845228486,1,1.1656522e-06
40,3,0,3,2,0,0,2,0.0,0.0,0.982581,0.0,0.8872868163401728,0.0,0.9535645,0.0,0.9472240031075682,0,0.99998486
29,2,3,1,0,1,1,40,0.0,0.0,0.8429209,0.0,0.8530644548181698,0.0,0.8668237,0.0,0.8700664057474417,0,0.9651129
84,2,6,1,2,0,1,10,0.0,0.0,0.8164515,0.0,0.782452120169983,0.0,0.9768871,0.0,0.9312656983187902,0,0.9844738
36,2,7,1,0,1,1,56,1.0,0.0,0.53798556,0.0,0.5348381372788836,0.0,0.5421703,0.0,0.5494164969838116,1,0.05733589
27,0,1,3,4,1,0,35,0.0,0.0,0.9803017,0.0,0.9868718284564887,0.0,0.9168533,0.0,0.9751989369346568,0,0.99998367
48,1,0,0,1,1,0,40,1.0,0.0,0.94420326,0.0,0.9339654226763785,0.0,0.8833566,0.0,0.9087071076630773,0,0.9984497
68,3,7,1,3,1,1,40,1.0,1.0,0.4248407,0.0,0.6189871617574207,1.0,0.47422332,0.0,0.5420612902367323,1,1.0863592e-06
31,3,3,1,0,1,1,45,0.0,0.0,0.79355735,0.0,0.7975612159547356,0.0,0.6688012,0.0,0.7192481148315453,0,0.5819085
46,0,6,4,5,1,0,40,0.0,0.0,0.9686903,0.0,0.9443949102733262,0.0,0.9862224,0.0,0.9761934567757169,0,0.9999901
47,3,4,1,5,1,1,50,1.0,1.0,0.175888,1.0,0.17038058809688317,1.0,0.28568453,1.0,0.3451328441532775,1,5.75206e-07
65,3,1,1,5,1,1,65,1.0,1.0,0.17124528,1.0,0.27806256189241396,1.0,0.2645859,1.0,0.2777126780417397,1,7.7014016e-07
37,2,1,3,2,1,1,45,1.0,0.0,0.7605028,0.0,0.7426862432336332,0.0,0.7775368,0.0,0.7624065860660194,0,0.8732443
49,0,3,1,0,0,1,40,1.0,0.0,0.7161877,0.0,0.7302464141739349,0.0,0.68539,0.0,0.6685263095257128,1,0.41878375
70,3,4,1,5,1,1,8,1.0,1.0,0.36601388,1.0,0.2737293652879438,1.0,0.3169514,1.0,0.3651108889841248,1,1.1946657e-06
54,2,3,1,3,1,1,40,0.0,0.0,0.50220144,0.0,0.6236830802447164,1.0,0.47258168,0.0,0.5494164969838116,1,0.07891517
21,0,3,3,5,1,0,43,0.0,0.0,0.9828436,0.0,0.9783522603891857,0.0,0.9638424,0.0,0.9616298239367893,0,0.9999256
31,2,3,1,4,1,1,40,0.0,0.0,0.8084476,0.0,0.8063429038605611,0.0,0.8442126,0.0,0.8409292569353357,0,0.92323905
69,1,6,1,1,1,1,48,0.0,0.0,0.8782304,0.0,0.8341405634213439,0.0,0.9145747,0.0,0.8613001742540034,0,0.9680389
50,3,6,3,0,1,1,25,0.0,0.0,0.9930585,0.0,0.9480164653513355,0.0,0.98646665,0.0,0.979291268642183,0,0.99990594
52,2,0,2,2,1,0,50,0.0,0.0,0.7247682,0.0,0.8010448322159992,0.0,0.81205827,0.0,0.6212895180838072,1,0.03184927
37,2,3,1,0,1,1,50,0.0,0.0,0.6750769,0.0,0.6670014219840698,0.0,0.6359662,0.0,0.6704731657380872,1,0.39414713
47,0,7,1,0,1,1,40,1.0,0.0,0.59252065,0.0,0.6514772896188121,0.0,0.6978742,0.0,0.5962580932153387,1,0.07673073
25,2,6,3,5,0,0,40,0.0,0.0,0.9958067,0.0,0.9857200154711505,0.0,0.99277467,0.0,0.9819196185414328,0,0.9998728
77,0,3,1,5,1,1,6,0.0,0.0,0.68605036,0.0,0.7610146355984305,0.0,0.5402045,0.0,0.6222689609531848,1,0.28691944
58,3,3,1,3,1,1,50,0.0,1.0,0.4504701,0.0,0.5764812149364948,0.0,0.50521016,0.0,0.5416101856000661,1,0.0031779471
54,1,6,1,1,1,0,40,0.0,0.0,0.8825945,0.0,0.9040162137938434,0.0,0.96248996,0.0,0.8838268280906886,0,0.99890804
37,3,1,1,5,1,1,80,1.0,1.0,0.20748276,1.0,0.3986270051649794,1.0,0.22981858,1.0,0.24000866227860884,1,4.781012e-07
56,2,3,1,3,1,1,36,1.0,0.0,0.61928594,0.0,0.7809631609310043,0.0,0.6205851,0.0,0.6307793578535944,1,0.20524679
57,2,1,1,3,1,1,55,1.0,1.0,0.17035401,1.0,0.2348560055125224,1.0,0.23824275,1.0,0.17487103364172074,1,5.5100884e-07
37,2,3,1,5,1,0,40,0.0,0.0,0.70999146,1.0,0.4833189406085705,0.0,0.6085237,0.0,0.6307793578535944,1,0.17316377
35,0,1,4,5,1,1,40,1.0,0.0,0.82826287,0.0,0.8057607636564054,0.0,0.89849967,0.0,0.9111785240649566,0,0.98472935
27,2,0,3,3,1,0,40,0.0,0.0,0.97986513,0.0,0.9631948422687446,0.0,0.98691255,0.0,0.9750813705902991,0,0.9997967
41,1,3,2,1,0,0,32,0.0,0.0,0.9809777,0.0,0.9790928426789567,0.0,0.98887414,0.0,0.9723006535850153,0,0.9999652
21,2,7,3,2,0,0,20,0.0,0.0,0.9940494,0.0,0.9873637346123915,0.0,0.9210662,0.0,0.9693438363382854,0,0.9998957
42,2,3,3,5,0,0,25,0.0,0.0,0.98634326,0.0,0.9876470183905801,0.0,0.9897226,0.0,0.9899697592334556,0,0.99983025
59,2,7,1,3,1,1,40,1.0,1.0,0.40204352,0.0,0.5170807877573668,1.0,0.41961104,1.0,0.4770339672819385,1,1.6907205e-05
37,3,7,1,5,1,1,50,1.0,1.0,0.4272068,1.0,0.438444793807957,1.0,0.40167093,1.0,0.42026918719590545,1,4.3742657e-06
17,1,6,3,1,1,0,25,0.0,0.0,0.9999788,0.0,0.9898140437513745,0.0,0.9702815,0.0,0.9765910865511349,0,0.9999933
27,2,3,1,0,1,1,70,0.0,0.0,0.6629941,0.0,0.7555192335914029,0.0,0.5897755,0.0,0.639440547469953,1,0.33797836
32,2,7,0,0,0,1,40,0.0,0.0,0.9599763,0.0,0.9356167081568344,0.0,0.9864859,0.0,0.9810567097828234,0,0.99981695
25,2,7,1,3,1,1,43,0.0,0.0,0.70761704,0.0,0.6977240995780785,0.0,0.64132065,0.0,0.6342640684749676,1,0.2725414
46,2,0,1,0,1,1,40,1.0,0.0,0.5916645,0.0,0.6023570476618216,0.0,0.5957234,0.0,0.6307551497623776,1,0.18744396
31,2,6,3,0,1,0,30,0.0,0.0,0.9976964,0.0,0.9873620421413847,0.0,0.9961823,0.0,0.9899697592334556,0,0.99985266
20,2,7,3,4,1,0,20,0.0,0.0,0.9973206,0.0,0.9894253245275266,0.0,0.9919624,0.0,0.9899153546152761,0,0.99982893
27,2,3,1,0,1,1,40,0.0,0.0,0.85672677,0.0,0.8999878471181937,0.0,0.86851865,0.0,0.8831974987593281,0,0.9807011
52,2,3,4,3,1,0,40,0.0,0.0,0.95668393,0.0,0.9530089281243217,0.0,0.9742229,0.0,0.9775831287492843,0,0.9996923
58,2,7,1,5,1,1,40,1.0,1.0,0.32806957,1.0,0.39444822562222115,1.0,0.2892052,1.0,0.30275484584958523,1,4.8198797e-07
60,3,7,1,5,1,1,50,1.0,1.0,0.30835295,1.0,0.3196523890935419,1.0,0.24972093,1.0,0.2471148247579511,1,8.710251e-07
17,2,6,3,3,1,0,5,0.0,0.0,0.99999607,0.0,0.9889400705896604,0.0,0.996783,0.0,0.9899697592334556,0,0.99984825
28,2,1,3,2,0,1,40,0.0,0.0,0.8965935,0.0,0.8683333426511392,0.0,0.9150175,0.0,0.9206555797824365,0,0.99989855
37,0,1,1,2,1,1,55,1.0,1.0,0.27675593,1.0,0.36537597123721066,1.0,0.3219698,1.0,0.3472031989537082,1,3.773913e-06
44,2,3,0,4,1,0,33,0.0,0.0,0.97608817,0.0,0.9749498804957477,0.0,0.99263096,0.0,0.9855351098496185,0,0.9998153
44,2,0,0,0,1,1,40,0.0,0.0,0.91376466,0.0,0.9110696409767421,0.0,0.95548177,0.0,0.9525161170956696,0,0.9997439
31,0,4,0,5,1,0,50,1.0,0.0,0.7713373,0.0,0.807782230595691,0.0,0.78570944,0.0,0.8389545508545233,0,0.8128399
26,2,0,3,2,1,0,36,0.0,0.0,0.9639418,0.0,0.9614067438925611,0.0,0.9805364,0.0,0.976598331993019,0,0.99988997
20,2,3,3,0,1,1,40,0.0,0.0,0.99500275,0.0,0.9839535596896772,0.0,0.98805225,0.0,0.9894470222177112,0,0.9997993
48,2,6,0,0,0,0,40,0.0,0.0,0.99034953,0.0,0.9706035097036715,0.0,0.9845014,0.0,0.9810567097828234,0,0.9998097
21,2,3,3,0,1,1,24,0.0,0.0,0.99794513,0.0,0.9903303968773808,0.0,0.9922183,0.0,0.9899697592334556,0,0.99982053
54,3,0,1,3,1,1,50,1.0,1.0,0.30983537,1.0,0.38637497584102953,1.0,0.2388469,1.0,0.32543580485206947,1,3.10966e-06
34,2,0,1,2,1,1,50,1.0,1.0,0.3452916,1.0,0.34510168261035357,1.0,0.44314045,1.0,0.399358484125658,1,7.5622115e-06
35,2,3,1,0,1,1,30,0.0,0.0,0.88760066,0.0,0.8789739544887941,0.0,0.90695,0.0,0.8899013461777947,0,0.9911924
28,2,7,1,5,1,0,40,0.0,0.0,0.7048546,0.0,0.6940675364154525,0.0,0.596858,0.0,0.5911909408704666,1,0.14742972
27,0,1,3,2,1,1,40,0.0,0.0,0.9132909,0.0,0.9295476090465976,0.0,0.94553125,0.0,0.9439850919872371,0,0.9999821
23,2,7,3,4,1,1,40,0.0,0.0,0.99044245,0.0,0.9884241868904379,0.0,0.9885783,0.0,0.9861709950891865,0,0.99981934
51,3,5,0,2,1,1,80,1.0,1.0,0.4668002,1.0,0.30039991419323353,1.0,0.20585227,1.0,0.38861961949001944,1,1.7110804e-05
63,3,1,1,2,1,1,40,1.0,1.0,0.3100316,1.0,0.39011967029721073,1.0,0.15744865,1.0,0.23605296809632037,1,7.4293285e-07
38,1,3,0,1,0,0,40,0.0,0.0,0.972165,0.0,0.9655814089139514,0.0,0.967867,0.0,0.970815245816141,0,0.9999528
74,3,2,1,2,1,1,25,1.0,1.0,0.23052067,1.0,0.3207885175294817,1.0,0.34083104,1.0,0.27453776159644117,1,1.8529201e-06
21,2,7,3,4,1,0,25,0.0,0.0,0.9961935,0.0,0.9894253245275266,0.0,0.99167645,0.0,0.9899180109183517,0,0.99982846
34,2,6,1,0,1,1,40,0.0,0.0,0.9162012,0.0,0.9178588247684079,0.0,0.9354317,0.0,0.9283194095621534,0,0.9957879
46,3,2,3,2,1,0,45,0.0,0.0,0.7053272,0.0,0.7973916872492777,1.0,0.21552557,1.0,0.4730303261311508,1,7.032056e-05
17,2,6,3,4,1,1,30,0.0,0.0,0.99999106,0.0,0.991450652916462,0.0,0.99571663,0.0,0.9894470222177112,0,0.99983
28,2,7,3,4,1,1,40,0.0,0.0,0.98477304,0.0,0.987870995702238,0.0,0.98508954,0.0,0.9861709950891865,0,0.99980384
32,0,0,1,4,1,1,50,0.0,0.0,0.5188273,0.0,0.5452474543829933,0.0,0.619302,0.0,0.532611681533426,1,0.010377632
53,0,7,1,4,1,1,60,1.0,1.0,0.39105374,1.0,0.4055150656532126,1.0,0.2845165,1.0,0.41909524891127303,1,8.638841e-07
65,0,7,0,5,1,0,40,0.0,0.0,0.8845509,0.0,0.9043122380956364,0.0,0.89857936,0.0,0.9222720408366695,0,0.983478
46,2,5,1,2,1,1,40,1.0,1.0,0.13029987,1.0,0.13129897014510084,1.0,0.20687312,1.0,0.2431318565328684,1,4.947231e-07
44,0,3,0,0,1,1,25,0.0,0.0,0.9646536,0.0,0.9637490932298173,0.0,0.9769998,0.0,0.9765663634271723,0,0.9999515
54,0,6,1,4,1,1,40,0.0,0.0,0.79311466,0.0,0.8175606867545668,0.0,0.878826,0.0,0.8706695834486413,0,0.9660491
50,2,7,1,5,1,0,38,1.0,0.0,0.5902309,0.0,0.511645579253402,1.0,0.44423568,0.0,0.5301586611501649,1,5.2162646e-05
37,2,3,1,0,1,1,40,0.0,0.0,0.7887966,0.0,0.8164591072876566,0.0,0.8224476,0.0,0.8194254020385872,0,0.92583656
20,1,7,3,1,1,0,25,0.0,0.0,0.996008,0.0,0.98862073545169,0.0,0.99141026,0.0,0.979953371400512,0,0.9999802
21,2,3,0,3,0,0,38,0.0,0.0,0.9936815,0.0,0.9802643074543045,0.0,0.9885442,0.0,0.9894470222177112,0,0.9998011
23,2,3,0,4,1,0,30,0.0,0.0,0.99098104,0.0,0.9825442290988499,0.0,0.99133253,0.0,0.9894470222177112,0,0.9998192
43,2,1,1,0,1,1,48,0.0,1.0,0.34441411,1.0,0.3629962075148332,1.0,0.45602626,1.0,0.4415248864598833,1,1.619626e-05
26,3,0,1,0,1,1,55,0.0,0.0,0.67666686,0.0,0.7401156298820288,0.0,0.62607193,0.0,0.6276184988972298,1,0.25906283
29,2,3,1,4,0,1,40,0.0,0.0,0.84720874,0.0,0.8967401774006147,0.0,0.8389242,0.0,0.8596328077179846,0,0.9367844
49,0,7,0,2,1,0,20,0.0,0.0,0.9344076,0.0,0.9094201940510598,0.0,0.9494499,0.0,0.95413396086743,0,0.999998
30,2,3,1,0,1,1,44,0.0,0.0,0.7763761,0.0,0.7855304143526209,0.0,0.78531927,0.0,0.7723129182333668,0,0.85683525
45,0,1,2,2,1,0,40,0.0,0.0,0.81059664,0.0,0.7870392816991516,0.0,0.7187232,0.0,0.8301549664518806,1,0.33829638
48,2,6,1,0,1,1,40,0.0,0.0,0.8750237,0.0,0.8863020359434385,0.0,0.87170035,0.0,0.8741853458116003,0,0.97797966
47,3,6,1,3,1,1,40,0.0,0.0,0.8239807,0.0,0.7812348784011649,0.0,0.82852644,0.0,0.8559767162790564,0,0.93832463
47,0,1,1,5,1,1,60,1.0,1.0,0.20602876,1.0,0.2065020534645352,1.0,0.28980464,1.0,0.3459220819025143,1,2.8120332e-06
23,2,3,3,5,0,1,40,0.0,0.0,0.9876731,0.0,0.9816362183146505,0.0,0.98981935,0.0,0.9899697592334556,0,0.99983084
35,2,0,1,4,1,1,40,1.0,0.0,0.64398724,0.0,0.6541236797542871,0.0,0.6688032,0.0,0.639052074019741,1,0.3067951
27,2,7,0,2,1,0,40,0.0,0.0,0.94301724,0.0,0.9474350634190521,0.0,0.9068466,0.0,0.9652081294678072,0,0.9999331
38,2,3,3,4,0,0,24,0.0,0.0,0.99391586,0.0,0.9883122691632583,0.0,0.99266803,0.0,0.989972401351476,0,0.9998223
67,3,3,1,0,1,1,58,1.0,0.0,0.588276,0.0,0.6576517675162734,0.0,0.6070205,0.0,0.532611681533426,1,0.004556996
53,3,3,1,3,1,1,40,1.0,0.0,0.5963392,0.0,0.6697749306332921,0.0,0.6583111,0.0,0.6248175265626701,1,0.0745718
27,2,3,3,0,0,1,40,0.0,0.0,0.9894729,0.0,0.9806113063845955,0.0,0.9885181,0.0,0.9894470222177112,0,0.99980086
31,3,1,3,0,1,1,55,0.0,0.0,0.88275015,0.0,0.8554442085284061,0.0,0.8178118,0.0,0.8558502319757857,0,0.9984345
29,2,7,3,3,1,0,40,0.0,0.0,0.9858826,0.0,0.9805432884493079,0.0,0.99146014,0.0,0.9899697592334556,0,0.9998441
40,2,3,1,0,1,1,40,0.0,0.0,0.77019477,0.0,0.6982123750476055,0.0,0.74944496,0.0,0.7492192642783739,0,0.7872783
40,2,6,1,0,1,1,40,0.0,0.0,0.8970931,0.0,0.9031130481711994,0.0,0.9012379,0.0,0.9024606956917652,0,0.9929395
38,2,0,1,0,1,1,48,1.0,0.0,0.56906646,0.0,0.5908713076291758,0.0,0.59834313,0.0,0.62368588218972,1,0.17508776
50,2,3,1,2,1,1,40,0.0,1.0,0.4791569,1.0,0.43366698898574607,0.0,0.60120773,0.0,0.5277608128365854,1,0.008836766
28,2,7,0,0,1,1,50,0.0,0.0,0.92471576,0.0,0.9364890456297382,0.0,0.9566035,0.0,0.9543525845891495,0,0.9997601
29,2,7,3,3,1,1,30,0.0,0.0,0.98954237,0.0,0.980109452789851,0.0,0.99001384,0.0,0.9899697592334556,0,0.9998554
19,2,7,3,5,1,1,20,0.0,0.0,0.99645895,0.0,0.9891483381986563,0.0,0.99145573,0.0,0.9852089956246377,0,0.9999068
39,2,4,1,2,1,0,18,1.0,1.0,0.2664088,1.0,0.37734927994061973,1.0,0.42655855,1.0,0.4805697534293123,1,0.00020324822
40,2,2,1,2,1,1,60,1.0,1.0,0.117651045,1.0,0.177086049477021,1.0,0.19318378,1.0,0.17665219179552505,1,3.7533644e-07
51,2,7,1,5,1,0,10,1.0,0.0,0.7660109,0.0,0.6725528578001992,0.0,0.57834196,0.0,0.6448005809638591,1,0.20273769
20,1,6,3,1,1,0,30,0.0,0.0,0.99902457,0.0,0.9879746390259407,0.0,0.9853599,0.0,0.9789799114964779,0,0.99999
21,2,3,3,4,1,0,35,0.0,0.0,0.9967086,0.0,0.989796157262187,0.0,0.9916565,0.0,0.989972401351476,0,0.99982315
17,2,6,3,0,1,1,15,0.0,0.0,0.9999949,0.0,0.9929011782440854,0.0,0.99609613,0.0,0.9894470222177112,0,0.9998474
65,2,3,1,0,1,1,16,0.0,0.0,0.81464285,0.0,0.8810507481925193,0.0,0.7178456,0.0,0.7380241784253941,0,0.7594639
39,2,1,0,5,1,1,55,0.0,0.0,0.5558693,1.0,0.3703060533368471,0.0,0.7278842,0.0,0.5623594554329481,1,0.103342175
34,2,7,1,0,1,1,40,0.0,0.0,0.7106384,0.0,0.7336674494282687,0.0,0.69349873,0.0,0.7301202781336622,0,0.73095447
29,2,7,2,0,0,1,42,0.0,0.0,0.9597239,0.0,0.9528392236165804,0.0,0.98068106,0.0,0.9717418261400433,0,0.9997851
55,2,1,1,5,0,1,35,0.0,1.0,0.32358032,1.0,0.27710352517009673,1.0,0.259988,1.0,0.22154753279999995,1,5.55748e-07
47,2,3,1,4,1,1,40,0.0,0.0,0.6940868,0.0,0.6963954620189583,0.0,0.6868992,0.0,0.6749041830305667,1,0.4344301
42,3,3,1,0,1,1,40,0.0,0.0,0.78834075,0.0,0.7443164842142858,0.0,0.7148671,0.0,0.7192481148315453,0,0.52737486
31,2,3,3,0,1,1,40,0.0,0.0,0.98472035,0.0,0.9806113063845955,0.0,0.988542,0.0,0.9894470222177112,0,0.999801
30,2,7,1,5,1,0,45,0.0,0.0,0.599712,0.0,0.567643515240344,1.0,0.46467578,0.0,0.5018054427289249,1,0.0011669853
44,3,7,1,5,1,1,80,0.0,1.0,0.3175646,0.0,0.5083900603489718,1.0,0.22857052,1.0,0.24076737560952866,1,5.673288e-07
50,3,6,1,0,1,1,40,0.0,0.0,0.8976622,0.0,0.8610751737807115,0.0,0.8551739,0.0,0.8733383290272616,0,0.97377497
49,2,1,3,4,1,1,25,0.0,0.0,0.9366644,0.0,0.9625555749425005,0.0,0.943523,0.0,0.972436901292078,0,0.99953604
53,2,7,1,3,1,1,60,1.0,1.0,0.2571841,1.0,0.46634256771270677,1.0,0.30548114,1.0,0.3125753238453236,1,5.034929e-07
43,2,6,1,0,1,1,40,0.0,0.0,0.8892138,0.0,0.8788608840849278,0.0,0.8985811,0.0,0.894325481484722,0,0.9898718
48,0,4,3,2,1,0,40,0.0,0.0,0.7650542,0.0,0.8755364468047194,0.0,0.6622651,0.0,0.7957554714728132,0,0.90287966
32,2,0,3,3,0,0,46,0.0,0.0,0.96680397,0.0,0.948981940497722,0.0,0.91596437,0.0,0.915429831328544,0,0.9995584
48,3,3,1,0,1,1,50,0.0,0.0,0.6701118,0.0,0.6340447815833625,0.0,0.6718935,0.0,0.6377819862649474,1,0.2064188
19,2,7,3,5,1,1,40,0.0,0.0,0.98902524,0.0,0.9870745565803636,0.0,0.9887605,0.0,0.9822451591143219,0,0.9999181
43,2,3,0,5,1,0,40,1.0,0.0,0.94071376,0.0,0.9714124265641113,0.0,0.93643737,0.0,0.9533127576907828,0,0.9996389
23,2,0,3,5,1,1,40,0.0,0.0,0.96210617,0.0,0.9827222566534501,0.0,0.96920305,0.0,0.9718778216710049,0,0.9998264
56,2,3,0,0,1,1,40,0.0,0.0,0.9359763,0.0,0.9324662020992969,0.0,0.95102364,0.0,0.9548790638767506,0,0.99972314
22,2,3,3,5,1,0,40,0.0,0.0,0.9889334,0.0,0.9887801953392277,0.0,0.9898589,0.0,0.9899697592334556,0,0.9998306
38,2,5,3,5,1,1,40,1.0,0.0,0.65562856,0.0,0.7107726042392872,0.0,0.9471467,0.0,0.8301519880404771,0,0.9993956
42,0,4,0,2,1,1,40,0.0,0.0,0.6824392,0.0,0.6828418191575061,0.0,0.89287937,0.0,0.8746180860625101,0,0.97772175
24,0,7,3,5,1,1,40,0.0,0.0,0.9665558,0.0,0.9761389856955157,0.0,0.9762482,0.0,0.9787385219036844,0,0.9999733
69,2,3,1,5,1,1,36,0.0,1.0,0.47191852,0.0,0.6197561321243532,1.0,0.40539765,0.0,0.5323430231916462,1,0.003931725
24,2,7,1,4,0,0,35,0.0,0.0,0.9145712,0.0,0.9440084313598003,0.0,0.8961653,0.0,0.8715633250681136,0,0.960204
63,2,3,1,0,1,1,48,0.0,0.0,0.5399575,0.0,0.5276770915146152,0.0,0.6221493,0.0,0.5494164969838116,1,0.038429946
61,3,7,1,3,1,1,35,1.0,0.0,0.56439716,0.0,0.6984985825964338,0.0,0.5696714,1.0,0.4249466133643375,1,5.1039082e-05
39,2,6,0,4,0,0,40,0.0,0.0,0.9930775,0.0,0.9792572114756412,0.0,0.9959604,0.0,0.9894470222177112,0,0.9998167
22,2,6,1,0,1,1,48,0.0,0.0,0.94122237,0.0,0.9413572107423166,0.0,0.927989,0.0,0.918456724449565,0,0.99601483
27,2,3,3,5,1,0,40,0.0,0.0,0.9839577,0.0,0.9887801953392277,0.0,0.9896448,0.0,0.9855729607798328,0,0.9998307
48,2,3,3,0,1,1,40,0.0,0.0,0.97026867,0.0,0.9720633758437274,0.0,0.98211086,0.0,0.9855313156610583,0,0.9997873
20,2,3,3,0,1,1,30,0.0,0.0,0.9978935,0.0,0.9909925709319289,0.0,0.99197954,0.0,0.9894470222177112,0,0.99981743
28,2,1,3,3,1,1,65,0.0,0.0,0.81252146,0.0,0.7368209377435015,0.0,0.7468736,0.0,0.5650874847831322,1,0.39666095
24,2,7,3,0,1,1,40,0.0,0.0,0.9867441,0.0,0.9771182333007605,0.0,0.9932948,0.0,0.9896973455652845,0,0.999841
66,3,3,4,0,1,1,20,0.0,0.0,0.9711733,0.0,0.9421604703898289,0.0,0.93871516,0.0,0.9548790638767506,0,0.99975675
34,2,0,3,3,1,1,50,0.0,0.0,0.8944926,0.0,0.942643169621354,0.0,0.8554993,0.0,0.9126194188890042,0,0.9991812
52,1,4,1,1,1,0,40,1.0,0.0,0.5080297,0.0,0.806010885848648,0.0,0.66469204,0.0,0.5021894221066612,1,0.0010148779
41,2,3,1,4,1,1,40,0.0,0.0,0.73674965,0.0,0.7209946279226344,0.0,0.711812,0.0,0.7493249640383775,0,0.57245886
64,1,6,0,1,1,1,40,0.0,0.0,0.98184633,0.0,0.952502229625536,0.0,0.9838456,0.0,0.9738240412643921,0,0.99996996
33,2,3,0,0,1,1,45,0.0,0.0,0.9495554,0.0,0.9484351590446737,0.0,0.96852195,0.0,0.951331347119149,0,0.9997451
73,3,6,1,0,1,1,99,1.0,0.0,0.7857902,0.0,0.7183818933012953,0.0,0.76439536,0.0,0.5201967642236558,1,5.3256073e-05
39,2,1,1,5,1,1,50,1.0,1.0,0.19731379,1.0,0.13647460112632726,1.0,0.19268578,1.0,0.16490532514368594,1,5.021024e-07
52,2,7,1,4,1,1,40,0.0,0.0,0.55271375,0.0,0.5342044783551062,1.0,0.4076168,1.0,0.435090243284903,1,0.022743516
24,2,6,3,0,1,1,39,0.0,0.0,0.998171,0.0,0.9861704355598647,0.0,0.9952017,0.0,0.9894470222177112,0,0.9998503
36,2,7,0,5,1,1,45,0.0,0.0,0.8419012,0.0,0.8596675884636902,0.0,0.9478465,0.0,0.9664435693132375,0,0.99989796
17,2,6,3,4,1,1,20,0.0,0.0,0.99999356,0.0,0.9920535493608422,0.0,0.9961801,0.0,0.9894470222177112,0,0.9998349
29,2,1,1,3,1,1,40,1.0,1.0,0.4522224,1.0,0.36147504518739226,1.0,0.48371434,1.0,0.3942373707509389,1,0.00056534976
20,2,7,3,3,0,0,14,0.0,0.0,0.99886936,0.0,0.988245144983468,0.0,0.9942956,0.0,0.9899697592334556,0,0.99984884
43,3,3,3,0,1,1,35,0.0,0.0,0.9851004,0.0,0.9639992429128311,0.0,0.9779991,0.0,0.9773342147648171,0,0.99979883
24,0,7,3,4,1,0,40,0.0,0.0,0.98851407,0.0,0.9839581753332696,0.0,0.95009094,0.0,0.966536776809423,0,0.9999901
61,2,1,1,2,1,1,40,0.0,1.0,0.23328143,1.0,0.21995253623157873,1.0,0.23088127,1.0,0.18858769050823176,1,5.2309963e-07
20,1,7,3,1,1,0,10,0.0,0.0,0.9975422,0.0,0.9887981186950392,0.0,0.9945939,0.0,0.9795846740159107,0,0.9999846
35,2,3,0,5,1,0,40,0.0,0.0,0.95452,0.0,0.9778649470808207,0.0,0.9468037,0.0,0.9548790638767506,0,0.9997334
43,0,3,0,4,0,0,40,0.0,0.0,0.95539606,0.0,0.9485409157291727,0.0,0.92353964,0.0,0.9560737575988486,0,0.99968064
27,2,1,3,2,0,1,40,1.0,0.0,0.902688,0.0,0.8754289720325594,0.0,0.928011,0.0,0.9372348625646529,0,0.9998734
47,0,7,0,5,1,1,56,1.0,0.0,0.74459106,0.0,0.7873271983874222,0.0,0.8739788,0.0,0.9253406849068914,0,0.98319983
54,2,2,1,2,1,1,45,1.0,1.0,0.106595516,1.0,0.12643799055118765,1.0,0.13981277,1.0,0.1436190796414224,1,4.9173576e-07
90,0,0,1,5,0,1,20,0.0,1.0,0.48714203,0.0,0.8271725182065123,0.0,0.5506536,1.0,0.4883067715202506,1,6.075415e-05
46,2,4,1,4,1,1,40,1.0,1.0,0.2338022,1.0,0.3360008841447326,1.0,0.2744962,1.0,0.44805050875402486,1,9.967564e-05
40,2,1,4,5,1,0,40,0.0,0.0,0.8027421,0.0,0.7742779249678631,0.0,0.8194813,0.0,0.8152949639152735,0,0.9994122
30,2,6,3,0,1,1,40,0.0,0.0,0.99472797,0.0,0.9736224890139612,0.0,0.99206626,0.0,0.9894470222177112,0,0.9998349
48,2,3,4,5,1,0,40,0.0,0.0,0.9203424,0.0,0.9503728197104603,0.0,0.9572767,0.0,0.9680639161909133,0,0.99968636
30,2,4,1,5,1,1,45,1.0,1.0,0.18791032,1.0,0.21970439634655425,1.0,0.2845469,1.0,0.28585462872694267,1,1.6878582e-06
31,2,3,3,4,1,1,40,0.0,0.0,0.98572505,0.0,0.9849259303852966,0.0,0.9891933,0.0,0.985643797636976,0,0.99981207
22,2,3,3,5,1,1,20,0.0,0.0,0.9954554,0.0,0.9896554075986849,0.0,0.993482,0.0,0.9899697592334556,0,0.9998367
40,2,3,1,0,1,1,40,0.0,0.0,0.77019477,0.0,0.6982123750476055,0.0,0.74944496,0.0,0.7492192642783739,0,0.7872783
47,2,7,0,5,1,1,40,0.0,0.0,0.83155847,0.0,0.8731178690588413,0.0,0.9502964,0.0,0.9687283446428148,0,0.99994445
49,2,1,1,2,1,0,20,1.0,1.0,0.3192652,1.0,0.3693803755795614,1.0,0.35795432,1.0,0.27840031716326696,1,9.094211e-07
18,2,3,3,4,1,1,25,0.0,0.0,0.9988393,0.0,0.9895318220235824,0.0,0.99228036,0.0,0.9899697592334556,0,0.9998235
42,3,1,1,0,1,1,60,1.0,1.0,0.355878,0.0,0.5577611523711707,1.0,0.3246768,1.0,0.36914883903262163,1,1.0116948e-06
45,0,3,0,5,1,0,38,1.0,0.0,0.95600754,0.0,0.9544105498279775,0.0,0.97418064,0.0,0.9688308403561348,0,0.99996245
53,3,1,1,2,1,1,50,0.0,1.0,0.26899463,1.0,0.2941798186686464,1.0,0.16355377,1.0,0.15637929905440962,1,6.8069323e-07
43,0,7,2,0,0,1,40,0.0,0.0,0.9439245,0.0,0.9432693433259639,0.0,0.99545157,0.0,0.9791331111871493,0,0.99998415
25,1,7,3,1,0,1,40,0.0,0.0,0.99301416,0.0,0.9744508509632555,0.0,0.989827,0.0,0.9795032374774746,0,0.9999745
33,0,7,2,5,0,1,35,0.0,0.0,0.9404613,0.0,0.9489153222325769,0.0,0.973296,0.0,0.9699479173901114,0,0.99998105
59,2,4,1,0,0,0,35,0.0,1.0,0.43386006,0.0,0.7156216934060813,1.0,0.46084613,1.0,0.45867323976266083,1,0.0004483487
68,1,6,4,1,1,0,15,0.0,0.0,0.98897743,0.0,0.9731358728439137,0.0,0.990848,0.0,0.979953371400512,0,0.99998236
57,3,3,1,0,1,1,30,0.0,0.0,0.81854486,0.0,0.8228777945935549,0.0,0.72256035,0.0,0.7192481148315453,0,0.5302201
40,2,7,0,5,1,0,40,0.0,0.0,0.93478096,0.0,0.965318867658455,0.0,0.9705449,0.0,0.9748208407418906,0,0.9999411
61,2,0,1,5,1,1,42,0.0,1.0,0.23636466,1.0,0.36195494008390683,1.0,0.25591105,1.0,0.24217691853128998,1,4.913907e-07
17,2,6,3,4,0,1,20,0.0,0.0,0.9999932,0.0,0.9916854942059885,0.0,0.9961801,0.0,0.9894470222177112,0,0.9998349
32,1,6,3,1,0,0,40,0.0,0.0,0.9960722,0.0,0.9828158822907936,0.0,0.9913813,0.0,0.9796861305431934,0,0.99997675
34,2,1,1,4,0,1,30,0.0,0.0,0.652292,0.0,0.5613529591478674,0.0,0.6941123,0.0,0.5771442753705982,1,0.10272303
46,0,0,0,0,0,0,60,0.0,0.0,0.8951655,0.0,0.8957733146885436,0.0,0.8465461,0.0,0.8823921216049795,0,0.9997316
57,2,2,1,4,1,1,40,1.0,1.0,0.17546695,1.0,0.2596330739888324,1.0,0.29385942,1.0,0.2951492402716044,1,4.897318e-07
30,2,3,3,0,1,1,50,0.0,0.0,0.9734141,0.0,0.9733842340544734,0.0,0.9742618,0.0,0.9658902720611025,0,0.99975306
27,2,1,3,2,1,0,40,0.0,0.0,0.90841115,0.0,0.9556590131425386,0.0,0.928011,0.0,0.9372348625646529,0,0.9998734
39,2,7,0,2,1,0,45,1.0,0.0,0.8843188,0.0,0.9046495830525668,0.0,0.8680492,0.0,0.9561519577558052,0,0.999961
19,1,7,3,1,1,0,35,0.0,0.0,0.9959463,0.0,0.9894550847293911,0.0,0.99254006,0.0,0.9793966789580807,0,0.99997973
53,0,3,4,4,1,0,30,0.0,0.0,0.9566602,0.0,0.9448700486005144,0.0,0.9587215,0.0,0.9602028140916975,0,0.9997712
24,2,3,3,0,1,1,40,0.0,0.0,0.9912154,0.0,0.9833924674745405,0.0,0.9884128,0.0,0.9894470222177112,0,0.9998005
54,2,6,1,4,0,0,30,0.0,0.0,0.94794536,0.0,0.9350233534021378,0.0,0.9216273,0.0,0.9074356026692267,0,0.99217963
46,2,3,1,0,1,1,40,1.0,0.0,0.7341112,0.0,0.6837855917369307,0.0,0.72430074,0.0,0.7277306171796802,0,0.6935551
28,0,1,3,2,1,1,50,0.0,0.0,0.85106707,0.0,0.9024634211551423,0.0,0.92666614,0.0,0.9246715520425682,0,0.9917603
65,2,3,4,5,1,0,36,0.0,0.0,0.92540765,0.0,0.9446185084438098,0.0,0.9518821,0.0,0.951331347119149,0,0.99964345
76,2,3,1,3,1,1,24,0.0,0.0,0.5667794,0.0,0.8000965584850395,0.0,0.5125383,0.0,0.5494164969838116,1,0.026869742
24,2,7,1,3,1,1,40,0.0,0.0,0.7979208,0.0,0.7917410752212135,0.0,0.7259531,0.0,0.739342548352752,0,0.6002799
39,2,3,0,5,1,0,45,0.0,0.0,0.9253992,0.0,0.9671566621395375,0.0,0.9310843,0.0,0.9355644792704981,0,0.99954116
49,2,3,0,5,1,0,35,0.0,0.0,0.954208,0.0,0.9721945577415163,0.0,0.9571307,0.0,0.9754234720423276,0,0.9997559
46,3,0,0,5,0,0,63,0.0,0.0,0.7968941,0.0,0.8226750931609128,0.0,0.8591515,0.0,0.819158354727649,0,0.95397073
55,0,7,1,5,1,0,37,0.0,0.0,0.6084142,1.0,0.4972027036558542,1.0,0.47121257,1.0,0.40963441698686787,1,0.0006384788
21,2,7,3,0,1,0,40,0.0,0.0,0.9903668,0.0,0.9860991198918265,0.0,0.9935959,0.0,0.9896973455652845,0,0.99984205
29,1,3,3,1,1,1,40,0.0,0.0,0.98827606,0.0,0.9825903163646375,0.0,0.98537195,0.0,0.9734715749927907,0,0.9999701
56,2,6,3,0,1,1,40,0.0,0.0,0.9850923,0.0,0.9574195780973321,0.0,0.99059165,0.0,0.9810567097828234,0,0.9998122
71,1,3,4,1,1,0,40,0.0,0.0,0.9593659,0.0,0.9528310520322474,0.0,0.8706974,0.0,0.8672645900677114,0,0.9964508
36,2,3,3,5,0,0,40,0.0,0.0,0.97856593,0.0,0.9866299313751964,0.0,0.9786465,0.0,0.9779969550780536,0,0.999795
22,2,3,3,5,0,1,40,0.0,0.0,0.9891287,0.0,0.9854121498867173,0.0,0.9898589,0.0,0.9899697592334556,0,0.9998306
61,2,4,1,2,1,1,40,1.0,1.0,0.14021027,1.0,0.1904112732161547,1.0,0.21505487,1.0,0.260611976388501,1,5.586557e-07
56,2,6,3,5,1,1,40,0.0,0.0,0.96277726,0.0,0.9261860642292128,0.0,0.96475255,0.0,0.969195036166044,0,0.99989915
80,1,3,1,1,1,1,8,0.0,0.0,0.7692729,0.0,0.8935100359998983,0.0,0.8327329,0.0,0.8622860660579819,0,0.94184536
61,2,5,1,5,1,1,20,0.0,1.0,0.15618014,1.0,0.2613205637234405,1.0,0.28084767,1.0,0.23960323352083968,1,5.9632043e-07
24,2,1,3,2,0,0,35,0.0,0.0,0.9599244,0.0,0.9730787724780201,0.0,0.95795107,0.0,0.9772745376680484,0,0.99988246
31,2,3,3,0,1,1,40,0.0,0.0,0.98472035,0.0,0.9806113063845955,0.0,0.988542,0.0,0.9894470222177112,0,0.999801
22,2,1,3,5,1,0,40,0.0,0.0,0.9481314,0.0,0.9746800506638542,0.0,0.94272894,0.0,0.9648402724570817,0,0.9998241
46,2,3,1,3,1,1,40,0.0,0.0,0.5863834,0.0,0.6063254870546062,0.0,0.6178837,0.0,0.6307793578535944,1,0.20025769
25,3,3,1,0,1,1,30,0.0,0.0,0.92368466,0.0,0.879058215038829,0.0,0.90903395,0.0,0.8830768082661736,0,0.99049544
43,2,3,1,4,1,1,60,0.0,0.0,0.53112483,0.0,0.5564962781634304,0.0,0.62370396,0.0,0.6017665545197425,1,0.1479635
25,2,3,2,4,0,1,40,0.0,0.0,0.98008037,0.0,0.9767607238984248,0.0,0.9719543,0.0,0.9821220594613431,0,0.99968123
41,2,2,1,2,1,1,50,1.0,1.0,0.12747192,1.0,0.19740811917457568,1.0,0.17033678,1.0,0.24013708343976692,1,3.7930837e-07
42,3,0,0,0,0,1,35,0.0,0.0,0.9477398,0.0,0.9031211764811418,0.0,0.93963975,0.0,0.9543908326605134,0,0.9998653
44,0,7,1,4,1,1,40,0.0,0.0,0.5508157,1.0,0.3606691861273247,1.0,0.45786804,0.0,0.5150434080792645,1,0.01669904
27,2,1,3,2,1,0,36,0.0,0.0,0.9361981,0.0,0.965901273286021,0.0,0.9586566,0.0,0.963380542298846,0,0.9998945
38,2,1,3,3,1,1,45,1.0,0.0,0.78438294,0.0,0.671025649362186,0.0,0.7540485,0.0,0.6934890888103243,0,0.9473743
30,2,1,3,3,1,0,30,0.0,0.0,0.9758736,0.0,0.9670951422313038,0.0,0.9867306,0.0,0.9800173897311769,0,0.9997837
27,2,3,0,4,1,0,40,0.0,0.0,0.979459,0.0,0.9797432316205754,0.0,0.9873366,0.0,0.9821220594613431,0,0.99980205
20,2,6,3,3,1,0,55,0.0,0.0,0.99672514,0.0,0.9817530338094697,0.0,0.983309,0.0,0.9797648957120151,0,0.9998166
46,2,3,0,4,1,0,30,0.0,0.0,0.97596246,0.0,0.9712784967178132,0.0,0.99293166,0.0,0.9855351098496185,0,0.99981624
46,2,3,1,0,1,1,44,1.0,0.0,0.6599351,0.0,0.5921484402377897,0.0,0.6362239,0.0,0.6350077258889693,1,0.27963042
50,0,4,0,2,1,0,65,0.0,0.0,0.6822332,0.0,0.6696738761146406,1.0,0.4908051,0.0,0.6258290541582878,1,0.00012933512
50,2,3,3,0,1,1,40,0.0,0.0,0.9682261,0.0,0.9714653950007333,0.0,0.9814607,0.0,0.9845920416709297,0,0.99978584
18,1,3,3,1,1,0,60,0.0,0.0,0.99373424,0.0,0.9890718878317221,0.0,0.9090227,0.0,0.9683058370638112,0,0.9999474
61,2,3,1,0,1,1,40,0.0,0.0,0.6560302,0.0,0.6855422383669117,0.0,0.6173782,0.0,0.6307793578535944,1,0.20206133
45,0,4,1,2,1,1,40,1.0,1.0,0.23848057,1.0,0.16398793536771739,1.0,0.22014707,1.0,0.24441898908433946,1,6.743901e-07
29,2,1,3,5,0,0,40,0.0,0.0,0.9274946,0.0,0.9498249768558864,0.0,0.90328157,0.0,0.9445851388202735,0,0.9997402
39,2,2,3,2,1,1,45,0.0,0.0,0.6120417,0.0,0.6576935967726791,1.0,0.2782693,1.0,0.41324943082956855,1,2.736073e-05
31,2,1,1,2,1,1,35,0.0,1.0,0.41099763,1.0,0.41896087103975843,1.0,0.36015242,1.0,0.46141591737727694,1,2.1453683e-05
30,2,4,1,2,1,1,38,0.0,1.0,0.33711094,1.0,0.3411591068721409,1.0,0.4220572,1.0,0.4685115724505512,1,0.000132539
50,3,2,1,2,1,1,40,0.0,1.0,0.18275231,1.0,0.14406918704497107,1.0,0.15006351,1.0,0.11146233067633093,1,1.0057287e-06
22,2,3,3,0,1,1,40,0.0,0.0,0.99313945,0.0,0.9833924674745405,0.0,0.9882902,0.0,0.9894470222177112,0,0.99980015
27,2,7,1,0,1,1,48,0.0,0.0,0.6769869,0.0,0.8166449587772927,0.0,0.6875352,0.0,0.6712322699249935,0,0.50047785
21,2,7,3,3,1,0,25,0.0,0.0,0.9969777,0.0,0.9857313578244267,0.0,0.9956883,0.0,0.9899697592334556,0,0.99985063
45,3,1,3,3,1,1,45,1.0,0.0,0.7856945,0.0,0.7348388503376786,0.0,0.70311713,0.0,0.6781636613603701,0,0.6247866
66,2,3,2,0,0,1,40,0.0,0.0,0.9429193,0.0,0.8401349212519295,0.0,0.889307,0.0,0.921308456201419,0,0.999005
61,3,1,1,5,1,1,50,1.0,1.0,0.19777942,1.0,0.1990086438222194,1.0,0.2671913,1.0,0.23755130268785873,1,6.7619e-07
21,2,0,3,4,1,0,36,0.0,0.0,0.99202895,0.0,0.9823412074322159,0.0,0.99392253,0.0,0.9899697592334556,0,0.9998259
69,0,6,1,0,1,1,25,0.0,0.0,0.8946289,0.0,0.9226817991501421,0.0,0.86154795,0.0,0.889307157388749,0,0.99601483
51,2,7,0,5,1,0,40,1.0,0.0,0.91043764,0.0,0.965427068059244,0.0,0.95068014,0.0,0.9543261532955916,0,0.9999616
18,2,3,3,5,1,0,40,0.0,0.0,0.9940471,0.0,0.9895188432916793,0.0,0.9901076,0.0,0.9899697592334556,0,0.999828
20,2,7,3,4,0,1,30,0.0,0.0,0.9977926,0.0,0.9905614437997973,0.0,0.9925802,0.0,0.9899153546152761,0,0.9998266
38,2,1,1,5,1,1,45,1.0,1.0,0.2235316,1.0,0.24263392590310762,1.0,0.16828436,1.0,0.17318262359368075,1,4.771506e-07
28,2,3,3,4,1,1,20,0.0,0.0,0.99651,0.0,0.9867114654486104,0.0,0.9923435,0.0,0.989972401351476,0,0.99982494
51,2,3,1,0,1,1,40,1.0,0.0,0.70439434,0.0,0.6563174083121924,0.0,0.64312047,0.0,0.6802250298160285,1,0.3973566
34,2,3,1,3,1,1,50,0.0,0.0,0.56400394,0.0,0.5474803652419375,0.0,0.585973,0.0,0.6256856875894514,1,0.1765349
51,2,2,1,5,1,1,84,1.0,1.0,0.05516225,1.0,0.14266416942324645,1.0,0.20318913,1.0,0.14440600934366865,1,7.102554e-07
41,3,6,1,3,1,0,70,0.0,0.0,0.8536154,0.0,0.884533849787549,0.0,0.75906277,0.0,0.761821021450634,0,0.65179944
35,2,6,1,3,1,1,65,0.0,0.0,0.76213264,0.0,0.7697108760579807,0.0,0.7505629,0.0,0.7723129182333668,0,0.7834347
33,2,6,0,0,0,0,40,0.0,0.0,0.994095,0.0,0.9782995860040672,0.0,0.98620296,0.0,0.9810567097828234,0,0.9998209
25,2,7,3,5,1,1,30,0.0,0.0,0.9868955,0.0,0.9881241026516053,0.0,0.9799622,0.0,0.9832932887117538,0,0.9999411
28,2,1,3,5,1,0,30,0.0,0.0,0.95921993,0.0,0.9760255319227996,0.0,0.96786994,0.0,0.9699410371488052,0,0.9999207
28,2,6,0,4,1,0,40,0.0,0.0,0.9956546,0.0,0.9800391770259873,0.0,0.9961852,0.0,0.9894470222177112,0,0.999819
37,2,6,1,3,0,0,33,0.0,0.0,0.97099453,0.0,0.9683894726903042,0.0,0.9543914,0.0,0.9261722624382633,0,0.9958722
50,2,3,1,5,1,1,50,1.0,1.0,0.35980165,1.0,0.3215874190874689,1.0,0.49309105,0.0,0.5277608128365854,1,0.0012793427
25,2,6,1,4,1,0,40,0.0,0.0,0.9632524,0.0,0.9659140201070183,0.0,0.95672965,0.0,0.9379496192885362,0,0.9965438
44,0,7,0,5,1,1,50,0.0,0.0,0.77856123,0.0,0.8013529562176402,0.0,0.92703795,0.0,0.9301304538633962,0,0.9955532
32,2,1,3,5,1,0,48,0.0,0.0,0.85836,0.0,0.8859338255284706,0.0,0.798453,0.0,0.7552152869150384,0,0.9727404
34,2,5,3,4,0,1,40,1.0,0.0,0.8887029,0.0,0.9535762352337722,0.0,0.94630057,0.0,0.9396955737808264,0,0.996932
41,2,1,1,2,0,0,35,1.0,1.0,0.3814649,1.0,0.4514448685631084,1.0,0.35286713,1.0,0.42702247975687735,1,1.1674423e-06
38,2,3,0,0,1,1,40,0.0,0.0,0.95903826,0.0,0.9466549997623791,0.0,0.97823316,0.0,0.979617072538832,0,0.9997805
35,2,3,0,4,1,0,30,0.0,0.0,0.98413974,0.0,0.9818705517155234,0.0,0.99226636,0.0,0.9855351098496185,0,0.9998185
30,3,3,1,0,1,1,60,0.0,0.0,0.7411344,0.0,0.7660393530509091,0.0,0.69809663,0.0,0.6781807530069575,1,0.46133146
27,2,0,3,4,0,0,35,0.0,0.0,0.9909296,0.0,0.9853487404520224,0.0,0.99335384,0.0,0.9899153546152761,0,0.99982566
22,1,7,3,1,0,1,40,0.0,0.0,0.99488664,0.0,0.9840909171150802,0.0,0.99356294,0.0,0.9797728347232381,0,0.99998
42,0,2,1,5,1,1,43,1.0,1.0,0.13353097,1.0,0.2127198485470807,1.0,0.20760703,1.0,0.07072143591126179,1,1.6269485e-05
49,0,3,0,5,1,0,10,0.0,0.0,0.9758804,0.0,0.9215431963693465,0.0,0.98842895,0.0,0.9763562038188938,0,0.99998677
36,2,6,1,0,1,1,40,0.0,0.0,0.90928054,0.0,0.91453698579652,0.0,0.92206407,0.0,0.910074763532419,0,0.9951056
23,2,7,2,0,1,1,40,0.0,0.0,0.97723657,0.0,0.965373788383907,0.0,0.9881329,0.0,0.9894470222177112,0,0.999818
34,2,7,1,0,1,1,40,0.0,0.0,0.7106384,0.0,0.7336674494282687,0.0,0.69349873,0.0,0.7301202781336622,0,0.73095447
35,2,4,1,5,0,1,65,1.0,1.0,0.12643224,1.0,0.14142675546302175,1.0,0.17948943,1.0,0.2090141473626843,1,4.874342e-07
44,0,0,1,2,1,1,48,0.0,1.0,0.35511488,1.0,0.351003393162587,1.0,0.41661346,1.0,0.3701869669361947,1,2.3948255e-06
34,3,3,1,0,1,1,50,0.0,0.0,0.75181925,0.0,0.808377430154116,0.0,0.70087767,0.0,0.6792780906449511,1,0.4698412
32,2,3,2,5,1,0,40,0.0,0.0,0.9523746,0.0,0.9721701298015389,0.0,0.9516953,0.0,0.965515443906025,0,0.99958426
51,2,3,0,3,1,1,45,0.0,0.0,0.8481918,0.0,0.8195315290273393,0.0,0.89775723,0.0,0.9045453496494678,0,0.99895203
34,2,0,2,4,1,0,40,0.0,0.0,0.9431907,0.0,0.9533111661844822,0.0,0.9512113,0.0,0.9753793356871238,0,0.99942374
38,0,3,0,4,1,0,20,0.0,0.0,0.9805146,0.0,0.9680982725585169,0.0,0.9923212,0.0,0.9834647734780037,0,0.99981123
25,2,3,3,0,1,1,28,0.0,0.0,0.9962163,0.0,0.9866882329304877,0.0,0.9921179,0.0,0.9899697592334556,0,0.99982065
23,1,7,3,1,1,1,40,0.0,0.0,0.99307054,0.0,0.9884631029551495,0.0,0.99246526,0.0,0.9797728347232381,0,0.99997807
33,0,1,3,5,1,0,40,0.0,0.0,0.9226404,0.0,0.9536359950853315,0.0,0.91112477,0.0,0.9095018665838355,0,0.9951839
32,2,6,0,4,1,0,40,0.0,0.0,0.99474424,0.0,0.9790402329331082,0.0,0.9961834,0.0,0.9894470222177112,0,0.99981815
26,2,1,3,2,1,1,38,0.0,0.0,0.9283364,0.0,0.9178450455572579,0.0,0.9567708,0.0,0.9662534996583191,0,0.9998839
45,3,1,1,0,1,1,60,1.0,1.0,0.34086204,1.0,0.44376934604845053,1.0,0.34277582,1.0,0.37647526850994617,1,8.521373e-07
33,0,6,1,4,1,1,40,0.0,0.0,0.88052124,0.0,0.8361866857839753,0.0,0.9437834,0.0,0.9036792411067164,0,0.99675155
40,2,1,2,3,1,1,40,0.0,0.0,0.79971534,0.0,0.7486056988087766,0.0,0.8563621,0.0,0.6990912632701642,0,0.9060226
39,2,7,0,4,1,0,20,0.0,0.0,0.98361015,0.0,0.9736848195535173,0.0,0.99060893,0.0,0.9899153546152761,0,0.9998179
50,2,3,0,0,0,0,40,0.0,0.0,0.95543414,0.0,0.9632325682615466,0.0,0.9749944,0.0,0.9628967349272821,0,0.9997743
53,0,1,0,2,1,0,57,0.0,0.0,0.7502418,0.0,0.7849022502521492,0.0,0.8196558,0.0,0.5537732922266201,1,0.0004807977
45,2,3,1,0,1,1,45,1.0,0.0,0.6556634,0.0,0.5671423253612002,0.0,0.63514364,0.0,0.6350077258889693,1,0.27261442
58,2,1,0,0,1,0,20,0.0,0.0,0.91009164,0.0,0.9350098418667261,0.0,0.94215447,0.0,0.9565118638561063,0,0.99985194
58,2,3,1,3,1,1,40,0.0,1.0,0.47238165,0.0,0.6200942397176736,0.0,0.51136875,0.0,0.5494164969838116,1,0.044415835
18,2,6,3,4,0,1,20,0.0,0.0,0.9998196,0.0,0.9914585185281414,0.0,0.996955,0.0,0.9899697592334556,0,0.999838
31,2,3,3,4,1,0,40,0.0,0.0,0.9886187,0.0,0.9890441191460503,0.0,0.9891933,0.0,0.985643797636976,0,0.99981207
42,2,2,3,2,1,1,36,1.0,0.0,0.72876793,0.0,0.7137239498177734,1.0,0.3431793,1.0,0.304468641532596,1,0.017335825
49,2,3,0,5,1,1,40,0.0,0.0,0.88126063,0.0,0.8919924784384541,0.0,0.93666786,0.0,0.9459310131176114,0,0.9995914
32,2,3,3,0,1,1,40,0.0,0.0,0.98393226,0.0,0.9806113063845955,0.0,0.9885155,0.0,0.9894470222177112,0,0.999801
35,2,7,0,4,0,0,40,0.0,0.0,0.97127545,0.0,0.9784366898142751,0.0,0.98866993,0.0,0.9854531904165189,0,0.9998217
41,2,6,1,0,1,1,40,0.0,0.0,0.89450115,0.0,0.8986468241515649,0.0,0.899674,0.0,0.9024606956917652,0,0.9920521
37,3,7,1,5,1,1,60,1.0,1.0,0.39357364,0.0,0.5825141747300584,1.0,0.36622256,1.0,0.37453597093860336,1,1.2906173e-06
68,2,7,4,4,1,0,20,0.0,0.0,0.9626892,0.0,0.9498398663345722,0.0,0.967147,0.0,0.9739199656519253,0,0.9996445
29,3,7,1,0,1,1,55,0.0,0.0,0.67647165,0.0,0.7111919442657827,0.0,0.5808217,0.0,0.6133429734334821,1,0.19441678
19,2,3,3,0,1,1,40,0.0,0.0,0.99606055,0.0,0.9868195280214076,0.0,0.98775905,0.0,0.9894470222177112,0,0.9997985
41,0,1,3,4,0,1,40,0.0,0.0,0.8934025,0.0,0.9302414215596979,0.0,0.93112856,0.0,0.8949265202878309,0,0.99994814
29,2,0,0,3,1,0,40,0.0,0.0,0.9666083,0.0,0.945996153104777,0.0,0.96680325,0.0,0.9434064840887705,0,0.9997588
27,2,1,1,4,1,1,40,0.0,0.0,0.54999876,0.0,0.6477326941611542,0.0,0.5895565,1.0,0.40208998462433676,1,0.04002113
32,2,7,1,5,1,1,40,0.0,0.0,0.5849999,0.0,0.6010801820372504,0.0,0.5280192,0.0,0.5309679499908395,1,0.021517523
18,2,3,3,0,1,0,20,0.0,0.0,0.9987142,0.0,0.9906609617404107,0.0,0.9921945,0.0,0.9894470222177112,0,0.999819
60,2,3,4,0,1,0,40,0.0,0.0,0.9609426,0.0,0.9457702780578775,0.0,0.97421825,0.0,0.9522259450184284,0,0.9996928
39,2,5,1,2,0,1,67,1.0,1.0,0.1253357,1.0,0.1408487285044786,1.0,0.1720202,1.0,0.14250517913643035,1,4.97057e-07
21,2,6,3,4,1,0,35,0.0,0.0,0.99910134,0.0,0.9887227397542346,0.0,0.9970201,0.0,0.9899697592334556,0,0.99983096
51,2,3,1,0,1,1,60,0.0,0.0,0.5109678,0.0,0.5124239388361679,0.0,0.55618215,0.0,0.5494164969838116,1,0.04610041
30,2,3,1,5,1,1,40,0.0,0.0,0.6893463,0.0,0.7108813670263734,0.0,0.6907165,0.0,0.7267323667715737,0,0.5233469
53,2,3,3,0,0,0,40,0.0,0.0,0.9744221,0.0,0.9695695089782747,0.0,0.9806551,0.0,0.9776576885711066,0,0.999783
37,2,3,0,4,0,0,30,0.0,0.0,0.98260415,0.0,0.979424979028266,0.0,0.99243784,0.0,0.9855351098496185,0,0.999818
43,2,7,0,4,1,0,50,0.0,0.0,0.93684834,0.0,0.9659131915957004,0.0,0.962944,0.0,0.971160855632983,0,0.99969995
28,2,6,3,0,1,1,35,0.0,0.0,0.99762607,0.0,0.9839482602110263,0.0,0.9957274,0.0,0.9896973455652845,0,0.9998516
59,0,6,1,0,1,1,40,0.0,0.0,0.86929727,0.0,0.8959004661085861,0.0,0.84038603,0.0,0.8592289879977398,0,0.99195766
29,2,0,0,4,1,0,45,0.0,0.0,0.95628834,0.0,0.9437642361930365,0.0,0.97420275,0.0,0.9557652638651193,0,0.9996836
76,1,6,4,1,1,0,40,0.0,0.0,0.9824207,0.0,0.9573621759716741,0.0,0.9892403,0.0,0.9738167673994745,0,0.99994934
34,2,1,1,2,1,1,60,1.0,1.0,0.24594247,1.0,0.286611637804318,1.0,0.18660152,1.0,0.3228655306416828,1,5.61794e-07
30,2,6,1,0,1,1,40,0.0,0.0,0.929851,0.0,0.9490137337493197,0.0,0.9560142,0.0,0.9453412262246254,0,0.9968213
47,2,3,0,2,0,0,40,0.0,0.0,0.9105195,0.0,0.9353863139787626,0.0,0.9866448,0.0,0.9775611068176463,0,0.9998592
48,2,1,1,0,1,1,55,0.0,1.0,0.30629206,1.0,0.2920056921711458,1.0,0.2910046,1.0,0.29562327089533524,1,5.568026e-07
50,3,1,1,0,1,1,50,0.0,1.0,0.33871913,1.0,0.471564455009004,1.0,0.3234948,1.0,0.37647526850994617,1,9.451307e-07
75,3,3,0,3,1,1,15,0.0,0.0,0.92757094,0.0,0.8779107992889109,0.0,0.9318474,0.0,0.9260864182397619,0,0.99942005
21,2,3,3,3,1,0,40,0.0,0.0,0.9950267,0.0,0.9871585671161383,0.0,0.98938143,0.0,0.9899697592334556,0,0.9998037
61,3,6,1,0,1,1,30,0.0,0.0,0.91573143,0.0,0.8712570867342628,0.0,0.84046406,0.0,0.8822383771394409,0,0.9893556
35,2,3,1,4,1,0,40,1.0,0.0,0.81972337,0.0,0.8180222881979041,0.0,0.762645,0.0,0.7931498056313406,0,0.7994986
33,2,3,1,0,1,1,40,0.0,0.0,0.8164758,0.0,0.8260061073058818,0.0,0.8508402,0.0,0.8514576748514968,0,0.9541912
27,2,0,1,0,1,1,45,1.0,0.0,0.6923879,0.0,0.7566225615126944,0.0,0.6781645,0.0,0.6440673257910199,1,0.37273195
36,3,3,1,0,1,1,60,1.0,0.0,0.69440955,0.0,0.7614114736990609,0.0,0.6817855,0.0,0.6786464485789183,1,0.37461677
19,2,6,0,3,1,0,20,0.0,0.0,0.99911433,0.0,0.9829971802181113,0.0,0.9959476,0.0,0.9894470222177112,0,0.99984694
18,2,6,3,3,1,0,20,0.0,0.0,0.9997383,0.0,0.9872844479912313,0.0,0.996698,0.0,0.9899697592334556,0,0.9998517
50,2,1,3,3,1,0,32,0.0,0.0,0.93895704,0.0,0.9352998051803944,0.0,0.7606005,0.0,0.9102429641634795,0,0.9992155
43,2,1,1,3,1,1,55,0.0,1.0,0.20930833,1.0,0.22753906059705375,1.0,0.22219825,1.0,0.26284676231698545,1,4.8922345e-07
54,2,1,1,5,1,1,40,1.0,1.0,0.19224948,1.0,0.19651863166991457,1.0,0.23159212,1.0,0.2032494572738851,1,5.414764e-07
34,0,7,0,5,1,0,35,0.0,0.0,0.95697355,0.0,0.9700211420586623,0.0,0.9790367,0.0,0.9699479173901114,0,0.99997807
54,2,7,0,4,1,0,47,0.0,0.0,0.9257281,0.0,0.9577919517016693,0.0,0.94054705,0.0,0.9485787711425474,0,0.99951255
49,2,3,3,5,1,0,44,0.0,0.0,0.9484028,0.0,0.9605612220756558,0.0,0.9421399,0.0,0.9355644792704981,0,0.9994099
47,2,2,1,2,1,1,40,1.0,1.0,0.14724928,1.0,0.1762878721737955,1.0,0.169527,1.0,0.15384017125010752,1,4.281427e-07
25,2,7,3,5,1,1,40,0.0,0.0,0.97112256,0.0,0.978855460419771,0.0,0.98809785,0.0,0.979396889613158,0,0.9999348
50,0,3,1,5,1,1,42,1.0,1.0,0.45704818,1.0,0.41489369133664367,0.0,0.5525764,1.0,0.49775026998235283,1,0.0013478248
28,2,1,1,5,1,0,50,1.0,1.0,0.32892513,1.0,0.29699922239596677,1.0,0.17131603,1.0,0.24740117469102585,1,4.769804e-07
31,2,3,1,0,1,1,40,0.0,0.0,0.8297204,0.0,0.8260061073058818,0.0,0.8615097,0.0,0.8514576748514968,0,0.9572957
54,2,7,0,0,1,1,40,0.0,0.0,0.89503175,0.0,0.901739051730458,0.0,0.9139026,0.0,0.9702451400118002,0,0.9998702
39,2,7,1,5,1,1,40,1.0,1.0,0.47854745,0.0,0.5152579868040661,1.0,0.35220593,1.0,0.48502948657039324,1,0.0005539817
57,3,1,1,5,1,1,20,0.0,1.0,0.3886791,1.0,0.2964889618023515,1.0,0.24258894,1.0,0.28863606251836593,1,9.331198e-07
26,2,7,3,0,1,1,40,0.0,0.0,0.983588,0.0,0.9742836418864629,0.0,0.9928271,0.0,0.9896973455652845,0,0.99983954
30,2,3,3,5,1,1,60,0.0,0.0,0.92364335,0.0,0.9512248715741561,0.0,0.9187177,0.0,0.9515223347310656,0,0.9992398
57,2,3,1,3,1,1,40,0.0,1.0,0.47921067,0.0,0.6200942397176736,1.0,0.47694904,0.0,0.5494164969838116,1,0.0489531
39,2,5,1,0,1,1,40,1.0,1.0,0.28555948,1.0,0.378118734566914,0.0,0.5265845,1.0,0.4612109306612001,1,0.00010717833
33,2,3,0,4,1,0,40,0.0,0.0,0.973109,0.0,0.9802564197558038,0.0,0.98757255,0.0,0.9821220594613431,0,0.9998006
22,2,3,1,0,1,1,40,0.0,0.0,0.8956793,0.0,0.9525233940135343,0.0,0.9088305,0.0,0.8899013461777947,0,0.99132746
61,2,6,4,0,1,0,40,0.0,0.0,0.9826434,0.0,0.9628380984531963,0.0,0.98963046,0.0,0.978073885572989,0,0.9998115
35,2,1,3,5,1,1,40,0.0,0.0,0.8308603,0.0,0.8983886980373823,0.0,0.90574586,0.0,0.8960995663237955,0,0.99963605
46,3,7,1,3,1,1,60,1.0,1.0,0.36730736,1.0,0.44811483356720483,1.0,0.45138025,1.0,0.3960090244806065,1,1.3670262e-06
20,2,3,1,3,0,1,32,0.0,0.0,0.94896513,0.0,0.9455084409123106,0.0,0.9620985,0.0,0.9351289192955481,0,0.9958224
23,2,3,3,3,1,1,40,0.0,0.0,0.9902507,0.0,0.983026622074824,0.0,0.98930436,0.0,0.9899697592334556,0,0.9998036
46,0,7,1,4,1,1,70,1.0,1.0,0.39200062,1.0,0.42743421859035624,1.0,0.35710555,1.0,0.41395548157748707,1,1.0983267e-06
54,3,1,1,3,1,1,70,1.0,1.0,0.20998055,1.0,0.29916524818502566,1.0,0.1915605,1.0,0.22942268835874047,1,5.110376e-07
29,2,3,3,4,1,1,30,0.0,0.0,0.9945664,0.0,0.9864806786150353,0.0,0.99211466,0.0,0.989972401351476,0,0.99982363
36,0,7,1,4,1,1,42,1.0,0.0,0.5471872,0.0,0.5455844709521289,0.0,0.5539581,0.0,0.5543559924471098,1,0.020666651
17,2,6,3,4,1,1,40,0.0,0.0,0.99997944,0.0,0.9912143597123603,0.0,0.9946676,0.0,0.9894470222177112,0,0.99982363
46,2,3,4,5,1,0,43,0.0,0.0,0.9061932,0.0,0.9374012030197801,0.0,0.91847664,0.0,0.9355644792704981,0,0.99947685
46,2,1,0,2,1,1,45,1.0,0.0,0.64870507,1.0,0.42115471060542886,1.0,0.45420635,0.0,0.5069425667347522,1,0.07679959
34,2,3,3,0,1,1,40,0.0,0.0,0.98231584,0.0,0.9806113063845955,0.0,0.98839164,0.0,0.9894470222177112,0,0.9998006
29,2,1,3,2,1,1,50,0.0,0.0,0.79973024,0.0,0.781307692907055,0.0,0.8766188,0.0,0.7817929835581141,0,0.9869947
59,1,1,1,1,1,1,40,0.0,0.0,0.5774251,1.0,0.46094086732311046,1.0,0.37354922,1.0,0.4378202209301243,1,0.0008568962
30,2,7,0,0,1,1,30,0.0,0.0,0.97793555,0.0,0.9622594037520047,0.0,0.99525315,0.0,0.9899697592334556,0,0.999848
57,0,3,2,5,0,0,35,0.0,0.0,0.93333375,0.0,0.9406107898827896,0.0,0.979268,0.0,0.9476347415651831,0,0.99982196
28,0,3,1,4,1,1,40,0.0,0.0,0.74763036,0.0,0.6825606828081645,0.0,0.83027506,0.0,0.8096661714076477,0,0.86167705
35,3,4,1,2,0,1,40,1.0,1.0,0.3658905,1.0,0.31309289903042137,1.0,0.39283353,1.0,0.372735714021715,1,1.1309995e-06
37,2,3,0,0,1,1,40,0.0,0.0,0.9605662,0.0,0.9466549997623791,0.0,0.9785448,0.0,0.979617072538832,0,0.99978083
38,1,3,1,1,1,0,35,0.0,0.0,0.85758626,0.0,0.8494070013657707,0.0,0.8170945,0.0,0.8536535034015583,0,0.99391633
57,2,3,1,0,0,1,40,1.0,0.0,0.7483742,0.0,0.7332395766978788,0.0,0.60940254,0.0,0.6307793578535944,1,0.24410737
20,2,3,3,5,1,0,40,0.0,0.0,0.9912332,0.0,0.9895188432916793,0.0,0.9899927,0.0,0.9899697592334556,0,0.9998299
23,2,3,3,0,1,1,40,0.0,0.0,0.9921758,0.0,0.9833924674745405,0.0,0.988359,0.0,0.9894470222177112,0,0.99980026
23,2,7,3,2,1,1,45,0.0,0.0,0.9579157,0.0,0.9481689808296089,0.0,0.95946383,0.0,0.9686996078210182,0,0.99991214
59,3,7,1,3,1,0,80,1.0,1.0,0.43768007,0.0,0.5838934033999236,1.0,0.219235,1.0,0.24791427463205729,1,5.4370565e-07
28,2,3,3,4,0,0,40,0.0,0.0,0.99063885,0.0,0.9895111519289701,0.0,0.9886785,0.0,0.985643797636976,0,0.999814
38,2,1,1,0,1,1,45,0.0,1.0,0.3804689,1.0,0.4631226279204842,1.0,0.45583797,1.0,0.4612109306612001,1,0.000103627484
63,2,3,0,4,1,0,40,0.0,0.0,0.93784195,0.0,0.9504397885152831,0.0,0.96635103,0.0,0.9762592416664831,0,0.9996244
25,2,1,3,5,0,1,50,0.0,0.0,0.86193174,0.0,0.8999767352980097,0.0,0.8665489,0.0,0.891401130747935,0,0.99834776
41,2,6,1,0,0,1,40,0.0,0.0,0.916397,0.0,0.86065181221261,0.0,0.899674,0.0,0.9024606956917652,0,0.9920521
52,2,1,1,2,1,1,40,1.0,1.0,0.25074834,1.0,0.22219635801446658,1.0,0.28682685,1.0,0.18947363610181855,1,5.509642e-07
40,2,3,0,0,1,1,45,0.0,0.0,0.93432057,0.0,0.9368762028275462,0.0,0.93928045,0.0,0.9487925727338911,0,0.9997042
31,2,3,2,0,0,1,40,0.0,0.0,0.9803481,0.0,0.9658932886844133,0.0,0.97926277,0.0,0.9868458066073523,0,0.99977356
28,2,7,1,0,1,1,40,1.0,0.0,0.76925075,0.0,0.8295846464881302,0.0,0.7719116,0.0,0.8077127130347064,0,0.8725142
39,0,7,1,5,1,1,40,0.0,1.0,0.4739105,1.0,0.4875487649724157,1.0,0.4905941,0.0,0.6002583092861369,1,0.004555676
48,3,7,1,0,0,1,40,1.0,0.0,0.7081849,0.0,0.6315531271329395,0.0,0.63420355,0.0,0.6133429734334821,1,0.086559385
29,2,7,1,5,1,0,40,1.0,0.0,0.69276834,0.0,0.6870279761500377,0.0,0.59785616,0.0,0.566742125015939,1,0.10603653
30,2,7,1,3,1,0,40,0.0,0.0,0.8040134,0.0,0.8641957326477483,0.0,0.64635295,0.0,0.6165421067329772,1,0.30158183
34,2,3,0,5,1,0,40,0.0,0.0,0.95617396,0.0,0.9778649470808207,0.0,0.9469044,0.0,0.9680639161909133,0,0.99974066
55,3,4,1,5,1,1,60,0.0,1.0,0.14389038,1.0,0.18386269609604355,1.0,0.19444835,1.0,0.22949425678395585,1,6.391864e-07
34,2,1,3,4,1,0,35,0.0,0.0,0.9636952,0.0,0.9782420402398839,0.0,0.9578502,0.0,0.9822291735413189,0,0.99969566
21,1,7,3,1,1,1,40,0.0,0.0,0.99467206,0.0,0.9884631029551495,0.0,0.9937505,0.0,0.9793966789580807,0,0.99998045
23,2,3,3,0,0,1,40,0.0,0.0,0.99261,0.0,0.9809641516465788,0.0,0.988359,0.0,0.9894470222177112,0,0.99980026
22,2,7,3,5,0,0,35,0.0,0.0,0.9917479,0.0,0.9903745922455697,0.0,0.9846244,0.0,0.9832932887117538,0,0.99993336
57,2,6,1,0,1,1,40,0.0,0.0,0.85619366,0.0,0.8964591871098017,0.0,0.859725,0.0,0.8624689573016632,0,0.960658
29,2,1,1,5,1,1,40,0.0,1.0,0.39018548,1.0,0.4087193282414382,1.0,0.2737308,1.0,0.29065034088184694,1,2.0342138e-06
36,2,3,1,0,1,1,50,1.0,0.0,0.6828108,0.0,0.6670014219840698,0.0,0.65765715,0.0,0.6905995531522752,1,0.43816707
23,2,1,3,5,1,1,40,0.0,0.0,0.92573655,0.0,0.9528825431425586,0.0,0.945621,0.0,0.9669431947965386,0,0.9998312
24,3,6,1,0,1,1,40,0.0,0.0,0.9540698,0.0,0.9109480974418763,0.0,0.91216815,0.0,0.9094246020696634,0,0.9969693
34,3,5,1,2,1,1,55,1.0,1.0,0.14858204,1.0,0.14500615531260563,1.0,0.19389433,1.0,0.1524789880057834,1,6.253092e-07
51,2,3,1,5,1,0,40,1.0,0.0,0.6320274,0.0,0.6331611681998807,0.0,0.57795376,0.0,0.5276365388459907,1,0.016623443
39,2,7,0,3,1,0,40,0.0,0.0,0.9624797,0.0,0.9582628545641383,0.0,0.95897996,0.0,0.9788270646952698,0,0.9997905
27,2,3,1,0,1,1,55,0.0,0.0,0.73798835,0.0,0.804180725159956,0.0,0.75752026,0.0,0.7492192642783739,0,0.7461196
28,0,4,1,5,1,0,40,0.0,1.0,0.39009196,1.0,0.47170047651760183,1.0,0.49595606,0.0,0.51335349905663,1,1.6158323e-05
23,2,6,1,5,1,1,55,0.0,0.0,0.8400663,0.0,0.7826385206424658,0.0,0.86364704,0.0,0.8706695834486413,0,0.9601091
75,2,6,4,4,1,0,70,0.0,0.0,0.9652355,0.0,0.9411611007286073,0.0,0.8986031,0.0,0.9300985434969199,0,0.99922323
26,2,3,3,5,0,1,80,1.0,0.0,0.9323321,0.0,0.9547320731115893,0.0,0.9338801,0.0,0.932731501716271,0,0.9980704
54,2,1,1,3,1,1,40,1.0,1.0,0.2349596,1.0,0.2585636848885168,1.0,0.3014183,1.0,0.3194003192767716,1,5.2879557e-07
45,0,3,0,5,1,0,35,0.0,0.0,0.9586397,0.0,0.9544105498279775,0.0,0.97705096,0.0,0.9695382540749706,0,0.9999703
53,2,3,1,0,1,1,45,0.0,0.0,0.60481465,0.0,0.512816124235823,0.0,0.588799,0.0,0.6256856875894514,1,0.15559654
24,2,0,3,5,1,1,30,1.0,0.0,0.97913074,0.0,0.9854117109047876,0.0,0.9872528,0.0,0.9829866330543058,0,0.99985445
22,2,3,3,0,0,1,40,0.0,0.0,0.99344593,0.0,0.9809641516465788,0.0,0.9882902,0.0,0.9894470222177112,0,0.99980015
44,2,7,1,3,1,1,50,0.0,1.0,0.39027476,1.0,0.330833968955182,1.0,0.41309166,1.0,0.4029142110779347,1,3.39324e-05
51,2,3,0,5,1,0,24,1.0,0.0,0.9623139,0.0,0.9688892794510652,0.0,0.9810247,0.0,0.982991141078135,0,0.9998005
36,2,3,3,4,1,0,40,0.0,0.0,0.9855661,0.0,0.9879404779772571,0.0,0.9893221,0.0,0.985643797636976,0,0.9998079
28,2,0,3,0,1,1,60,0.0,0.0,0.9294861,0.0,0.8963120224950989,0.0,0.9215113,0.0,0.9282520189035003,0,0.9996748
39,2,3,3,5,1,1,40,0.0,0.0,0.9511329,0.0,0.9713655075291092,0.0,0.9701165,0.0,0.9774067903251302,0,0.99977165
30,0,4,1,2,1,1,45,0.0,1.0,0.2585029,1.0,0.3381128259217012,1.0,0.24094576,1.0,0.25587619830818287,1,7.2392146e-07
20,2,7,3,5,1,0,15,0.0,0.0,0.99652153,0.0,0.9881859369406609,0.0,0.9877499,0.0,0.9852089956246377,0,0.9999093
46,2,0,0,4,0,0,40,0.0,0.0,0.9576856,0.0,0.9603521581077737,0.0,0.97713745,0.0,0.9751884553230167,0,0.99973065
44,2,1,1,2,1,1,40,1.0,1.0,0.27494723,1.0,0.22944177725783532,1.0,0.20893234,1.0,0.2169214577962687,1,5.2812527e-07
66,1,7,1,1,1,1,50,0.0,0.0,0.5978478,1.0,0.36102269218859984,1.0,0.24055421,0.0,0.5553035087730491,1,0.006114561
63,1,3,1,1,1,1,14,0.0,0.0,0.7935424,0.0,0.8791914886341969,0.0,0.9152843,0.0,0.8574969529120029,0,0.9713628
30,2,3,2,0,1,1,44,0.0,0.0,0.9701356,0.0,0.9538094296640062,0.0,0.9735474,0.0,0.9640822827299987,0,0.99968016
50,2,1,1,5,1,1,50,1.0,1.0,0.14649534,1.0,0.12581720298624988,1.0,0.22637814,1.0,0.1678503809471763,1,5.4968467e-07
59,3,6,1,5,1,0,36,0.0,0.0,0.84812087,0.0,0.8420673080439147,0.0,0.79854184,0.0,0.8404756023317002,0,0.96538293
43,2,7,0,0,1,1,40,0.0,0.0,0.92118967,0.0,0.9268903074462375,0.0,0.9531294,0.0,0.979291268642183,0,0.99981016
51,2,3,1,5,1,0,40,0.0,0.0,0.6320274,0.0,0.6331611681998807,0.0,0.57795376,0.0,0.5276365388459907,1,0.016623443
44,2,6,3,0,1,0,40,0.0,0.0,0.9919343,0.0,0.9663637582347786,0.0,0.99038064,0.0,0.9871365148297145,0,0.9998233
38,3,4,1,0,1,1,70,0.0,1.0,0.37576896,1.0,0.4837701698208442,1.0,0.28630036,1.0,0.3859710334785955,1,4.149007e-06
41,3,5,1,2,1,1,50,1.0,1.0,0.13853657,1.0,0.12141322939635735,1.0,0.1831953,1.0,0.14673229729253745,1,6.358243e-07
38,2,7,2,4,1,0,40,0.0,0.0,0.96273273,0.0,0.9792776128369931,0.0,0.92717236,0.0,0.9729917577183269,0,0.9996748
37,2,3,1,0,1,1,40,0.0,0.0,0.7887966,0.0,0.8164591072876566,0.0,0.8224476,0.0,0.8194254020385872,0,0.92583656
41,0,0,3,5,1,1,40,0.0,0.0,0.8814707,0.0,0.8336545823822387,0.0,0.9771961,0.0,0.9663599827291808,0,0.9999232
41,2,7,1,5,1,0,40,1.0,0.0,0.56981266,1.0,0.47922132116555005,1.0,0.4896062,0.0,0.5046393548403907,1,0.00013942226
49,2,3,0,0,1,1,50,0.0,0.0,0.90439475,0.0,0.9082119357864236,0.0,0.9273276,0.0,0.930597877403704,0,0.99945265
29,2,0,3,5,0,0,40,0.0,0.0,0.9675522,0.0,0.9716149664554432,0.0,0.9643944,0.0,0.9679168581803899,0,0.99984396
29,2,3,1,0,1,1,40,0.0,0.0,0.8429209,0.0,0.8530644548181698,0.0,0.8668237,0.0,0.8700664057474417,0,0.9651129
51,2,4,3,2,1,1,40,1.0,0.0,0.6567794,0.0,0.5982293553674677,0.0,0.5409212,0.0,0.6807705598522251,1,0.012784451
63,2,6,1,0,1,1,16,0.0,0.0,0.92214185,0.0,0.9204536288242071,0.0,0.9235236,0.0,0.9052268850777682,0,0.99298084
22,2,7,3,0,1,0,35,0.0,0.0,0.9933773,0.0,0.9897288180908917,0.0,0.99635935,0.0,0.9899697592334556,0,0.9998534
49,3,7,1,0,1,1,50,1.0,0.0,0.55164534,0.0,0.6124891592897674,0.0,0.58715713,0.0,0.5120435472981499,1,0.00055861246
35,3,3,1,5,1,1,60,0.0,1.0,0.49740392,0.0,0.5690410503616488,0.0,0.6581075,0.0,0.5385223918845151,1,0.004757584
22,0,7,3,5,1,0,55,0.0,0.0,0.9605132,0.0,0.9770456102588998,0.0,0.98021466,0.0,0.9780858402417428,0,0.99997187
19,2,3,3,5,1,1,40,0.0,0.0,0.99194217,0.0,0.9887220505398597,0.0,0.9900778,0.0,0.9899697592334556,0,0.9998292
48,3,1,1,5,1,1,40,1.0,1.0,0.29329878,1.0,0.25871308541720717,1.0,0.2405293,1.0,0.2433376085147232,1,6.904143e-07
44,2,1,1,3,1,1,50,1.0,1.0,0.2176851,1.0,0.22753906059705375,1.0,0.24208516,1.0,0.26172335081545517,1,4.946939e-07
19,2,3,3,3,1,0,25,0.0,0.0,0.9985593,0.0,0.988659624044358,0.0,0.99188006,0.0,0.9899697592334556,0,0.9998223
21,2,3,1,0,1,0,40,0.0,0.0,0.8962082,0.0,0.9292275943014834,0.0,0.90709555,0.0,0.8993790597246465,0,0.9921228
46,0,1,3,2,1,1,45,1.0,0.0,0.7681887,0.0,0.800165610761675,0.0,0.6604519,0.0,0.8637438900569273,1,0.43051562
62,3,7,1,0,1,1,80,0.0,1.0,0.42296493,0.0,0.6950371647889634,1.0,0.33982825,1.0,0.44390818731273884,1,7.637637e-07
19,2,3,3,0,1,1,40,0.0,0.0,0.99606055,0.0,0.9868195280214076,0.0,0.98775905,0.0,0.9894470222177112,0,0.9997985
59,2,3,0,4,1,0,40,0.0,0.0,0.9425416,0.0,0.9561599125386755,0.0,0.9714378,0.0,0.9768736584301398,0,0.9997012
52,2,4,0,2,1,0,40,1.0,0.0,0.6160737,0.0,0.7241107796521409,0.0,0.6016099,0.0,0.6467282507962482,1,0.06390928
38,2,7,1,5,1,0,38,1.0,0.0,0.684921,0.0,0.5618266208041414,0.0,0.50442004,0.0,0.5309679499908395,1,0.053205285
26,2,7,1,0,0,1,40,0.0,0.0,0.82652104,0.0,0.853634735593625,0.0,0.80559343,0.0,0.8175495352625008,0,0.9008188
40,2,6,1,0,1,1,40,0.0,0.0,0.8970931,0.0,0.9031130481711994,0.0,0.9012379,0.0,0.9024606956917652,0,0.9929395
43,2,4,4,5,1,1,40,1.0,0.0,0.61352986,1.0,0.3650219504173211,0.0,0.6266023,0.0,0.6353281455230988,1,0.1113763
28,2,1,3,4,0,1,30,0.0,0.0,0.98275536,0.0,0.979455998415151,0.0,0.9729532,0.0,0.9899153546152761,0,0.9997781
48,2,1,1,5,1,1,45,0.0,1.0,0.16711223,1.0,0.12732101387179673,1.0,0.22560859,1.0,0.16759315798725005,1,5.475719e-07
47,2,3,1,0,0,1,60,0.0,0.0,0.6474711,0.0,0.5640275427495076,1.0,0.49111056,0.0,0.566742125015939,1,0.07645315
37,2,3,1,5,1,1,45,1.0,1.0,0.49832034,1.0,0.4740439815442399,0.0,0.5774899,0.0,0.5494164969838116,1,0.03827508
39,2,4,0,5,0,0,60,1.0,0.0,0.6466075,1.0,0.25910657285293426,1.0,0.248411,1.0,0.4232545671775173,1,0.0025746834
49,3,7,0,5,1,1,50,0.0,0.0,0.76558506,0.0,0.7723335745720518,0.0,0.9296251,0.0,0.8870377807216473,0,0.99703443
56,1,0,1,1,1,1,20,0.0,0.0,0.68358755,0.0,0.6292012049569984,0.0,0.6588043,0.0,0.7286020328644585,1,0.40524316
43,0,3,0,4,1,0,40,0.0,0.0,0.95466447,0.0,0.9491583584590623,0.0,0.92353964,0.0,0.9560737575988486,0,0.99968064
43,3,7,1,3,1,1,55,1.0,1.0,0.4079635,1.0,0.481566291028799,1.0,0.3294794,1.0,0.4103576586765214,1,6.3356624e-06
31,2,7,0,3,1,0,35,0.0,0.0,0.98217374,0.0,0.9753618687154866,0.0,0.99262154,0.0,0.9899697592334556,0,0.99982977
37,2,0,1,2,1,0,13,1.0,0.0,0.68197376,0.0,0.5021899274906018,0.0,0.8276433,0.0,0.6510277303067985,1,0.34172928
45,2,6,1,5,0,1,40,1.0,0.0,0.79140675,0.0,0.6399762939870377,0.0,0.8506396,0.0,0.8706695834486413,0,0.9544379
47,2,1,1,0,1,1,50,1.0,1.0,0.3226235,1.0,0.34038286523917005,1.0,0.45318025,1.0,0.45609515284573576,1,1.5290178e-06
65,0,3,1,4,1,1,8,0.0,0.0,0.77360034,0.0,0.6943802551860874,0.0,0.7323956,0.0,0.7336938639961375,0,0.6459078
53,2,7,1,4,1,1,40,0.0,0.0,0.5463865,0.0,0.5234233360234026,1.0,0.40097803,1.0,0.460886142693843,1,0.020795448
63,3,0,1,4,1,1,45,0.0,1.0,0.38070822,0.0,0.5767337945827474,1.0,0.26921922,1.0,0.38207200480378556,1,7.750806e-06
61,0,1,1,5,1,0,40,0.0,1.0,0.38299984,0.0,0.5656469920929392,1.0,0.22176385,1.0,0.3793067712733893,1,1.2347014e-05
36,2,3,1,5,1,1,40,0.0,0.0,0.6140921,0.0,0.6691693239974761,0.0,0.64721066,0.0,0.6307793578535944,1,0.19925638
39,2,7,0,4,1,0,55,0.0,0.0,0.9355457,0.0,0.9644986963047888,0.0,0.94788086,0.0,0.9433488822147181,0,0.999569
21,2,3,3,0,1,1,38,0.0,0.0,0.9966255,0.0,0.9869413329378093,0.0,0.9914375,0.0,0.9894470222177112,0,0.99981314
38,2,7,3,2,1,1,45,0.0,0.0,0.8826539,0.0,0.8637797680930119,0.0,0.89130795,0.0,0.8253337339200956,0,0.9999808
61,3,1,2,3,1,0,30,0.0,0.0,0.90752244,0.0,0.9101222345812444,0.0,0.60389876,0.0,0.6283354988806586,0,0.5822601
26,3,0,3,4,1,0,35,0.0,0.0,0.98479974,0.0,0.9700720674585271,0.0,0.9846067,0.0,0.9656893005661829,0,0.99980384
44,2,6,3,3,0,0,35,0.0,0.0,0.9965432,0.0,0.9871145823969991,0.0,0.99662095,0.0,0.9899697592334556,0,0.99983096
52,0,4,3,2,1,0,40,0.0,0.0,0.7526809,0.0,0.7846652072714346,0.0,0.76250243,0.0,0.7379280806806889,0,0.6388291
38,2,3,3,2,1,0,40,0.0,0.0,0.96255726,0.0,0.9564984496957185,0.0,0.98527914,0.0,0.9610445269773005,0,0.9998677
36,2,0,1,5,1,0,50,1.0,1.0,0.42045224,1.0,0.35850525887128437,1.0,0.3060271,1.0,0.4023882433239946,1,9.145586e-06
45,2,0,0,0,1,0,55,0.0,0.0,0.89630866,0.0,0.8719222641342557,0.0,0.87967193,0.0,0.8919369439868229,0,0.99911433
20,2,7,3,4,1,0,20,0.0,0.0,0.9973206,0.0,0.9894253245275266,0.0,0.9919624,0.0,0.9899153546152761,0,0.99982893
18,0,3,3,3,0,0,30,0.0,0.0,0.9984639,0.0,0.9892964103636259,0.0,0.9870177,0.0,0.9834043631465872,0,0.99986184
29,2,1,3,2,1,1,40,0.0,0.0,0.8654004,0.0,0.8967412296966963,0.0,0.90475565,0.0,0.9123114469468572,0,0.99990666
49,2,0,1,0,1,1,45,0.0,0.0,0.5013014,0.0,0.5393132253342066,0.0,0.54893357,0.0,0.5421231203223829,1,0.018753659
34,0,0,3,0,1,0,40,0.0,0.0,0.94864935,0.0,0.9595019497183139,0.0,0.96898305,0.0,0.9717606947138941,0,0.9999869
37,2,3,1,0,1,1,72,0.0,0.0,0.54473764,0.0,0.6782616982343046,0.0,0.57502246,0.0,0.6032148183164494,1,0.14002572
38,2,1,0,5,1,0,55,0.0,0.0,0.7384175,0.0,0.6847870652094386,0.0,0.7606878,0.0,0.5650024655075672,1,0.13396005
45,0,1,1,2,1,1,45,1.0,1.0,0.28323466,1.0,0.3446788796894912,1.0,0.31191373,1.0,0.36011939442555496,1,3.7380794e-06
61,1,1,0,1,1,0,40,0.0,0.0,0.90465784,0.0,0.8818231631586703,0.0,0.8443119,0.0,0.8526725640612697,0,0.89050716
41,2,7,1,5,1,1,46,1.0,1.0,0.34207958,1.0,0.33536046622128524,1.0,0.3309698,1.0,0.39554166267075774,1,1.15904e-06
31,0,3,3,0,1,0,40,0.0,0.0,0.98279667,0.0,0.9767548977115177,0.0,0.9484081,0.0,0.9765663634271723,0,0.9999287
53,3,6,1,4,1,1,99,0.0,0.0,0.62922287,0.0,0.6149726697385196,0.0,0.6738615,0.0,0.532611681533426,1,0.0058065527
49,3,3,0,3,1,1,40,0.0,0.0,0.9229977,0.0,0.8286195552534648,0.0,0.9253372,0.0,0.8985250233550862,0,0.99897027
54,3,1,1,3,1,1,40,0.0,1.0,0.2914127,1.0,0.36384081969787385,1.0,0.3176893,1.0,0.41318566861822326,1,6.121139e-07
19,3,7,3,0,1,0,25,0.0,0.0,0.9957564,0.0,0.9882391650719865,0.0,0.9911243,0.0,0.979291268642183,0,0.999912
36,0,1,3,2,1,1,40,0.0,0.0,0.8701088,0.0,0.9084637093626927,0.0,0.96179605,0.0,0.8932653441977934,0,0.99952126
50,2,3,1,4,1,1,40,1.0,0.0,0.6757039,0.0,0.6889954301780594,0.0,0.68858564,0.0,0.6440673257910199,1,0.29021958
23,2,7,3,5,1,1,45,0.0,0.0,0.95989084,0.0,0.9783640531813844,0.0,0.97070163,0.0,0.9751989369346568,0,0.99991655
42,2,3,0,0,1,1,44,0.0,0.0,0.9330396,0.0,0.9424675235409349,0.0,0.93917865,0.0,0.9487925727338911,0,0.99970895
55,3,5,1,5,1,1,50,1.0,1.0,0.09193307,1.0,0.17610393402437918,1.0,0.23249483,1.0,0.28481351038874203,1,5.090802e-07
58,2,3,1,0,1,1,50,0.0,0.0,0.5404648,1.0,0.4700049811838276,0.0,0.5053977,0.0,0.5494164969838116,1,0.051177308
17,2,6,3,4,1,1,15,0.0,0.0,0.999995,0.0,0.992264836444751,0.0,0.99645835,0.0,0.9899697592334556,0,0.9998379
29,2,1,3,5,1,0,35,0.0,0.0,0.95048517,0.0,0.9760255319227996,0.0,0.9634591,0.0,0.9669431947965386,0,0.99991107
38,2,3,0,0,1,1,40,0.0,0.0,0.95903826,0.0,0.9466549997623791,0.0,0.97823316,0.0,0.979617072538832,0,0.9997805
61,3,3,1,0,1,1,52,1.0,0.0,0.6111038,0.0,0.6417438628866245,0.0,0.61897457,0.0,0.5716397717882187,1,0.041656137
24,2,1,3,5,1,1,38,0.0,0.0,0.9480369,0.0,0.9600774077167528,0.0,0.9629346,0.0,0.9669431947965386,0,0.9998946
27,2,7,1,5,1,0,40,0.0,0.0,0.71734244,0.0,0.7187393572024654,0.0,0.6579536,0.0,0.6307551497623776,1,0.20806468
53,0,4,1,2,1,1,55,1.0,1.0,0.17881864,1.0,0.15850711113205285,1.0,0.2522288,1.0,0.17399583783132244,1,6.1165815e-07
59,3,6,1,0,1,1,40,0.0,0.0,0.8848072,0.0,0.8211010027489011,0.0,0.80274546,0.0,0.8473880004297383,0,0.9376828
46,2,4,1,5,1,1,45,1.0,1.0,0.120085,1.0,0.1221639404345285,1.0,0.1567077,1.0,0.230382078207222,1,4.56089e-07
48,2,4,1,2,1,1,40,1.0,1.0,0.17857438,1.0,0.18321829748756835,1.0,0.33089155,1.0,0.23367884776334358,1,5.506496e-07
32,2,2,1,2,1,1,65,1.0,1.0,0.13919961,1.0,0.24719629479614558,1.0,0.19246674,1.0,0.1930392375920842,1,4.2874578e-07
21,2,6,3,4,1,0,35,0.0,0.0,0.99910134,0.0,0.9887227397542346,0.0,0.9970201,0.0,0.9899697592334556,0,0.99983096
43,3,7,1,0,1,1,84,0.0,1.0,0.48958504,0.0,0.7763139407252162,1.0,0.4128434,0.0,0.5069531477198226,1,1.2339056e-05
34,2,7,2,3,1,1,45,0.0,0.0,0.90597117,0.0,0.8614992224093211,0.0,0.95813125,0.0,0.9434860016194513,0,0.9993262
60,3,5,1,2,1,1,80,1.0,1.0,0.112593174,1.0,0.1565025947329226,1.0,0.18227708,1.0,0.21762217579429644,1,5.772833e-07
30,2,7,1,5,0,1,99,0.0,1.0,0.28883433,1.0,0.42300005349714964,1.0,0.19824547,1.0,0.16195149608183002,1,5.188537e-07
26,2,1,3,5,1,0,50,0.0,0.0,0.8800968,0.0,0.9375792689542634,0.0,0.87373906,0.0,0.891401130747935,0,0.99736553
27,3,1,3,2,1,0,20,0.0,0.0,0.9659504,0.0,0.935153603847123,0.0,0.9491178,0.0,0.9473406318082235,0,0.9999896
17,2,6,3,4,1,1,24,0.0,0.0,0.9999926,0.0,0.991450652916462,0.0,0.995998,0.0,0.9894470222177112,0,0.99983287
64,2,3,1,3,1,1,65,1.0,1.0,0.24672824,1.0,0.43075266652647926,1.0,0.3770358,1.0,0.41473284715862857,1,5.614003e-05
43,0,4,0,4,1,1,60,1.0,0.0,0.56307673,0.0,0.7906391433969737,0.0,0.52165467,0.0,0.5879662803613824,1,0.048657715
28,2,1,3,5,1,0,60,0.0,0.0,0.83895534,0.0,0.8584605502449316,0.0,0.63134384,0.0,0.6111504845794242,1,0.31669196
45,2,1,1,5,1,1,50,1.0,1.0,0.16622442,1.0,0.1221872296187605,1.0,0.2186147,1.0,0.1578856506111751,1,5.3873777e-07
21,1,7,3,1,0,1,20,0.0,0.0,0.9979606,0.0,0.9905107707425632,0.0,0.98992753,0.0,0.979953371400512,0,0.99998057
44,3,1,1,5,1,1,52,1.0,1.0,0.22789502,1.0,0.28165261506031436,1.0,0.22094595,1.0,0.2641875021385395,1,4.82061e-07
43,3,6,1,0,1,1,60,0.0,0.0,0.8583514,0.0,0.7984401081304695,0.0,0.85212445,0.0,0.8096661714076477,0,0.8950676
32,2,1,3,2,1,1,50,0.0,0.0,0.7761228,0.0,0.7520496134973489,0.0,0.7510625,0.0,0.6623787665578166,0,0.88699144
34,0,7,3,4,1,1,40,0.0,0.0,0.9602939,0.0,0.9540242497358309,0.0,0.9653802,0.0,0.9593031520474079,0,0.9999933
36,2,0,0,3,1,0,40,0.0,0.0,0.9557979,0.0,0.9399025178545422,0.0,0.9542807,0.0,0.930597877403704,0,0.9997346
33,0,1,3,2,1,0,50,1.0,0.0,0.86275667,0.0,0.9198739590528714,0.0,0.92242575,0.0,0.9156827233638862,0,0.97108376
60,2,5,1,2,1,1,16,0.0,1.0,0.18414074,1.0,0.2393588730859052,1.0,0.38607788,1.0,0.37035420746890213,1,6.612604e-07
48,2,3,0,5,1,0,40,0.0,0.0,0.93253815,0.0,0.9685666393886566,0.0,0.9363234,0.0,0.9459310131176114,0,0.99959964
23,0,7,3,4,1,1,50,0.0,0.0,0.96630555,0.0,0.9735609455565596,0.0,0.92543477,0.0,0.9758031719434781,0,0.999987
34,3,3,3,0,1,1,45,1.0,0.0,0.97303647,0.0,0.9559044617648853,0.0,0.9200362,0.0,0.9308358144657494,0,0.9995733
36,2,7,1,3,0,1,50,1.0,0.0,0.53173864,1.0,0.42586868070033723,1.0,0.39239556,1.0,0.4549795828523413,1,0.0025389895
57,3,3,1,5,1,1,1,0.0,0.0,0.96131784,0.0,0.784933786561755,0.0,0.95186275,0.0,0.9199342464556028,0,0.9977054
44,2,7,0,3,1,0,48,0.0,0.0,0.93409413,0.0,0.9458349986494773,0.0,0.94921964,0.0,0.9014126616365363,0,0.99978644
60,2,5,1,5,1,1,40,1.0,1.0,0.080248535,1.0,0.18461740867645704,1.0,0.20258397,1.0,0.1597302055463089,1,5.002918e-07
44,2,7,1,3,0,1,40,1.0,0.0,0.5787319,0.0,0.553041902483891,1.0,0.36438447,1.0,0.3974414956667677,1,0.010901274
32,2,7,3,5,0,0,40,0.0,0.0,0.97179836,0.0,0.9824818566488024,0.0,0.97505456,0.0,0.9764106201536003,0,0.9999343
50,2,1,0,5,1,0,50,1.0,0.0,0.7143698,0.0,0.6447622165879584,1.0,0.34982318,1.0,0.42756012851754943,1,0.0009472196
59,2,3,0,4,1,0,40,0.0,0.0,0.9425416,0.0,0.9561599125386755,0.0,0.9714378,0.0,0.9768736584301398,0,0.9997012
17,2,6,3,0,1,1,10,0.0,0.0,0.99999577,0.0,0.9929011782440854,0.0,0.9962762,0.0,0.9899697592334556,0,0.99984777
43,2,7,1,0,1,1,50,0.0,0.0,0.51495045,1.0,0.46877776241054714,1.0,0.4624182,0.0,0.5356704517486593,1,0.024877816
44,2,7,0,5,1,0,45,0.0,0.0,0.90057635,0.0,0.9508914403247384,0.0,0.93354833,0.0,0.9568934012302902,0,0.99991584
47,3,2,1,0,1,1,45,0.0,1.0,0.25350213,1.0,0.3169693980376359,1.0,0.21409518,1.0,0.26683603274839696,1,4.841398e-07
52,2,7,1,0,1,1,40,0.0,0.0,0.57581,0.0,0.5325199027935448,0.0,0.5046309,0.0,0.5309679499908395,1,0.051383033
26,2,0,3,0,1,0,15,0.0,0.0,0.9915559,0.0,0.982237981975369,0.0,0.9958799,0.0,0.9899697592334556,0,0.9998524
50,0,2,1,2,1,1,45,1.0,1.0,0.14130217,1.0,0.13124742296432745,1.0,0.19511724,1.0,0.17876835610742958,1,1.1049191e-05
36,3,2,3,2,1,1,30,1.0,0.0,0.87901473,0.0,0.7915174028256418,0.0,0.9449118,0.0,0.8859894639498824,0,0.9902344
31,2,7,1,5,1,1,65,1.0,1.0,0.33358747,1.0,0.33414529497652934,1.0,0.3381322,1.0,0.33579711115011246,1,6.816638e-07
27,2,0,0,5,1,0,40,0.0,0.0,0.94842815,0.0,0.9442842179698876,0.0,0.9615826,0.0,0.9669431947965386,0,0.9998305
43,2,7,3,0,1,1,40,0.0,0.0,0.9550741,0.0,0.9628112984372007,0.0,0.9907542,0.0,0.984442045415811,0,0.99982965
67,2,7,4,2,1,0,16,0.0,0.0,0.8911471,0.0,0.9209703144940737,0.0,0.9748374,0.0,0.902565222839226,0,0.9999943
47,2,1,1,5,1,1,40,1.0,1.0,0.22413003,1.0,0.19296494848668921,1.0,0.17204666,1.0,0.18276888373293265,1,4.874281e-07
35,2,3,3,0,1,1,40,0.0,0.0,0.98153263,0.0,0.9806113063845955,0.0,0.98827726,0.0,0.9894470222177112,0,0.9998004
28,2,3,1,0,1,1,45,0.0,0.0,0.78491485,0.0,0.8322904103244841,0.0,0.814047,0.0,0.8096661714076477,0,0.9044408
49,2,3,0,0,1,1,40,0.0,0.0,0.94564176,0.0,0.9259706529781654,0.0,0.9754121,0.0,0.9628967349272821,0,0.9997756
29,2,3,1,0,1,0,40,0.0,0.0,0.84276086,0.0,0.8941540454486556,0.0,0.8668237,0.0,0.8700664057474417,0,0.9651129
56,2,3,2,0,1,0,40,0.0,0.0,0.96421576,0.0,0.9584353522678812,0.0,0.9330777,0.0,0.9442695024754441,0,0.99955386
26,3,6,1,3,0,1,98,0.0,0.0,0.8377211,0.0,0.6447365651782152,0.0,0.7165433,0.0,0.7709174524085747,0,0.733825
39,2,6,0,0,1,1,46,0.0,0.0,0.9753173,0.0,0.944748249765871,0.0,0.96705675,0.0,0.9725090357374676,0,0.999782
30,0,3,1,5,1,0,40,1.0,0.0,0.7801792,0.0,0.7178318729099743,0.0,0.5286133,0.0,0.6578360172521307,1,0.29523024
22,2,1,3,0,1,0,15,0.0,0.0,0.98948014,0.0,0.9835878999965629,0.0,0.99122643,0.0,0.9894470222177112,0,0.9998423
52,3,7,1,3,1,1,50,1.0,1.0,0.37040025,0.0,0.5176731659948582,1.0,0.46889263,1.0,0.41161392069207225,1,1.944642e-06
42,2,3,2,3,1,0,40,0.0,0.0,0.9706219,0.0,0.9658666482243928,0.0,0.96701187,0.0,0.9608553757384015,0,0.99929094
23,2,0,3,5,1,1,40,0.0,0.0,0.96210617,0.0,0.9827222566534501,0.0,0.96920305,0.0,0.9718778216710049,0,0.9998264
49,0,7,1,4,1,1,40,1.0,0.0,0.51618385,1.0,0.4169897696723601,1.0,0.41303563,0.0,0.5200491871374743,1,0.0008276106
27,2,1,3,0,1,1,65,0.0,0.0,0.8670096,0.0,0.8660435599853404,0.0,0.88540643,0.0,0.8339965503671773,0,0.99506795
28,1,1,3,1,0,0,40,0.0,0.0,0.97383136,0.0,0.9544091854041984,0.0,0.883692,0.0,0.9493445167803818,0,0.99840003
18,1,3,3,1,0,0,38,0.0,0.0,0.9974247,0.0,0.9892496694048014,0.0,0.97869456,0.0,0.9739950088966942,0,0.99998605
48,2,3,1,0,1,1,55,1.0,0.0,0.5592356,0.0,0.5124239388361679,0.0,0.5652729,0.0,0.6032148183164494,1,0.1336796
27,0,7,1,0,1,1,50,0.0,0.0,0.66881883,0.0,0.8006048713716363,0.0,0.6420721,0.0,0.6546535928680322,1,0.4069312
34,2,3,2,0,0,1,40,0.0,0.0,0.9779688,0.0,0.9642243895143169,0.0,0.9778285,0.0,0.9790106714445793,0,0.9997662
30,2,1,3,2,0,1,45,0.0,0.0,0.84533995,0.0,0.8626169856284066,0.0,0.86296815,0.0,0.7953485451552378,0,0.9991836
28,2,7,1,5,1,1,40,0.0,0.0,0.6542777,0.0,0.6415891109551732,0.0,0.596858,0.0,0.5911909408704666,1,0.14742972
29,2,7,0,2,1,0,36,0.0,0.0,0.9542954,0.0,0.9577795710862214,0.0,0.89539194,0.0,0.9693438363382854,0,0.9999304
56,2,7,1,5,1,0,50,1.0,1.0,0.38742316,1.0,0.42692437315659304,1.0,0.2233311,1.0,0.21989684065338855,1,5.4147074e-07
60,2,3,1,0,1,1,40,0.0,0.0,0.6613605,0.0,0.6682513375878913,0.0,0.6027477,0.0,0.6307793578535944,1,0.21267939
41,2,6,0,4,1,1,40,0.0,0.0,0.98748827,0.0,0.9683781670611977,0.0,0.9958578,0.0,0.9855313156610583,0,0.99981636
46,0,0,1,5,1,1,40,1.0,1.0,0.38067394,1.0,0.3638459109695237,1.0,0.23015982,1.0,0.4465466421227261,1,0.00012242439
36,2,0,1,0,1,1,52,1.0,0.0,0.5494653,0.0,0.6972163115816373,0.0,0.5437025,0.0,0.5494164969838116,1,0.08607052
41,2,3,3,0,1,1,40,0.0,0.0,0.97675097,0.0,0.9744451295208842,0.0,0.9860831,0.0,0.9894470222177112,0,0.999795
32,2,3,1,0,1,1,60,1.0,0.0,0.6551089,0.0,0.6826003085622003,0.0,0.62067544,0.0,0.6436257656744688,1,0.3468132
59,1,3,1,1,1,1,41,1.0,0.0,0.6829121,0.0,0.7597943269006808,0.0,0.64258146,0.0,0.6502998944778301,0,0.51119316
21,2,7,3,5,1,0,40,0.0,0.0,0.98461205,0.0,0.9882136757050661,0.0,0.99054104,0.0,0.9832932887117538,0,0.9999305
40,2,3,0,0,1,1,40,0.0,0.0,0.9563438,0.0,0.9442929818511292,0.0,0.9776513,0.0,0.971835930974618,0,0.99977976
26,2,3,3,0,1,1,40,0.0,0.0,0.98936623,0.0,0.9828675849173878,0.0,0.98849034,0.0,0.9894470222177112,0,0.99980074
50,3,2,1,2,1,1,60,1.0,1.0,0.15280235,1.0,0.19435952662438383,1.0,0.27143055,1.0,0.14418876442260475,1,1.458778e-06
26,2,3,3,4,1,0,30,0.0,0.0,0.99584204,0.0,0.9892801625417981,0.0,0.9920366,0.0,0.989972401351476,0,0.9998241
52,2,7,3,2,1,1,37,1.0,0.0,0.9055483,0.0,0.8900500191842714,0.0,0.94956654,0.0,0.9221715558848369,0,0.9999907
32,0,7,1,4,1,0,40,0.0,0.0,0.7598712,0.0,0.8352310646413404,0.0,0.6245105,0.0,0.6825579628145674,1,0.44309294
60,2,3,1,2,1,1,30,0.0,0.0,0.53218603,0.0,0.6507968195814697,1.0,0.45261174,0.0,0.5347537668615793,1,0.026983824
19,2,6,3,0,1,1,39,0.0,0.0,0.9992331,0.0,0.9896971556013928,0.0,0.9951273,0.0,0.9894470222177112,0,0.99985063
51,3,7,1,5,1,1,99,1.0,1.0,0.24725825,1.0,0.36673535018035364,1.0,0.25303316,1.0,0.25747671642755565,1,8.0897706e-07
54,2,7,1,0,1,1,40,1.0,0.0,0.56527853,0.0,0.5482028454625817,0.0,0.5255029,0.0,0.5309679499908395,1,0.039768282
23,2,6,3,0,1,1,36,0.0,0.0,0.9984846,0.0,0.9876766207334186,0.0,0.99537396,0.0,0.9894470222177112,0,0.9998511
51,3,3,1,5,1,1,70,1.0,1.0,0.3816188,1.0,0.4296862905045915,0.0,0.53088903,0.0,0.5366988077414936,1,1.823128e-05
47,0,3,1,5,0,0,40,0.0,0.0,0.67343396,0.0,0.6404285271618801,1.0,0.367181,1.0,0.4620425025662702,1,0.008083091
41,0,3,1,0,1,1,40,0.0,0.0,0.69778323,0.0,0.6893246817965386,0.0,0.72719383,0.0,0.7092627686365778,0,0.52681595
55,2,4,1,4,1,1,20,1.0,1.0,0.33989823,1.0,0.4446149671689985,1.0,0.4701171,1.0,0.4826612241536795,1,0.0017137203
24,0,3,3,5,1,0,40,0.0,0.0,0.9847572,0.0,0.9829709177453744,0.0,0.95078754,0.0,0.9679168581803899,0,0.9999542
20,2,6,1,0,1,1,40,0.0,0.0,0.9725457,0.0,0.9656706096401482,0.0,0.9660912,0.0,0.9706342463660895,0,0.9978448
63,3,0,1,0,1,1,40,0.0,0.0,0.52906007,0.0,0.6384980420701583,1.0,0.49764347,0.0,0.532611681533426,1,0.0028661555
60,3,6,1,0,1,1,40,0.0,0.0,0.8837041,0.0,0.8359923720512726,0.0,0.80082506,0.0,0.8473880004297383,0,0.9333838
31,2,0,1,0,1,1,30,1.0,0.0,0.8094652,0.0,0.7896322457078155,0.0,0.8693752,0.0,0.8340187964200334,0,0.9278899
34,2,1,1,0,1,1,45,1.0,1.0,0.40753716,0.0,0.5045450474247231,1.0,0.46379167,1.0,0.4876161500448484,1,0.0010764122
27,2,3,1,0,1,1,40,0.0,0.0,0.85672677,0.0,0.8999878471181937,0.0,0.86851865,0.0,0.8831974987593281,0,0.9807011
23,2,1,3,3,1,0,20,0.0,0.0,0.989106,0.0,0.9775473636287326,0.0,0.9906859,0.0,0.9899697592334556,0,0.9998282
31,2,0,1,0,1,1,40,0.0,0.0,0.71151876,0.0,0.6951373045898432,0.0,0.69567025,0.0,0.6803748608610531,0,0.6253353
26,0,1,3,4,1,1,40,0.0,0.0,0.93923837,0.0,0.9649746207766977,0.0,0.92882836,0.0,0.9536550282163644,0,0.9999577
49,2,1,1,4,1,1,40,0.0,1.0,0.32731724,1.0,0.28901217359393483,1.0,0.4465301,1.0,0.391941555122734,1,1.9226873e-05
25,2,7,3,3,1,1,42,0.0,0.0,0.9745278,0.0,0.9665852996781459,0.0,0.9769298,0.0,0.9806312970074541,0,0.9998093
51,2,3,1,0,1,1,40,0.0,0.0,0.70439434,0.0,0.6563174083121924,0.0,0.64312047,0.0,0.6802250298160285,1,0.3973566
35,0,0,1,4,1,1,42,0.0,0.0,0.5189576,0.0,0.5958046563454046,0.0,0.6305959,0.0,0.5410524529238965,1,0.019456629
45,2,7,0,4,1,0,50,0.0,0.0,0.933757,0.0,0.9645529383934422,0.0,0.9574722,0.0,0.9578526964120724,0,0.99966097
54,2,4,1,3,1,1,40,0.0,1.0,0.15660661,1.0,0.26743106164804076,1.0,0.2743107,1.0,0.29172162637754173,1,5.460867e-07
51,0,3,1,4,1,1,70,0.0,1.0,0.4409104,1.0,0.44802839245829296,1.0,0.4316939,0.0,0.5445401175652561,1,0.00096226804
56,2,3,1,0,1,1,40,0.0,0.0,0.6809906,0.0,0.5964521145181706,0.0,0.615865,0.0,0.6350077258889693,1,0.25658777
48,0,3,1,0,1,1,40,1.0,0.0,0.6655092,0.0,0.589224984923381,0.0,0.6870928,0.0,0.6685263095257128,1,0.42240062
37,2,7,1,3,1,0,40,1.0,0.0,0.74489164,0.0,0.8098450759508373,0.0,0.5638583,0.0,0.5544175939666743,1,0.08166769
19,2,3,3,4,1,0,15,0.0,0.0,0.9988788,0.0,0.9899652668436111,0.0,0.9925783,0.0,0.9899697592334556,0,0.9998265
42,3,2,1,2,1,1,45,1.0,1.0,0.1773324,1.0,0.1943429586157791,1.0,0.14369601,1.0,0.11146233067633093,1,9.4939924e-07
55,2,3,1,0,1,1,40,1.0,0.0,0.6852242,0.0,0.5709717032830698,0.0,0.62329614,0.0,0.6350077258889693,1,0.26551345
29,2,3,2,5,1,0,40,0.0,0.0,0.9564682,0.0,0.9754069971632332,0.0,0.9562712,0.0,0.9698383694003417,0,0.99960893
25,2,0,3,4,1,1,43,0.0,0.0,0.9676045,0.0,0.9747550458193233,0.0,0.97820437,0.0,0.9776606697792443,0,0.9997199
69,2,6,1,5,1,1,40,0.0,0.0,0.63401914,0.0,0.6451035211930436,0.0,0.6500366,0.0,0.7392101445267152,0,0.686314
21,1,7,3,1,1,1,35,0.0,0.0,0.996877,0.0,0.9878615556733356,0.0,0.9935984,0.0,0.9793966789580807,0,0.9999796
22,1,6,3,1,1,0,40,0.0,0.0,0.997546,0.0,0.9869808989041841,0.0,0.9917337,0.0,0.9796861305431934,0,0.9999819
28,2,0,3,4,1,0,40,0.0,0.0,0.97797203,0.0,0.976545856316728,0.0,0.9881606,0.0,0.9855313156610583,0,0.9998161
43,2,7,1,0,1,1,40,0.0,0.0,0.6367425,0.0,0.6502940194674255,0.0,0.6559645,0.0,0.6440673257910199,1,0.27979383
48,0,3,1,4,1,0,40,1.0,0.0,0.6950878,0.0,0.6232090532820194,0.0,0.70072794,0.0,0.688730893433606,1,0.379112
19,2,3,3,0,1,1,40,0.0,0.0,0.99606055,0.0,0.9868195280214076,0.0,0.98775905,0.0,0.9894470222177112,0,0.9997985
58,1,3,1,1,1,1,10,0.0,0.0,0.82167655,0.0,0.9008581507328405,0.0,0.90558034,0.0,0.8577054809237592,0,0.9914642
45,2,4,0,0,1,1,48,1.0,0.0,0.6724378,0.0,0.7262864400147993,0.0,0.72474766,0.0,0.7598337839575815,0,0.7980126
27,2,6,3,4,1,1,40,0.0,0.0,0.99703854,0.0,0.9885603942490044,0.0,0.99674636,0.0,0.9894470222177112,0,0.99982005
22,2,3,3,5,1,0,40,0.0,0.0,0.9889334,0.0,0.9887801953392277,0.0,0.9898589,0.0,0.9899697592334556,0,0.9998306
40,2,7,1,0,1,1,40,0.0,0.0,0.6603614,0.0,0.6589721125139261,0.0,0.69908196,0.0,0.6440673257910199,1,0.41018516
19,2,7,3,0,1,1,40,0.0,0.0,0.9946236,0.0,0.9866232505362516,0.0,0.9936249,0.0,0.9894470222177112,0,0.99984205
30,2,7,1,0,1,1,40,0.0,0.0,0.7494171,0.0,0.7830580780233696,0.0,0.74758196,0.0,0.7617795959830724,0,0.8263304
26,2,3,3,5,1,0,45,0.0,0.0,0.9768463,0.0,0.987257379296224,0.0,0.9521952,0.0,0.9737089557453611,0,0.9997458
56,2,7,1,3,1,1,40,0.0,1.0,0.42593873,1.0,0.4726202680586603,1.0,0.45930105,1.0,0.4191860682809172,1,7.084692e-05
41,2,3,1,2,0,1,40,1.0,0.0,0.62789905,0.0,0.5529948802176343,0.0,0.5200309,0.0,0.566742125015939,1,0.0831045
39,2,1,1,2,1,0,36,1.0,1.0,0.31349987,1.0,0.32158636597164236,1.0,0.36979997,1.0,0.4291046835668698,1,1.4767676e-06
28,2,3,1,0,1,1,40,0.0,0.0,0.84946835,0.0,0.8915321525045957,0.0,0.8635098,0.0,0.8737517909641446,0,0.97557324
64,0,6,3,5,1,1,40,0.0,0.0,0.9499233,0.0,0.8891565525749532,0.0,0.9903985,0.0,0.9785541387165085,0,0.9999769
23,2,6,2,2,1,1,35,0.0,0.0,0.9904099,0.0,0.949047211859292,0.0,0.99291795,0.0,0.9852210734890999,0,0.999858
24,2,7,3,5,1,1,20,0.0,0.0,0.9917528,0.0,0.988503561074891,0.0,0.9836625,0.0,0.9838241508629151,0,0.9999337
25,2,3,3,0,1,1,48,0.0,0.0,0.98214597,0.0,0.9794783872309457,0.0,0.9788872,0.0,0.9798850381716767,0,0.9997782
26,2,6,1,5,1,1,40,0.0,0.0,0.90052986,0.0,0.8616544934461666,0.0,0.85670584,0.0,0.9026221289101081,0,0.9947772
77,2,6,1,4,0,0,10,0.0,0.0,0.95122343,0.0,0.9551992005349259,0.0,0.92560345,0.0,0.8863468798617564,0,0.9806333
26,0,0,3,5,0,0,40,0.0,0.0,0.9653944,0.0,0.9512205240262427,0.0,0.98273456,0.0,0.9777338484573963,0,0.9999745
37,0,1,3,2,1,0,40,0.0,0.0,0.89466476,0.0,0.9264327482328518,0.0,0.96012133,0.0,0.897707469284692,0,0.99931276
22,1,0,3,1,1,1,40,0.0,0.0,0.98769164,0.0,0.9783795902166437,0.0,0.9856422,0.0,0.9733402685599752,0,0.99996924
22,2,7,3,4,0,1,20,0.0,0.0,0.9979446,0.0,0.9905614437997973,0.0,0.9910606,0.0,0.9899180109183517,0,0.99982953
39,3,1,1,0,1,0,50,0.0,1.0,0.4373039,1.0,0.4402041197488822,1.0,0.3743409,1.0,0.4372392907092296,1,9.448682e-06
33,2,3,3,0,0,0,40,0.0,0.0,0.9872348,0.0,0.9777966904076025,0.0,0.98846805,0.0,0.9894470222177112,0,0.99980086
36,2,6,1,0,1,1,40,0.0,0.0,0.90928054,0.0,0.91453698579652,0.0,0.92206407,0.0,0.910074763532419,0,0.9951056
23,2,7,3,0,1,1,40,0.0,0.0,0.9883467,0.0,0.978352952034527,0.0,0.99344844,0.0,0.9896973455652845,0,0.9998416
35,2,0,0,2,1,0,40,1.0,0.0,0.9040496,0.0,0.9078345688820614,0.0,0.9705651,0.0,0.9751469656703655,0,0.9998865
34,2,4,1,5,1,1,40,0.0,1.0,0.21971142,1.0,0.17837282604957372,1.0,0.3607871,1.0,0.32017065041203396,1,3.4113307e-06
40,0,6,0,0,1,0,52,0.0,0.0,0.97805125,0.0,0.9521600880364585,0.0,0.9403457,0.0,0.9674314531237165,0,0.99997854
26,0,1,3,2,1,0,35,0.0,0.0,0.95697385,0.0,0.9557681808256477,0.0,0.8836787,0.0,0.9514100863542931,0,0.9999963
55,2,3,0,4,1,0,40,0.0,0.0,0.94725984,0.0,0.9527369124850327,0.0,0.9756264,0.0,0.9807530940507391,0,0.9997446
19,2,6,3,0,1,1,56,0.0,0.0,0.996907,0.0,0.9775579910024135,0.0,0.98289955,0.0,0.9821736694673323,0,0.99981457
29,0,1,1,2,1,1,25,0.0,0.0,0.5457423,0.0,0.5875793899505837,0.0,0.7317958,1.0,0.3747333604936801,1,8.449276e-06
63,2,3,1,0,1,1,40,1.0,0.0,0.64623946,0.0,0.6911592743793038,0.0,0.6303989,0.0,0.6307793578535944,1,0.17291486
61,2,6,1,0,1,1,40,0.0,0.0,0.8485658,0.0,0.8796252417902444,0.0,0.87071264,0.0,0.855862294285981,0,0.95452344
60,2,3,1,4,0,1,30,0.0,0.0,0.7813463,0.0,0.8299711309520825,0.0,0.68863714,0.0,0.6989551048781091,0,0.51788396
31,2,3,3,3,0,0,24,0.0,0.0,0.99604934,0.0,0.990434895442194,0.0,0.9910475,0.0,0.989972401351476,0,0.9998292
31,3,3,1,0,1,1,40,1.0,0.0,0.84202975,0.0,0.8374968685041181,0.0,0.8013717,0.0,0.8096661714076477,0,0.8806319
37,2,0,1,0,1,1,50,1.0,0.0,0.5594848,0.0,0.6370917039210635,0.0,0.562096,0.0,0.5911909408704666,1,0.13922414
17,2,6,3,5,1,0,20,0.0,0.0,0.9999812,0.0,0.9908393902424109,0.0,0.996194,0.0,0.9899697592334556,0,0.9998524
29,2,7,1,0,1,1,40,0.0,0.0,0.75918436,0.0,0.7830580780233696,0.0,0.7645214,0.0,0.7793771376512151,0,0.8616807
50,2,3,1,0,1,1,44,1.0,0.0,0.6340971,0.0,0.5284051385909796,0.0,0.6075691,0.0,0.6307793578535944,1,0.20169613
37,2,4,0,5,1,1,65,0.0,1.0,0.43416566,1.0,0.21827049723490854,1.0,0.37013596,1.0,0.44399376419718684,1,0.0015412185
23,2,7,3,5,1,1,30,0.0,0.0,0.98969775,0.0,0.9886867353511172,0.0,0.9816557,0.0,0.9835200696828064,0,0.9999329
43,3,6,1,0,1,1,55,0.0,0.0,0.8666408,0.0,0.8291736979875378,0.0,0.846688,0.0,0.8178283981233821,0,0.9021398
28,3,3,1,0,1,1,40,0.0,0.0,0.858055,0.0,0.8533877547221802,0.0,0.8433305,0.0,0.815774286483334,0,0.94262546
32,0,3,1,4,1,1,40,0.0,0.0,0.71524847,0.0,0.750060011026806,0.0,0.72259533,0.0,0.7380241784253941,0,0.7736937
46,0,0,1,4,1,1,38,1.0,0.0,0.54035485,1.0,0.4901967741550638,0.0,0.5343381,0.0,0.6081581843237006,1,0.09220418
48,3,0,1,0,1,1,70,1.0,1.0,0.47121716,0.0,0.6134095155439623,1.0,0.4968807,1.0,0.462165273933723,1,2.8256163e-05
27,2,5,0,2,1,0,12,0.0,0.0,0.8824263,0.0,0.9096258296010317,0.0,0.9118353,0.0,0.9598386170724837,0,0.9999107
23,2,3,3,5,1,0,50,0.0,0.0,0.9780562,0.0,0.9862108646311584,0.0,0.9484497,0.0,0.9720766088812319,0,0.9997136
58,0,1,1,5,1,1,35,1.0,1.0,0.35411215,0.0,0.5248487146256313,1.0,0.34977967,1.0,0.3693707255908314,1,1.8346236e-05
29,2,0,0,4,0,1,40,1.0,0.0,0.9592001,0.0,0.9513085821130969,0.0,0.9885024,0.0,0.9810106996276527,0,0.9998035
22,2,1,3,5,1,1,40,0.0,0.0,0.9348931,0.0,0.9539644489385795,0.0,0.94272894,0.0,0.9648402724570817,0,0.9998241
23,2,1,3,5,1,0,40,0.0,0.0,0.9431239,0.0,0.9746800506638542,0.0,0.945621,0.0,0.9669431947965386,0,0.9998312
22,2,7,3,0,1,1,50,0.0,0.0,0.97734505,0.0,0.9645097215332594,0.0,0.9574098,0.0,0.9692341354505594,0,0.9997907
36,2,7,1,5,1,1,40,1.0,0.0,0.52041805,0.0,0.5448592900191522,0.0,0.55461574,0.0,0.526414476030916,1,0.0029997546
36,2,3,0,0,1,1,50,0.0,0.0,0.9339656,0.0,0.9354789009889305,0.0,0.9411624,0.0,0.94187309378487,0,0.9996512
26,2,3,1,5,1,1,40,0.0,0.0,0.7470032,0.0,0.8052176764016632,0.0,0.787824,0.0,0.7492192642783739,0,0.7331491
36,2,0,1,0,1,1,40,1.0,0.0,0.6667317,0.0,0.6738169542420844,0.0,0.6649859,0.0,0.6440673257910199,1,0.35167328
50,2,0,0,3,1,0,40,0.0,0.0,0.9339409,0.0,0.9387964520109796,0.0,0.9115812,0.0,0.9126000809690485,0,0.99955755
17,1,6,3,1,0,1,8,0.0,0.0,0.99999344,0.0,0.9916271683243275,0.0,0.9659552,0.0,0.9765910865511349,0,0.99999154
28,2,3,2,0,1,1,55,0.0,0.0,0.95979804,0.0,0.9621180883623439,0.0,0.9306727,0.0,0.930597877403704,0,0.9992902
30,2,3,1,0,1,1,45,0.0,0.0,0.7667201,0.0,0.8097723219262214,0.0,0.75036085,0.0,0.7723129182333668,0,0.7871891
22,0,1,3,2,1,0,20,0.0,0.0,0.97783536,0.0,0.9554184811490257,0.0,0.94561046,0.0,0.9566847271960354,0,0.9999962
44,2,7,1,0,1,1,40,0.0,0.0,0.62956595,0.0,0.6502940194674255,0.0,0.6201444,0.0,0.639052074019741,1,0.24313544
33,2,3,0,5,1,0,40,0.0,0.0,0.9577061,0.0,0.9778649470808207,0.0,0.9468023,0.0,0.9720766088812319,0,0.999746
36,2,0,3,5,0,0,40,0.0,0.0,0.95138866,0.0,0.9508667129301445,0.0,0.9669403,0.0,0.9669431947965386,0,0.9998684
46,2,6,1,0,1,1,40,0.0,0.0,0.8807708,0.0,0.8806066219732392,0.0,0.88560295,0.0,0.8836029368911342,0,0.9823062
33,3,1,3,3,1,0,40,0.0,0.0,0.9616413,0.0,0.9128316956291161,0.0,0.8873392,0.0,0.8520807049192857,0,0.99950504
60,2,3,1,0,1,1,28,0.0,0.0,0.78235817,0.0,0.8324635959817693,0.0,0.69377756,0.0,0.7380241784253941,0,0.73361236
24,2,7,3,0,0,1,14,0.0,0.0,0.9976583,0.0,0.9878309259632386,0.0,0.99608815,0.0,0.9899697592334556,0,0.99985516
33,2,0,1,4,1,1,40,0.0,0.0,0.66639495,0.0,0.6847397146930436,0.0,0.6364304,0.0,0.6513853538817844,1,0.41557053
50,0,7,1,5,0,1,40,0.0,1.0,0.45647067,1.0,0.48237828846048936,1.0,0.44499975,1.0,0.42556562151708033,1,0.00020003902
21,2,7,3,4,1,0,40,0.0,0.0,0.9900038,0.0,0.9869991576671626,0.0,0.9903869,0.0,0.9861709950891865,0,0.99982244
21,2,7,3,4,1,1,35,0.0,0.0,0.99662435,0.0,0.9889095865888641,0.0,0.9920922,0.0,0.9899153546152761,0,0.9998264
31,0,1,1,4,1,1,38,1.0,0.0,0.5577679,0.0,0.5134795796570658,0.0,0.5662203,0.0,0.5140836114227344,1,0.0020166498
49,0,4,0,5,1,0,40,0.0,0.0,0.7604299,0.0,0.6692584705151117,0.0,0.72578114,0.0,0.7787367348169956,0,0.88246953
24,2,7,0,4,0,1,40,0.0,0.0,0.982279,0.0,0.9718292761318433,0.0,0.9901384,0.0,0.9855313156610583,0,0.999824
37,2,6,1,0,1,1,40,0.0,0.0,0.9059324,0.0,0.91453698579652,0.0,0.9160816,0.0,0.9024606956917652,0,0.9947345
30,2,1,3,5,0,1,40,0.0,0.0,0.8981512,0.0,0.9093803616809032,0.0,0.90276265,0.0,0.940497028890205,0,0.9997305
22,2,3,1,4,1,1,40,0.0,0.0,0.89145297,0.0,0.8882999325412657,0.0,0.8862405,0.0,0.8833870635839788,0,0.97967666
34,3,0,0,3,1,0,40,0.0,0.0,0.9415015,0.0,0.926383041216409,0.0,0.8904125,0.0,0.8973875751348409,0,0.99954176
25,0,7,3,0,0,1,40,0.0,0.0,0.9830831,0.0,0.9796416377791181,0.0,0.98012275,0.0,0.9762861961855488,0,0.99999404
69,2,3,4,5,1,0,40,0.0,0.0,0.9056361,0.0,0.9443898754216362,0.0,0.9475297,0.0,0.8912079960027571,0,0.9989587
30,2,1,1,2,1,1,45,1.0,1.0,0.3100568,1.0,0.3218797569524887,1.0,0.26113135,1.0,0.2965575572544197,1,6.018417e-07
55,2,3,1,5,1,0,30,1.0,0.0,0.72765297,0.0,0.6615814765005261,0.0,0.549363,0.0,0.6032148183164494,1,0.13162473
52,2,3,1,3,1,1,50,1.0,1.0,0.38328165,1.0,0.4598193208478084,0.0,0.5324087,0.0,0.5277608128365854,1,0.0071196016
49,2,6,1,0,1,1,40,1.0,0.0,0.8726162,0.0,0.8897193575031812,0.0,0.86427104,0.0,0.8741853458116003,0,0.9760548
40,2,3,2,0,1,1,40,0.0,0.0,0.97039723,0.0,0.9612228020782515,0.0,0.9756759,0.0,0.9790106714445793,0,0.99973804
46,3,0,1,0,1,1,40,1.0,0.0,0.6097219,0.0,0.6705249268569464,0.0,0.6148734,0.0,0.6133429734334821,1,0.14358813
18,2,6,3,5,1,1,40,0.0,0.0,0.9980326,0.0,0.9882100431961515,0.0,0.9950935,0.0,0.9852089956246377,0,0.99986434
26,2,3,3,0,0,1,40,0.0,0.0,0.9902467,0.0,0.9809641516465788,0.0,0.98849034,0.0,0.9894470222177112,0,0.99980074
41,2,1,0,5,0,0,90,1.0,0.0,0.6913407,1.0,0.4851760567369241,1.0,0.4071064,1.0,0.4816961137133041,1,1.0194573e-05
34,2,1,1,3,1,0,40,1.0,0.0,0.5577848,0.0,0.5948253241699217,1.0,0.37519974,1.0,0.40620128322317073,1,3.0142506e-05
37,2,7,3,4,1,0,40,0.0,0.0,0.97593987,0.0,0.982344889969036,0.0,0.98417085,0.0,0.9846656731977711,0,0.9997646
31,2,7,3,5,1,0,43,0.0,0.0,0.9515161,0.0,0.9809242473214328,0.0,0.97804034,0.0,0.9751989369346568,0,0.9999428
68,1,2,1,1,1,1,50,1.0,1.0,0.30137038,1.0,0.40880602936157706,1.0,0.4729516,1.0,0.3755887320286647,1,7.082531e-05
59,2,3,0,0,1,1,38,1.0,0.0,0.95152706,0.0,0.9470187123587263,0.0,0.9809697,0.0,0.9845920416709297,0,0.9997873
40,2,3,1,3,1,0,30,0.0,0.0,0.8949196,0.0,0.9047171671703377,0.0,0.8168446,0.0,0.8106701817683674,0,0.91355217
31,2,3,3,4,1,1,24,0.0,0.0,0.9950411,0.0,0.985805895287019,0.0,0.99239683,0.0,0.989972401351476,0,0.99982387
24,1,6,1,1,1,1,60,0.0,0.0,0.93858105,0.0,0.9290765677709949,0.0,0.8824432,0.0,0.919560123070305,0,0.9994962
50,2,3,1,0,1,1,40,1.0,0.0,0.710691,0.0,0.627693206171709,0.0,0.66098297,0.0,0.6916737970963738,1,0.4375639
35,0,7,1,4,1,1,61,1.0,1.0,0.4750108,0.0,0.5086048838491021,0.0,0.5173725,1.0,0.42237353586082516,1,3.0836058e-05
34,0,1,1,5,1,1,45,1.0,1.0,0.30758715,1.0,0.2757150902469814,1.0,0.24206626,1.0,0.2711261923077356,1,6.0626285e-06
39,2,3,0,5,1,0,40,0.0,0.0,0.9476942,0.0,0.9705967843936908,0.0,0.94213766,0.0,0.9548790638767506,0,0.9996815
17,2,6,3,3,1,1,15,0.0,0.0,0.9999953,0.0,0.9897947089308715,0.0,0.99649644,0.0,0.9899697592334556,0,0.999848
26,2,7,1,3,0,0,40,0.0,0.0,0.86791277,0.0,0.9289087102242055,0.0,0.6577503,0.0,0.6513853538817844,1,0.4952794
25,2,3,0,0,0,0,40,0.0,0.0,0.98207337,0.0,0.9737843403696572,0.0,0.9811696,0.0,0.9859906533506766,0,0.9997844
50,2,3,1,5,1,1,40,0.0,1.0,0.48930353,1.0,0.42568133969453426,0.0,0.62915254,0.0,0.5276365388459907,1,0.0218452
56,1,4,3,1,1,0,50,1.0,0.0,0.8519538,0.0,0.8635024427721844,0.0,0.65748715,0.0,0.7651839876827008,1,0.4388316
38,2,3,1,0,1,1,44,0.0,0.0,0.7133708,0.0,0.6440219463814113,0.0,0.7378862,0.0,0.7277306171796802,0,0.66055715
37,2,7,1,0,1,1,45,0.0,0.0,0.5907137,0.0,0.5563278046834194,0.0,0.6077384,0.0,0.6307551497623776,1,0.19830509
39,2,7,1,5,0,0,50,1.0,0.0,0.5293333,0.0,0.6347176617587713,1.0,0.33706754,1.0,0.3376267596441095,1,1.056323e-06
18,2,3,3,3,1,1,10,0.0,0.0,0.9994301,0.0,0.9891822230917122,0.0,0.99262166,0.0,0.9899697592334556,0,0.99983025
60,2,6,1,0,1,1,45,0.0,0.0,0.8099342,0.0,0.8585709579923453,0.0,0.818039,0.0,0.7834752218657002,0,0.8567889
55,2,3,4,3,1,0,40,0.0,0.0,0.9538022,0.0,0.955276089829235,0.0,0.97180927,0.0,0.9591494363464774,0,0.9996406
19,2,3,3,4,1,1,25,0.0,0.0,0.9984631,0.0,0.9895318220235824,0.0,0.99228805,0.0,0.9899697592334556,0,0.99982446
53,2,4,3,2,1,0,54,1.0,0.0,0.59915364,0.0,0.6639542089859998,1.0,0.32497418,0.0,0.5738453219942219,1,2.6886323e-06
43,2,3,0,0,1,1,45,0.0,0.0,0.9279672,0.0,0.9340074733353392,0.0,0.9380887,0.0,0.9399400586432513,0,0.99967587
39,2,3,1,5,1,1,40,1.0,0.0,0.5830653,0.0,0.5419485457572969,0.0,0.5819691,0.0,0.6032148183164494,1,0.14806513
24,3,1,1,5,1,1,40,1.0,1.0,0.48163307,1.0,0.46768532355546333,1.0,0.45617032,1.0,0.48522812176427876,1,6.7386295e-06
34,2,7,1,2,1,1,40,1.0,0.0,0.50429004,0.0,0.5609383701750987,0.0,0.5776235,0.0,0.5020987690377837,1,0.0023770614
20,2,3,3,4,1,1,40,0.0,0.0,0.9947741,0.0,0.9892147211013109,0.0,0.9875847,0.0,0.9894470222177112,0,0.99981624
36,2,0,1,0,1,1,35,0.0,0.0,0.75300646,0.0,0.6870922101930892,0.0,0.74498945,0.0,0.7492192642783739,0,0.80783355
21,2,7,3,4,1,0,16,0.0,0.0,0.9974727,0.0,0.989689073089029,0.0,0.99131984,0.0,0.9899180109183517,0,0.99982977
47,3,0,1,5,1,1,50,1.0,1.0,0.30620366,1.0,0.31438969129843397,1.0,0.33594728,1.0,0.3801869566149233,1,1.0370206e-06
43,3,3,0,0,1,1,35,0.0,0.0,0.9713151,0.0,0.9481784181574977,0.0,0.9573591,0.0,0.9576898621258856,0,0.99977523
44,3,3,1,0,0,1,42,0.0,0.0,0.78926384,0.0,0.7206006870586595,0.0,0.69324774,0.0,0.688730893433606,1,0.4484017
17,2,6,3,2,1,1,20,0.0,0.0,0.9999744,0.0,0.988908642618074,0.0,0.99365383,0.0,0.9892740320000165,0,0.99986553
59,2,3,3,5,1,1,40,0.0,0.0,0.89987457,0.0,0.9469267123168028,0.0,0.96429396,0.0,0.9496483812269406,0,0.999521
35,2,1,0,3,1,1,40,0.0,0.0,0.7827457,0.0,0.6558651547482217,0.0,0.88129133,0.0,0.8973021879379324,0,0.999097
51,2,3,1,0,0,1,40,0.0,0.0,0.77516353,0.0,0.7629594671366072,0.0,0.64312047,0.0,0.6802250298160285,1,0.3973566
49,2,4,1,4,0,1,40,0.0,1.0,0.24859858,1.0,0.4916576639706153,1.0,0.3065663,1.0,0.4612109306612001,1,5.9891412e-05
41,2,3,1,5,1,0,40,0.0,0.0,0.68725157,1.0,0.4424108915963625,0.0,0.5695225,0.0,0.6032148183164494,1,0.11309799
57,0,3,0,5,1,0,40,0.0,0.0,0.9211972,0.0,0.9210435693472606,0.0,0.9186934,0.0,0.9477809196576604,0,0.99989176
39,2,7,0,5,1,0,35,0.0,0.0,0.958303,0.0,0.9692006777799633,0.0,0.98313254,0.0,0.97661004284841,0,0.9999404
33,2,1,1,5,1,1,45,1.0,1.0,0.26383656,1.0,0.26493343312976125,1.0,0.16373521,1.0,0.20861537804017338,1,4.7046407e-07
37,0,3,0,0,1,1,40,0.0,0.0,0.9503957,0.0,0.9526410813436337,0.0,0.9665139,0.0,0.9679168581803899,0,0.99993277
25,2,7,3,4,1,0,40,0.0,0.0,0.98603624,0.0,0.9869991576671626,0.0,0.98708874,0.0,0.9861709950891865,0,0.9998141
37,2,3,2,0,0,1,40,0.0,0.0,0.9755947,0.0,0.9626731607972523,0.0,0.97669816,0.0,0.9790106714445793,0,0.9997533
32,2,3,0,4,1,0,35,0.0,0.0,0.98410225,0.0,0.9818705517155234,0.0,0.99154955,0.0,0.9855351098496185,0,0.99981624
27,2,3,3,0,0,1,40,0.0,0.0,0.9894729,0.0,0.9806113063845955,0.0,0.9885181,0.0,0.9894470222177112,0,0.99980086
26,2,1,3,3,1,1,40,0.0,0.0,0.93447167,0.0,0.9361881198584813,0.0,0.93251336,0.0,0.9400095296132601,0,0.99957186
47,1,7,0,1,0,0,35,0.0,0.0,0.9745367,0.0,0.9673808420654144,0.0,0.98189837,0.0,0.9738167673994745,0,0.9999137
18,2,6,3,4,0,0,24,0.0,0.0,0.9996538,0.0,0.9895062188162426,0.0,0.99693304,0.0,0.9899697592334556,0,0.9998374
52,3,3,1,0,1,1,60,0.0,0.0,0.617712,0.0,0.6167670488372952,0.0,0.6264267,0.0,0.6032148183164494,1,0.047850788
32,2,6,1,0,1,1,40,0.0,0.0,0.9230921,0.0,0.9401718248476436,0.0,0.94862175,0.0,0.9351220137114257,0,0.9964271
37,2,3,1,4,0,1,40,1.0,0.0,0.7986628,0.0,0.85796413305101,0.0,0.7383739,0.0,0.777537829304877,0,0.7411394
59,2,1,1,5,1,1,60,1.0,1.0,0.11198169,1.0,0.1360773017472343,1.0,0.18012208,1.0,0.17734971812946598,1,6.1694186e-07
24,2,1,3,5,1,1,32,0.0,0.0,0.95634925,0.0,0.9655581131137665,0.0,0.96659166,0.0,0.9699410371488052,0,0.9999082
70,1,6,1,1,1,1,20,0.0,0.0,0.9197259,0.0,0.8988399849909628,0.0,0.9487671,0.0,0.8969445133105155,0,0.99905103
58,2,1,0,0,1,1,45,0.0,0.0,0.7380036,0.0,0.6790256986829746,0.0,0.7889123,0.0,0.7313638964661098,0,0.9271675
33,2,4,1,2,1,1,45,1.0,1.0,0.21168125,1.0,0.2528054923241141,1.0,0.2823516,1.0,0.26460227996398666,1,5.422971e-07
27,2,7,1,2,1,1,88,0.0,1.0,0.3737957,1.0,0.38232897264042953,1.0,0.41815662,1.0,0.3303921439505647,1,8.0958216e-07
50,2,0,1,0,1,1,50,1.0,1.0,0.46527642,0.0,0.5213481871530419,0.0,0.54456854,0.0,0.5055583302213683,1,0.003893831
44,0,4,1,2,1,0,40,1.0,1.0,0.24015951,1.0,0.2119147401523347,1.0,0.22323155,1.0,0.24441898908433946,1,6.6403027e-07
38,3,3,1,5,1,1,99,0.0,1.0,0.3698951,0.0,0.5504472508929092,1.0,0.32875282,1.0,0.2798720880966189,1,8.162906e-07
30,2,1,3,2,1,1,45,1.0,0.0,0.81227136,0.0,0.781307692907055,0.0,0.86296815,0.0,0.7953485451552378,0,0.9991836
70,2,1,4,2,1,0,20,0.0,0.0,0.806291,0.0,0.8455408255190147,0.0,0.87072647,0.0,0.6889976156295907,1,0.35283446
46,2,7,1,0,1,1,45,1.0,0.0,0.52744675,1.0,0.458018665638368,1.0,0.49262756,0.0,0.5309679499908395,1,0.030308917
50,0,3,1,0,0,1,40,1.0,0.0,0.71201396,0.0,0.7204649112198593,0.0,0.6838894,0.0,0.6685263095257128,1,0.4173776
45,2,7,3,0,1,0,80,0.0,0.0,0.9125232,0.0,0.921076310486179,0.0,0.89021236,0.0,0.8810990247146409,0,0.9987741
20,1,0,3,1,1,0,32,0.0,0.0,0.9922708,0.0,0.9819524245932693,0.0,0.99192053,0.0,0.979122174963631,0,0.99997616
40,2,1,1,3,1,1,45,1.0,1.0,0.2572416,1.0,0.24081649608773947,1.0,0.28725493,1.0,0.2731488587087305,1,4.89299e-07
73,3,1,1,0,1,1,30,0.0,1.0,0.4835661,0.0,0.5998128637484166,0.0,0.5519265,1.0,0.47519267104342555,1,1.971242e-06
41,2,3,1,0,1,1,40,0.0,0.0,0.76435935,0.0,0.6982123750476055,0.0,0.74590284,0.0,0.7492192642783739,0,0.7818397
50,2,3,0,4,1,1,40,0.0,0.0,0.93934685,0.0,0.9585622532996636,0.0,0.9799814,0.0,0.9819824887897047,0,0.9997696
33,2,3,1,3,1,1,45,1.0,0.0,0.6214656,0.0,0.556698358303644,0.0,0.64470094,0.0,0.6405991659943102,1,0.25714323
19,2,3,3,4,1,0,45,0.0,0.0,0.9927661,0.0,0.9890998251437363,0.0,0.9828004,0.0,0.9821220594613431,0,0.9997991
53,0,2,1,2,1,1,50,1.0,1.0,0.13332623,1.0,0.12265984520143436,1.0,0.21204746,1.0,0.16318885734803423,1,1.1114675e-05
42,3,0,1,0,0,1,40,0.0,0.0,0.7344769,0.0,0.6280502586366323,0.0,0.6250762,0.0,0.6276184988972298,1,0.26849952
49,3,7,1,3,1,1,70,1.0,1.0,0.3300236,1.0,0.39890466424986737,1.0,0.3221287,1.0,0.3549712048765722,1,6.433855e-07
39,2,3,1,0,1,1,40,1.0,0.0,0.7760285,0.0,0.6982123750476055,0.0,0.7670251,0.0,0.7492192642783739,0,0.8142412
48,2,3,1,3,1,1,50,0.0,1.0,0.4157896,1.0,0.44821114354993064,0.0,0.6085435,0.0,0.5416101856000661,1,0.020918401
40,2,1,0,5,1,0,20,0.0,0.0,0.89770675,0.0,0.9235443947452527,0.0,0.96888113,0.0,0.9664435693132375,0,0.9999244
40,0,4,0,2,1,0,20,0.0,0.0,0.8301376,0.0,0.8888998893401676,0.0,0.94891953,0.0,0.9543141688980008,0,0.99996436
24,2,4,3,5,1,1,90,0.0,0.0,0.653157,1.0,0.3266240458198554,1.0,0.30090064,1.0,0.4288830233734069,1,0.0040510506
39,2,0,1,0,1,1,40,0.0,0.0,0.6439686,0.0,0.6044789158550797,0.0,0.67717415,0.0,0.6440673257910199,1,0.28679654
30,2,3,3,0,0,0,45,0.0,0.0,0.983966,0.0,0.9733654681302063,0.0,0.9794593,0.0,0.9798850381716767,0,0.99977976
33,2,3,3,5,1,1,40,0.0,0.0,0.964809,0.0,0.9783337928867775,0.0,0.9855363,0.0,0.9798704697182886,0,0.9998173
39,2,1,1,2,0,1,60,0.0,1.0,0.2801525,1.0,0.22265959843875738,1.0,0.1666404,1.0,0.23961535532059763,1,5.395985e-07
63,2,0,0,5,1,1,40,1.0,0.0,0.7332577,0.0,0.7717361744925426,0.0,0.93080676,0.0,0.8204984979951992,0,0.99933344
36,2,7,3,4,1,1,45,0.0,0.0,0.95235497,0.0,0.9706665408536059,0.0,0.9811399,0.0,0.9767648701725461,0,0.9997203
23,2,7,3,0,1,1,40,0.0,0.0,0.9883467,0.0,0.978352952034527,0.0,0.99344844,0.0,0.9896973455652845,0,0.9998416
51,2,1,1,2,1,1,50,1.0,1.0,0.20654702,1.0,0.22570850216884597,1.0,0.18624216,1.0,0.17359952274845392,1,5.348799e-07
46,2,7,0,3,1,0,40,0.0,0.0,0.95356035,0.0,0.957191940439621,0.0,0.93997633,0.0,0.9705495796238147,0,0.99979645
51,0,4,1,2,1,1,60,1.0,1.0,0.17621922,1.0,0.167960690614258,1.0,0.26477516,1.0,0.25095921267410604,1,6.1955143e-07
23,2,6,3,0,1,0,40,0.0,0.0,0.9973768,0.0,0.9841838367276935,0.0,0.9926591,0.0,0.9894470222177112,0,0.99983835
25,2,1,3,5,1,1,55,0.0,0.0,0.80670846,0.0,0.8408129260076511,0.0,0.74107957,0.0,0.8190130947093022,0,0.989846
36,2,3,0,4,1,0,30,0.0,0.0,0.9835097,0.0,0.9818705517155234,0.0,0.9923543,0.0,0.9855351098496185,0,0.99981827
59,1,4,1,1,1,1,20,0.0,0.0,0.52280295,0.0,0.578896929510707,1.0,0.48570114,0.0,0.5752752873627118,1,0.08288955
44,3,7,1,5,1,1,50,1.0,1.0,0.38424265,1.0,0.36049426972841425,1.0,0.3273241,1.0,0.3521814815850517,1,1.3377861e-06
53,0,7,1,5,0,0,40,1.0,0.0,0.5740051,0.0,0.6281795006560225,1.0,0.35841155,1.0,0.3980378605118543,1,0.00015545881
41,2,7,1,2,1,1,40,0.0,1.0,0.43713725,1.0,0.408234780933882,1.0,0.32655627,1.0,0.3449538038742237,1,1.5754533e-05
53,3,4,1,3,1,1,65,1.0,1.0,0.17115188,1.0,0.2225402270665915,1.0,0.22959429,1.0,0.2707860095083665,1,5.238325e-07
22,0,7,3,4,1,1,40,0.0,0.0,0.983954,0.0,0.9818890437572075,0.0,0.9428064,0.0,0.9687431270812057,0,0.9999876
47,2,7,1,0,0,1,40,1.0,0.0,0.6791551,0.0,0.6518282264011569,0.0,0.5984794,0.0,0.6307551497623776,1,0.19299641
17,2,6,3,4,1,1,30,0.0,0.0,0.99999106,0.0,0.991450652916462,0.0,0.99571663,0.0,0.9894470222177112,0,0.99983
27,2,3,3,4,1,0,60,0.0,0.0,0.9766234,0.0,0.9851427866696024,0.0,0.9668912,0.0,0.9605382454671976,0,0.9993198
22,2,7,3,3,1,0,30,0.0,0.0,0.9960966,0.0,0.9857313578244267,0.0,0.99538153,0.0,0.9899697592334556,0,0.99985003
41,0,1,3,5,1,1,40,1.0,0.0,0.8324299,0.0,0.9236474340429504,0.0,0.8805037,0.0,0.8990567209013363,0,0.9498909
66,2,0,4,2,1,0,35,0.0,0.0,0.8295058,0.0,0.9130126586269338,0.0,0.9593517,0.0,0.809464275549918,0,0.999951
37,2,3,1,0,1,1,40,0.0,0.0,0.7887966,0.0,0.8164591072876566,0.0,0.8224476,0.0,0.8194254020385872,0,0.92583656
28,0,3,3,5,1,1,20,0.0,0.0,0.98631227,0.0,0.97135643199347,0.0,0.9813739,0.0,0.9769860312597421,0,0.9999757
20,1,6,0,1,1,0,40,0.0,0.0,0.9960445,0.0,0.9796279912763044,0.0,0.9906898,0.0,0.9783967821341897,0,0.9999869
31,0,7,0,5,1,0,40,0.0,0.0,0.9360447,0.0,0.9693712077833756,0.0,0.9757771,0.0,0.971935889325716,0,0.99997604
17,2,6,3,4,1,1,10,0.0,0.0,0.999996,0.0,0.992264836444751,0.0,0.9966202,0.0,0.9899697592334556,0,0.9998394
23,2,7,3,5,1,0,25,0.0,0.0,0.99176437,0.0,0.9881085215997819,0.0,0.9814629,0.0,0.9838241508629151,0,0.9999298
45,0,7,0,5,0,0,35,0.0,0.0,0.9454366,0.0,0.9627775981692988,0.0,0.95434177,0.0,0.9625865278824217,0,0.9999751
45,3,3,1,0,1,1,50,0.0,0.0,0.6861185,0.0,0.6616848239063179,0.0,0.7004422,0.0,0.6651772551082651,1,0.30503392
39,0,4,1,2,1,1,40,1.0,1.0,0.26004952,1.0,0.19954374870557257,1.0,0.24060214,1.0,0.26532415086984673,1,6.7165325e-07
31,2,4,1,3,1,1,76,1.0,1.0,0.15258002,1.0,0.19724193422483272,1.0,0.1601528,1.0,0.230382078207222,1,5.441211e-07
45,3,1,1,2,1,1,30,0.0,1.0,0.43346477,1.0,0.40026052499370346,1.0,0.34412158,1.0,0.3811182715032604,1,7.015129e-07
41,2,6,1,0,1,1,40,0.0,0.0,0.89450115,0.0,0.8986468241515649,0.0,0.899674,0.0,0.9024606956917652,0,0.9920521
39,3,0,1,0,1,1,40,1.0,0.0,0.6513614,0.0,0.7346705788041872,0.0,0.6715389,0.0,0.6690345621888074,1,0.33719823
46,2,6,0,4,1,1,25,0.0,0.0,0.9928088,0.0,0.9702302943565574,0.0,0.99589086,0.0,0.9899697592334556,0,0.99981874
63,2,1,1,3,1,1,40,1.0,1.0,0.2107861,1.0,0.2418399775879505,1.0,0.3364814,1.0,0.254393254916671,1,5.8430936e-07
31,2,6,3,0,1,1,25,0.0,0.0,0.9977204,0.0,0.9817824006374337,0.0,0.99638015,0.0,0.9899697592334556,0,0.99985325
62,1,0,1,0,1,1,50,0.0,0.0,0.5003032,0.0,0.76750715462718,1.0,0.32334894,0.0,0.5269337346270848,1,0.027513655
49,0,3,1,4,1,1,56,0.0,1.0,0.4800889,1.0,0.4890757949635659,0.0,0.5187013,0.0,0.5543559924471098,1,0.019667953
29,2,3,1,3,1,0,40,1.0,0.0,0.8685095,0.0,0.8726808005424431,0.0,0.755143,0.0,0.7492192642783739,0,0.788914
48,2,0,3,5,1,1,40,0.0,0.0,0.83864117,0.0,0.86901269114314,0.0,0.92893595,0.0,0.9354284399208823,0,0.99979407
48,2,0,1,2,1,1,45,0.0,1.0,0.2888853,1.0,0.2685573273615812,1.0,0.40042615,1.0,0.30413465561659914,1,1.0182622e-06
19,1,3,1,1,1,0,36,0.0,0.0,0.94742656,0.0,0.949067027149903,0.0,0.8998827,0.0,0.9452035857809333,0,0.9997619
27,2,3,3,0,0,1,40,0.0,0.0,0.9894729,0.0,0.9806113063845955,0.0,0.9885181,0.0,0.9894470222177112,0,0.99980086
30,2,7,3,0,1,1,40,0.0,0.0,0.97665715,0.0,0.9707418936488321,0.0,0.992018,0.0,0.9863018384576443,0,0.9998394
29,2,1,3,3,1,0,45,0.0,0.0,0.93768454,0.0,0.9477395183925056,0.0,0.8592075,0.0,0.8653232256435475,0,0.99776685
28,1,6,3,1,1,0,38,0.0,0.0,0.99737686,0.0,0.9863284331890112,0.0,0.9921121,0.0,0.9796861305431934,0,0.99998
27,0,3,0,5,1,1,50,0.0,0.0,0.92592,0.0,0.9453760920607239,0.0,0.9423954,0.0,0.9400816158575296,0,0.99989796
18,2,7,3,3,1,0,20,0.0,0.0,0.99874234,0.0,0.9841679694895232,0.0,0.9963974,0.0,0.9899697592334556,0,0.99984884
62,0,3,0,4,1,0,35,0.0,0.0,0.948592,0.0,0.930705188009249,0.0,0.9160442,0.0,0.9477190017841515,0,0.999645
26,2,1,3,3,1,0,48,0.0,0.0,0.9441811,0.0,0.9295959327268293,0.0,0.8654339,0.0,0.860711207927932,0,0.99794036
35,2,3,3,0,1,0,40,0.0,0.0,0.9835065,0.0,0.9832470837809065,0.0,0.98827726,0.0,0.9894470222177112,0,0.9998004
52,2,6,1,0,1,1,30,1.0,0.0,0.9128362,0.0,0.900763911138311,0.0,0.92448527,0.0,0.9024606956917652,0,0.9941251
28,0,3,1,4,1,1,40,0.0,0.0,0.74763036,0.0,0.6825606828081645,0.0,0.83027506,0.0,0.8096661714076477,0,0.86167705
43,3,3,1,5,1,1,35,1.0,0.0,0.68059564,0.0,0.5483171193861418,0.0,0.71429944,0.0,0.6786464485789183,1,0.28645343
29,2,7,1,5,1,1,40,0.0,0.0,0.6363319,0.0,0.6497809843765696,0.0,0.59785616,0.0,0.566742125015939,1,0.10603653
26,3,4,3,2,1,0,50,0.0,0.0,0.84549916,0.0,0.8064221135247335,1.0,0.4327945,0.0,0.8149961319643693,0,0.5128738
63,1,3,1,1,1,1,40,1.0,0.0,0.69534254,0.0,0.751456361101484,0.0,0.6578715,0.0,0.6845947557543907,0,0.5461626
30,2,7,3,4,0,1,40,0.0,0.0,0.98518044,0.0,0.9813607850077195,0.0,0.984118,0.0,0.9861709950891865,0,0.9997969
72,1,6,4,1,1,0,24,0.0,0.0,0.9867824,0.0,0.9711592169189986,0.0,0.99182624,0.0,0.9748607534223949,0,0.9999832
26,2,1,3,3,1,0,40,0.0,0.0,0.9637727,0.0,0.9655620922407313,0.0,0.93251336,0.0,0.9400095296132601,0,0.99957186
34,2,3,1,4,1,1,40,0.0,0.0,0.7862212,0.0,0.7974045060189557,0.0,0.8064543,0.0,0.7931498056313406,0,0.8744486
20,2,7,3,0,1,1,20,0.0,0.0,0.99805796,0.0,0.9901931163143916,0.0,0.99648154,0.0,0.9899697592334556,0,0.99985456
38,3,5,1,2,1,1,45,1.0,1.0,0.15266746,1.0,0.12696774801689326,1.0,0.19627702,1.0,0.17250863018559592,1,5.33599e-07
34,2,6,0,4,1,0,38,0.0,0.0,0.9958975,0.0,0.9801910524111557,0.0,0.9967263,0.0,0.9894470222177112,0,0.99981874
20,1,3,3,1,1,1,40,0.0,0.0,0.9955129,0.0,0.985511211745991,0.0,0.9930134,0.0,0.9725553570639943,0,0.9999832
42,0,2,3,5,1,0,40,1.0,0.0,0.82753944,0.0,0.9083722895891261,0.0,0.6435374,0.0,0.5380706591106496,1,0.019783502
50,3,1,1,3,1,1,8,0.0,0.0,0.6004928,0.0,0.5724697778330161,0.0,0.5177094,0.0,0.5754937066407904,1,0.00047884852
46,0,3,1,0,1,1,40,0.0,0.0,0.67384064,0.0,0.610342983783459,0.0,0.69404197,0.0,0.6685263095257128,1,0.44065943
62,2,7,1,3,0,1,40,1.0,1.0,0.42225236,0.0,0.5319493375127105,0.0,0.58431584,1.0,0.4835620994280527,1,4.090367e-06
28,2,7,1,0,1,1,60,1.0,0.0,0.5985389,0.0,0.7989011738395337,0.0,0.6429689,0.0,0.6307551497623776,1,0.2003759
66,1,6,4,1,0,0,40,0.0,0.0,0.9834735,0.0,0.9599509620003696,0.0,0.98834014,0.0,0.9738240412643921,0,0.99997234
50,2,1,1,5,1,1,50,1.0,1.0,0.14649534,1.0,0.12581720298624988,1.0,0.22637814,1.0,0.1678503809471763,1,5.4968467e-07
26,2,7,3,0,0,1,40,0.0,0.0,0.98638964,0.0,0.9735548049699491,0.0,0.9928271,0.0,0.9896973455652845,0,0.99983954
37,2,4,1,5,1,1,45,1.0,1.0,0.15120798,1.0,0.12458476716593914,1.0,0.21335226,1.0,0.244556772491068,1,5.111302e-07
35,2,3,1,0,1,1,40,0.0,0.0,0.8028288,0.0,0.8285000847613533,0.0,0.8261456,0.0,0.8514576748514968,0,0.9466285
20,2,7,3,4,1,1,30,0.0,0.0,0.9976103,0.0,0.9891460854193236,0.0,0.9925802,0.0,0.9899153546152761,0,0.9998266
51,2,6,1,3,1,1,40,1.0,0.0,0.7755455,0.0,0.8164780650932328,0.0,0.8830313,0.0,0.8602185813859967,0,0.94491184
48,2,3,1,0,1,1,40,0.0,0.0,0.7218474,0.0,0.6568296298807168,0.0,0.7090225,0.0,0.7277306171796802,0,0.6056758
45,2,4,1,2,1,1,55,1.0,1.0,0.14559281,1.0,0.17101543040840805,1.0,0.1897428,1.0,0.1959036470387524,1,5.445271e-07
38,2,0,0,4,1,0,36,0.0,0.0,0.9712421,0.0,0.9538313630168853,0.0,0.99395245,0.0,0.9854531904165189,0,0.9998223
63,2,7,1,3,1,1,30,0.0,0.0,0.52120066,0.0,0.6506141175157509,0.0,0.5052303,0.0,0.5092181089174739,1,0.001376273
51,2,3,1,5,1,1,55,1.0,1.0,0.3269086,1.0,0.3215874190874689,1.0,0.47067022,1.0,0.4957414993598176,1,0.00040374437
57,2,7,1,0,1,0,40,1.0,0.0,0.634272,0.0,0.8467630770520056,0.0,0.51531154,0.0,0.5309679499908395,1,0.028674228
26,2,3,3,4,1,1,40,0.0,0.0,0.9898116,0.0,0.9853246533953721,0.0,0.98827165,0.0,0.985643797636976,0,0.99981505
40,2,7,1,0,1,1,40,0.0,0.0,0.6603614,0.0,0.6589721125139261,0.0,0.69908196,0.0,0.6440673257910199,1,0.41018516
58,0,6,0,4,1,0,40,0.0,0.0,0.97978705,0.0,0.9691338762003593,0.0,0.9258873,0.0,0.9751989369346568,0,0.9999776
57,2,5,1,0,0,1,40,1.0,1.0,0.27290606,1.0,0.30024377565214744,1.0,0.3418308,1.0,0.3120679061336228,1,6.7130816e-07
58,2,3,0,4,1,0,25,0.0,0.0,0.96852493,0.0,0.9602235358987461,0.0,0.9929755,0.0,0.9855313156610583,0,0.9998148
18,2,3,3,2,1,1,30,0.0,0.0,0.9960715,0.0,0.9847548653267949,0.0,0.9900249,0.0,0.9873750258449385,0,0.9998766
55,0,4,1,2,1,0,40,0.0,1.0,0.23083049,1.0,0.18411286026078622,1.0,0.20426065,1.0,0.2110389201354167,1,8.4711047e-07
25,2,3,3,0,0,1,40,0.0,0.0,0.9910045,0.0,0.9809641516465788,0.0,0.9884554,0.0,0.9894470222177112,0,0.9998006
22,2,3,3,4,1,0,40,0.0,0.0,0.9934275,0.0,0.9895928986774607,0.0,0.98768806,0.0,0.9894470222177112,0,0.99981624
39,2,5,3,2,1,0,35,1.0,0.0,0.7550838,0.0,0.8206753003028461,0.0,0.8712051,0.0,0.805761523406904,0,0.999622
32,2,0,3,0,1,1,44,0.0,0.0,0.93973184,0.0,0.9265126780123963,0.0,0.9605984,0.0,0.9387411041116949,0,0.9997557
27,2,6,3,0,1,1,50,0.0,0.0,0.9922653,0.0,0.9663524070380777,0.0,0.98275495,0.0,0.9810567097828234,0,0.99981505
54,3,1,1,3,1,1,50,1.0,1.0,0.24038059,1.0,0.3308876482244376,1.0,0.23755068,1.0,0.2827081630305709,1,5.363776e-07
57,0,7,4,5,1,0,40,0.0,0.0,0.888209,0.0,0.9214667545259264,0.0,0.9697693,0.0,0.9526100187884836,0,0.9954026
58,0,2,3,5,1,0,43,1.0,0.0,0.7195374,0.0,0.6236145703957462,1.0,0.33999848,1.0,0.3582258478603755,1,0.00021753031
25,2,7,1,0,1,1,40,0.0,0.0,0.8033904,0.0,0.8851172233766468,0.0,0.8476143,0.0,0.8534629682551022,0,0.9220907
43,2,7,0,4,1,1,30,0.0,0.0,0.9660325,0.0,0.9542548639434323,0.0,0.9899305,0.0,0.9861709950891865,0,0.99981123
52,2,7,1,3,1,1,40,0.0,1.0,0.46044803,1.0,0.45156308724741057,1.0,0.40540564,1.0,0.48781402094824744,1,0.0005064119
41,2,1,1,5,0,1,50,0.0,1.0,0.24501592,1.0,0.17708946378765233,1.0,0.20365924,1.0,0.14375998271424362,1,5.171809e-07
50,2,3,0,0,1,0,45,0.0,0.0,0.9335429,0.0,0.9471324561930475,0.0,0.93467444,0.0,0.930597877403704,0,0.99959165
50,0,7,1,5,1,1,40,0.0,1.0,0.40966386,1.0,0.3703358227053217,1.0,0.44499975,1.0,0.42556562151708033,1,0.00020003902
59,0,3,0,5,1,0,38,0.0,0.0,0.9400253,0.0,0.9210039191191653,0.0,0.97308856,0.0,0.9626636812754936,0,0.99994135
23,0,7,3,4,1,1,40,0.0,0.0,0.98178726,0.0,0.9790317567000033,0.0,0.94616634,0.0,0.966536776809423,0,0.9999889
19,2,3,3,3,1,1,50,0.0,0.0,0.98938096,0.0,0.9806675362004604,0.0,0.9797042,0.0,0.979510077915437,0,0.99975735
40,2,3,1,3,1,1,60,1.0,1.0,0.42766201,0.0,0.5029084807659859,0.0,0.63651717,0.0,0.5540893687182419,1,0.030545428
55,2,0,1,2,1,0,20,0.0,0.0,0.51805276,1.0,0.4098731531949853,0.0,0.6178277,0.0,0.5793125853128189,1,0.0006345955
22,2,7,3,0,1,0,35,0.0,0.0,0.9933773,0.0,0.9897288180908917,0.0,0.99635935,0.0,0.9899697592334556,0,0.9998534
50,0,1,1,2,1,0,40,1.0,1.0,0.32747304,1.0,0.28908901915159735,1.0,0.26309305,1.0,0.21890768932234494,1,4.0449495e-06
27,2,3,1,0,1,1,40,0.0,0.0,0.85672677,0.0,0.8999878471181937,0.0,0.86851865,0.0,0.8831974987593281,0,0.9807011
47,2,7,1,0,1,1,55,1.0,1.0,0.4675297,1.0,0.4559016966981838,0.0,0.518651,1.0,0.4949088791237174,1,0.0029663043
35,2,3,1,3,1,1,40,1.0,0.0,0.70755804,0.0,0.6684727578222356,0.0,0.7435058,0.0,0.7277306171796802,0,0.5864453
85,2,3,4,3,1,1,35,0.0,0.0,0.8768822,0.0,0.9176436638869667,0.0,0.9149665,0.0,0.9180414456773274,0,0.99850154
56,2,3,3,5,1,0,38,0.0,0.0,0.96915984,0.0,0.9621898405253266,0.0,0.96039414,0.0,0.9752950194062305,0,0.99973625
61,2,3,0,5,1,0,40,0.0,0.0,0.9130161,0.0,0.9417800025513942,0.0,0.934099,0.0,0.9139785076295719,0,0.9991936
56,2,1,1,5,1,1,42,1.0,1.0,0.14710593,1.0,0.13417190694911285,1.0,0.23028481,1.0,0.17734971812946598,1,5.5103936e-07
30,1,3,3,1,1,1,30,0.0,0.0,0.9925433,0.0,0.9825903163646375,0.0,0.9957242,0.0,0.9791331111871493,0,0.9999821
63,3,4,1,0,1,1,50,0.0,1.0,0.31298536,1.0,0.33472471347700017,1.0,0.36331934,1.0,0.3496547941011283,1,9.80041e-07
21,2,7,3,3,1,1,12,0.0,0.0,0.9982414,0.0,0.9835911320165287,0.0,0.99291927,0.0,0.9899697592334556,0,0.9998454
39,2,6,1,4,1,1,70,0.0,0.0,0.7768511,0.0,0.8132647521220379,0.0,0.7529375,0.0,0.7674614178348953,0,0.783417
37,2,7,1,0,1,1,65,0.0,1.0,0.49467164,0.0,0.5163305928663268,0.0,0.5090221,0.0,0.5125192191314483,1,0.009313505
48,2,3,1,0,1,1,40,0.0,0.0,0.7218474,0.0,0.6568296298807168,0.0,0.7090225,0.0,0.7277306171796802,0,0.6056758
18,2,3,3,4,1,1,25,0.0,0.0,0.9988393,0.0,0.9895318220235824,0.0,0.99228036,0.0,0.9899697592334556,0,0.9998235
22,2,7,3,5,1,1,20,0.0,0.0,0.9936464,0.0,0.988503561074891,0.0,0.9857725,0.0,0.9838241508629151,0,0.9999232
46,2,4,1,2,1,1,50,1.0,1.0,0.14887929,1.0,0.17425782095385045,1.0,0.20658195,1.0,0.23158209067697755,1,5.5160086e-07
23,2,1,3,0,1,1,40,0.0,0.0,0.9616611,0.0,0.9617797665160152,0.0,0.9589237,0.0,0.951331347119149,0,0.99974257
41,2,0,1,3,1,1,60,1.0,1.0,0.3339386,1.0,0.3326722230109709,1.0,0.33814174,1.0,0.4415248864598833,1,2.5578169e-05
40,2,6,1,5,1,1,40,1.0,0.0,0.7781185,0.0,0.7347159624167388,0.0,0.8694506,0.0,0.8825462927461009,0,0.9783014
36,0,3,0,5,1,0,40,0.0,0.0,0.953103,0.0,0.9694916127160045,0.0,0.9629859,0.0,0.9652489554778859,0,0.99993813
44,3,1,3,3,1,1,50,1.0,0.0,0.76518786,0.0,0.703020630634535,0.0,0.7093568,0.0,0.6281361199782451,1,0.4714867
51,2,7,4,2,1,0,40,0.0,0.0,0.8573107,0.0,0.8804684882956042,0.0,0.973189,0.0,0.8363548832504423,0,0.9999924
62,0,1,1,2,1,0,40,0.0,1.0,0.32658732,1.0,0.32949572250479564,1.0,0.24609113,1.0,0.34382039096093653,1,9.326463e-06
56,2,3,4,4,1,0,40,0.0,0.0,0.9522939,0.0,0.9505675819295629,0.0,0.977056,0.0,0.9809020028792715,0,0.99972147
26,1,3,3,1,0,0,40,0.0,0.0,0.9918474,0.0,0.9849225860120677,0.0,0.9896877,0.0,0.9708045858893397,0,0.9999758
26,2,3,3,4,1,1,40,0.0,0.0,0.9898116,0.0,0.9853246533953721,0.0,0.98827165,0.0,0.985643797636976,0,0.99981505
31,2,1,1,4,1,1,43,1.0,1.0,0.40227133,1.0,0.4253863263563271,0.0,0.549196,1.0,0.4477536459075975,1,0.0015445079
44,3,7,1,5,1,1,50,1.0,1.0,0.38424265,1.0,0.36049426972841425,1.0,0.3273241,1.0,0.3521814815850517,1,1.3377861e-06
25,2,1,3,2,1,0,40,0.0,0.0,0.91810876,0.0,0.9620275853192195,0.0,0.943397,0.0,0.9535120733010576,0,0.9998196
61,2,3,1,4,0,1,40,0.0,0.0,0.6595328,0.0,0.7271062931921319,0.0,0.66893446,0.0,0.6255513479812433,1,0.17553827
31,2,6,1,0,1,0,42,0.0,0.0,0.9181734,0.0,0.9176454989002057,0.0,0.89567727,0.0,0.8935579895761615,0,0.99240005
41,0,1,2,2,0,0,40,0.0,0.0,0.80243677,0.0,0.6676978048957646,0.0,0.72886384,0.0,0.8936929783397667,0,0.66802156
23,2,3,3,0,1,1,40,0.0,0.0,0.9921758,0.0,0.9833924674745405,0.0,0.988359,0.0,0.9894470222177112,0,0.99980026
62,2,6,1,0,1,1,40,0.0,0.0,0.8467073,0.0,0.8796252417902444,0.0,0.8758666,0.0,0.855862294285981,0,0.95222133
43,3,3,1,0,1,1,45,0.0,0.0,0.72287107,0.0,0.6693263888835375,0.0,0.6902752,0.0,0.688730893433606,1,0.44083092
25,3,1,3,5,0,0,20,0.0,0.0,0.97705126,0.0,0.9699112912549922,0.0,0.8930652,0.0,0.9688547605931013,0,0.99998784
25,2,7,3,5,0,1,40,0.0,0.0,0.97625154,0.0,0.9816499641791533,0.0,0.98809785,0.0,0.979396889613158,0,0.9999348
23,2,7,3,5,1,1,45,0.0,0.0,0.95989084,0.0,0.9783640531813844,0.0,0.97070163,0.0,0.9751989369346568,0,0.99991655
27,2,3,1,3,1,1,45,0.0,0.0,0.69868684,0.0,0.6622786026800866,0.0,0.74334127,0.0,0.7267323667715737,0,0.5275641
34,0,7,3,0,1,1,40,0.0,0.0,0.9645186,0.0,0.9678606200583412,0.0,0.9834663,0.0,0.9760086746251341,0,0.99999344
21,2,1,3,3,1,1,30,0.0,0.0,0.984819,0.0,0.9760559947680358,0.0,0.9909165,0.0,0.9841957799798516,0,0.9998167
27,2,7,1,0,1,1,45,0.0,0.0,0.69250274,0.0,0.8166449587772927,0.0,0.71392703,0.0,0.6943729175455341,0,0.58280677
50,2,7,0,2,1,0,40,0.0,0.0,0.8802625,0.0,0.9027866611697107,0.0,0.94354683,0.0,0.8599037483294202,0,0.9999819
45,0,2,1,2,1,1,40,1.0,1.0,0.17009997,1.0,0.137360999712122,1.0,0.16557974,1.0,0.15913158693523555,1,1.1707844e-05
59,0,0,0,2,1,0,50,0.0,0.0,0.79772425,0.0,0.7615797988453108,0.0,0.91501975,0.0,0.9154639640276859,0,0.9734355
54,1,3,0,1,1,0,25,0.0,0.0,0.96714824,0.0,0.9414793587877819,0.0,0.96525556,0.0,0.9723012957404642,0,0.9999497
40,2,7,1,0,1,1,52,0.0,0.0,0.51856434,1.0,0.4773721051893145,1.0,0.46341646,0.0,0.5356704517486593,1,0.02668023
34,2,7,1,0,1,1,40,0.0,0.0,0.7106384,0.0,0.7336674494282687,0.0,0.69349873,0.0,0.7301202781336622,0,0.73095447
65,2,3,1,5,1,1,40,1.0,1.0,0.39834762,1.0,0.39856717924858087,1.0,0.41177267,0.0,0.5277608128365854,1,0.0013341816
17,2,6,3,4,1,1,16,0.0,0.0,0.9999946,0.0,0.992264836444751,0.0,0.99637914,0.0,0.9896973455652845,0,0.99983704
37,0,1,1,2,1,0,50,1.0,1.0,0.2933951,1.0,0.2706592540912266,1.0,0.32281232,1.0,0.30206213171464935,1,3.8025764e-06
43,1,1,1,1,1,1,40,0.0,0.0,0.62779653,0.0,0.6492118220946448,1.0,0.4349174,0.0,0.5892347824674322,1,0.040567305
26,2,1,3,3,1,0,55,0.0,0.0,0.93329716,0.0,0.9295959327268293,0.0,0.7005185,0.0,0.7522803746118137,0,0.9672149
44,3,1,1,5,0,1,48,1.0,1.0,0.30270338,1.0,0.33661849610000527,1.0,0.23195916,1.0,0.23343330728900735,1,5.304412e-07
17,2,6,3,3,1,0,18,0.0,0.0,0.999992,0.0,0.9889400705896604,0.0,0.99640495,0.0,0.9899697592334556,0,0.99984777
24,2,7,3,4,1,0,20,0.0,0.0,0.9958637,0.0,0.9894253245275266,0.0,0.99047256,0.0,0.9899180109183517,0,0.99982846
33,2,6,1,0,1,1,50,0.0,0.0,0.87767345,0.0,0.8866304877809322,0.0,0.89695406,0.0,0.8913691110960239,0,0.97822565
44,2,3,1,3,1,1,60,0.0,1.0,0.3915485,1.0,0.44958727311373015,0.0,0.51322246,0.0,0.5277608128365854,1,0.008964947
24,2,0,3,4,0,0,40,0.0,0.0,0.9872978,0.0,0.9859278885024322,0.0,0.9899983,0.0,0.9855313156610583,0,0.9998184
23,2,6,3,0,1,1,55,0.0,0.0,0.99395037,0.0,0.9722865225717117,0.0,0.98205703,0.0,0.9797648957120151,0,0.999813
33,2,3,1,0,1,0,40,0.0,0.0,0.8262201,0.0,0.8350361162777992,0.0,0.8508402,0.0,0.8514576748514968,0,0.9541912
45,3,2,1,2,1,1,60,1.0,1.0,0.16034377,1.0,0.20734303546021837,1.0,0.27510095,1.0,0.14418876442260475,1,1.2274729e-06
43,2,7,0,0,1,1,40,0.0,0.0,0.92118967,0.0,0.9268903074462375,0.0,0.9531294,0.0,0.979291268642183,0,0.99981016
22,2,3,3,5,1,0,10,0.0,0.0,0.997213,0.0,0.9885209850397081,0.0,0.9946806,0.0,0.9899697592334556,0,0.9998462
39,2,3,1,5,1,1,40,1.0,0.0,0.5830653,0.0,0.5419485457572969,0.0,0.5819691,0.0,0.6032148183164494,1,0.14806513
40,0,1,0,4,1,0,40,1.0,0.0,0.8771146,0.0,0.939590729833921,0.0,0.95735955,0.0,0.9102239730751887,0,0.9999219
44,0,0,3,0,1,1,44,0.0,0.0,0.9086298,0.0,0.9130860148077012,0.0,0.9440321,0.0,0.9680787106159636,0,0.99996674
35,2,1,3,2,1,1,40,0.0,0.0,0.82486105,0.0,0.8283825675826815,0.0,0.8793147,0.0,0.8638418539836716,0,0.99987185
28,2,3,1,5,1,1,40,0.0,0.0,0.718232,0.0,0.7598717301797708,0.0,0.7842638,0.0,0.7492192642783739,0,0.6822579
37,3,3,1,0,1,1,40,0.0,0.0,0.81108093,0.0,0.7671097284795567,0.0,0.7926374,0.0,0.7492192642783739,0,0.7365962
28,2,3,3,0,1,1,30,0.0,0.0,0.994682,0.0,0.9861234513580673,0.0,0.99204075,0.0,0.9899697592334556,0,0.9998203
58,2,0,0,5,1,0,60,0.0,0.0,0.79809594,0.0,0.8789370233108708,0.0,0.71479374,0.0,0.5982310619025055,1,0.12990603
22,2,3,3,4,1,1,40,0.0,0.0,0.99306566,0.0,0.9874881804369883,0.0,0.98768806,0.0,0.9894470222177112,0,0.99981624
59,2,1,3,0,1,1,50,0.0,0.0,0.7715476,0.0,0.7237733871635499,0.0,0.7971002,0.0,0.6147213053166722,0,0.52194035
45,2,7,1,5,1,0,40,0.0,0.0,0.53657675,1.0,0.47922132116555005,0.0,0.55679715,1.0,0.4299803673093259,1,1.0462696e-05
61,2,0,1,5,1,1,40,0.0,1.0,0.29577672,1.0,0.4226591531732823,1.0,0.3136962,1.0,0.30199830246946635,1,6.171066e-07
44,2,1,0,3,1,0,35,0.0,0.0,0.8993643,0.0,0.9435766059314035,0.0,0.9263175,0.0,0.9042219444960401,0,0.99960846
46,3,1,0,5,1,0,50,0.0,0.0,0.75259256,0.0,0.805757256370123,0.0,0.7503866,0.0,0.7458636800279825,0,0.6548397
30,2,3,1,0,1,1,50,0.0,0.0,0.7334861,0.0,0.7859611307443839,0.0,0.7483748,0.0,0.7492192642783739,0,0.7502054
34,2,3,3,4,0,0,40,0.0,0.0,0.98751605,0.0,0.9857335135120989,0.0,0.9893966,0.0,0.985643797636976,0,0.9998097
51,3,0,2,3,0,1,30,0.0,0.0,0.8979268,0.0,0.7379239407924205,0.0,0.9492703,0.0,0.8973875751348409,0,0.9988661
59,2,0,1,0,1,1,20,1.0,0.0,0.66312665,0.0,0.7255564321694314,0.0,0.6531183,0.0,0.6440673257910199,1,0.2931036
39,0,1,3,2,1,0,60,0.0,0.0,0.81018287,0.0,0.8520128165720081,0.0,0.81328493,0.0,0.6210948964440384,1,0.022298677
69,2,3,3,0,1,1,40,1.0,0.0,0.94576305,0.0,0.9476562312056525,0.0,0.9394634,0.0,0.9399400586432513,0,0.99963
56,2,4,1,5,1,0,50,0.0,1.0,0.13884139,1.0,0.14939388065571624,1.0,0.18081808,1.0,0.18883823480265638,1,4.8893e-07
37,2,3,1,5,1,1,40,0.0,0.0,0.6032392,0.0,0.6209232743038732,0.0,0.6085237,0.0,0.6307793578535944,1,0.17316377
24,2,6,0,0,1,0,58,0.0,0.0,0.98935825,0.0,0.9595638332394775,0.0,0.9720034,0.0,0.9725090357374676,0,0.9997836
55,3,1,1,5,1,1,40,1.0,1.0,0.2724728,1.0,0.25871308541720717,1.0,0.2485879,1.0,0.2357899352784968,1,6.3487056e-07
45,2,7,0,0,1,1,50,0.0,0.0,0.8665198,0.0,0.8450131455183755,0.0,0.95736414,0.0,0.9395247058967273,0,0.99984837
38,0,4,1,5,1,1,60,1.0,1.0,0.14121884,1.0,0.14624905881928008,1.0,0.23716336,1.0,0.2435739585149218,1,1.2489461e-06
45,2,0,0,5,1,1,50,0.0,0.0,0.72960997,0.0,0.7795521087276597,0.0,0.8901822,0.0,0.834360776096743,0,0.9992155
28,1,7,3,1,0,0,40,0.0,0.0,0.9882622,0.0,0.9818436722290799,0.0,0.9861465,0.0,0.9795032374774746,0,0.9999722
27,3,7,1,4,1,0,50,0.0,0.0,0.670297,0.0,0.7643922078782104,0.0,0.580922,0.0,0.6308887240287087,1,0.18656917
38,0,0,3,2,1,1,40,0.0,0.0,0.9016963,0.0,0.777724782395572,0.0,0.97107553,0.0,0.9257887253531625,0,0.9999914
35,2,3,3,3,1,1,40,1.0,0.0,0.9747927,0.0,0.9761286158390626,0.0,0.9878155,0.0,0.9894470222177112,0,0.9997986
25,2,3,1,0,1,1,40,0.0,0.0,0.87211096,0.0,0.9318686271174813,0.0,0.8936713,0.0,0.8899013461777947,0,0.987663
52,2,0,1,4,1,1,40,1.0,1.0,0.4958498,0.0,0.5008389475263642,1.0,0.40003318,0.0,0.5073194494520594,1,0.019590087
58,3,3,0,3,1,1,50,0.0,0.0,0.8412075,0.0,0.8094024324977118,0.0,0.8848769,0.0,0.854907787862288,0,0.9935719
34,2,3,1,0,1,1,40,0.0,0.0,0.8096643,0.0,0.8260061073058818,0.0,0.8393725,0.0,0.8514576748514968,0,0.9512808
18,2,7,3,2,1,0,40,0.0,0.0,0.9898481,0.0,0.9796533317434064,0.0,0.9766487,0.0,0.976598331993019,0,0.99989474
44,2,1,0,5,1,0,45,0.0,0.0,0.7488949,0.0,0.7267075168814483,0.0,0.60773444,0.0,0.6478099479103872,1,0.2791991
37,2,0,1,3,1,1,40,0.0,0.0,0.54323184,0.0,0.5838307301453052,0.0,0.66346264,0.0,0.5730627653930642,1,0.103145495
33,2,0,1,2,1,1,50,0.0,1.0,0.3531195,1.0,0.37761150295601464,1.0,0.37789375,1.0,0.4106434490666738,1,1.3862335e-05
25,2,1,3,5,1,1,40,0.0,0.0,0.9080087,0.0,0.9376574805076912,0.0,0.93324596,0.0,0.958591550653886,0,0.9998067
30,2,7,3,5,1,0,30,0.0,0.0,0.98422647,0.0,0.986610707893536,0.0,0.97615236,0.0,0.9779150750591122,0,0.99995387
19,1,6,1,1,1,0,40,1.0,0.0,0.9758615,0.0,0.9524789230256424,0.0,0.94341034,0.0,0.9698342595654706,0,0.9999633
45,3,5,1,2,1,1,43,1.0,1.0,0.14396524,1.0,0.12627410329034516,1.0,0.18570298,1.0,0.16272322169200149,1,6.0684147e-07
23,2,7,3,3,1,0,35,0.0,0.0,0.99497217,0.0,0.9850402499768789,0.0,0.9949011,0.0,0.9899697592334556,0,0.99984896
21,2,7,3,5,1,1,40,0.0,0.0,0.9827432,0.0,0.9864228220021943,0.0,0.99054104,0.0,0.9832932887117538,0,0.9999305
44,0,1,4,5,1,0,40,1.0,0.0,0.8334321,0.0,0.8870639631737399,0.0,0.88856155,0.0,0.9013176868035594,0,0.8951901
29,3,6,1,0,1,1,72,0.0,0.0,0.87808746,0.0,0.806987226004455,0.0,0.81319207,0.0,0.8336798780044395,0,0.92248785
46,2,7,1,0,1,1,40,0.0,0.0,0.614899,0.0,0.6151284267507521,0.0,0.60920346,0.0,0.6342640684749676,1,0.21110936
35,0,3,1,0,1,1,40,0.0,0.0,0.7354307,0.0,0.7030908477042942,0.0,0.7966125,0.0,0.7092627686365778,0,0.6520119
20,2,3,3,0,0,1,40,0.0,0.0,0.9951719,0.0,0.9809641516465788,0.0,0.98805225,0.0,0.9894470222177112,0,0.9997993
25,2,0,0,5,0,0,45,0.0,0.0,0.94452643,0.0,0.9460704343453131,0.0,0.9347684,0.0,0.9592031505800953,0,0.99968433
26,2,1,1,2,1,0,45,1.0,1.0,0.34805816,1.0,0.4440698141434979,1.0,0.3773811,1.0,0.3225857045857655,1,9.2497737e-07
24,2,1,3,5,1,0,40,0.0,0.0,0.93828696,0.0,0.9770477219604385,0.0,0.9428138,0.0,0.9664435693132375,0,0.9998276
27,2,3,1,0,1,1,99,0.0,0.0,0.52427554,0.0,0.658080719303695,0.0,0.60819954,0.0,0.502230706712216,1,0.0018086421
55,2,3,1,5,0,1,55,0.0,1.0,0.3739012,1.0,0.32731550581947944,1.0,0.3633855,1.0,0.4741579875282247,1,0.00014833959
35,2,3,1,0,1,1,40,0.0,0.0,0.8028288,0.0,0.8285000847613533,0.0,0.8261456,0.0,0.8514576748514968,0,0.9466285
64,0,7,1,5,1,0,40,1.0,1.0,0.48838526,0.0,0.5312857855163933,1.0,0.42874587,1.0,0.38338154585944073,1,5.5767534e-05
33,2,1,2,2,1,1,35,0.0,0.0,0.8448011,0.0,0.8265756940874688,0.0,0.95064056,0.0,0.9206917421043187,0,0.9995987
18,2,6,3,3,1,1,13,0.0,0.0,0.9997778,0.0,0.9879069798338617,0.0,0.9968909,0.0,0.9899697592334556,0,0.99985135
30,2,7,2,0,1,1,20,0.0,0.0,0.98600864,0.0,0.9643017614541464,0.0,0.99629825,0.0,0.9899697592334556,0,0.99983823
41,0,0,0,2,1,0,40,0.0,0.0,0.89216435,0.0,0.8665071135500481,0.0,0.9227554,0.0,0.9605217270251633,0,0.99998355
28,2,3,3,0,1,1,35,0.0,0.0,0.9936787,0.0,0.9861234513580673,0.0,0.9918136,0.0,0.9899697592334556,0,0.9998172
27,2,1,3,4,0,0,40,0.0,0.0,0.958403,0.0,0.9747507209088008,0.0,0.97012234,0.0,0.9699860709558773,0,0.9992448
45,2,4,1,4,1,1,18,1.0,1.0,0.43227732,0.0,0.542377749415702,1.0,0.43087918,1.0,0.4644527518658429,1,0.013046055
38,2,1,1,5,1,1,55,1.0,1.0,0.18698114,1.0,0.14222461371865358,1.0,0.20544368,1.0,0.14375998271424362,1,5.1803346e-07
26,2,6,3,0,1,1,40,0.0,0.0,0.9962303,0.0,0.9780355070678147,0.0,0.99239004,0.0,0.9894470222177112,0,0.9998368
28,2,7,1,0,1,1,50,1.0,0.0,0.6437223,0.0,0.753797081640427,0.0,0.6707152,0.0,0.6440673257910199,1,0.38128015
41,2,5,1,2,1,1,45,1.0,1.0,0.11670989,1.0,0.14225833852937542,1.0,0.25328946,1.0,0.20199959310403504,1,5.257328e-07
57,2,2,1,2,0,1,40,1.0,1.0,0.15407693,1.0,0.22066356276946586,1.0,0.15429097,1.0,0.17241880895103745,1,4.5052013e-07
20,2,3,3,5,1,0,40,0.0,0.0,0.9912332,0.0,0.9895188432916793,0.0,0.9899927,0.0,0.9899697592334556,0,0.9998299
38,2,1,1,5,1,1,40,1.0,1.0,0.2884292,1.0,0.22601936040472304,1.0,0.22774142,1.0,0.2592790701005999,1,4.900359e-07
25,2,3,3,5,1,1,45,0.0,0.0,0.9676272,0.0,0.9783696029039216,0.0,0.95258665,0.0,0.9737089557453611,0,0.9997495
31,1,3,4,1,1,0,36,0.0,0.0,0.9802995,0.0,0.9741867129729894,0.0,0.99577904,0.0,0.9791331111871493,0,0.999982
25,2,7,1,3,1,1,40,1.0,0.0,0.7826976,0.0,0.7630022256642918,0.0,0.7034998,0.0,0.7065276043503737,0,0.56130797
49,0,7,1,0,1,1,40,0.0,0.0,0.5838813,0.0,0.6589103695044536,0.0,0.709733,0.0,0.6061963997773709,1,0.066283435
39,2,6,3,4,1,1,40,0.0,0.0,0.99288154,0.0,0.9831873178213956,0.0,0.99642426,0.0,0.9894470222177112,0,0.99981886
23,2,3,3,5,1,0,40,0.0,0.0,0.98783344,0.0,0.9887801953392277,0.0,0.98981935,0.0,0.9899697592334556,0,0.99983084
61,0,7,1,5,1,0,30,0.0,0.0,0.6148219,0.0,0.5227826276658829,1.0,0.46526527,1.0,0.4148344749624948,1,0.0005643554
48,3,6,1,0,1,1,40,0.0,0.0,0.9012046,0.0,0.8627611915380896,0.0,0.8571025,0.0,0.8733383290272616,0,0.9759755
19,2,3,3,2,1,1,30,0.0,0.0,0.99462223,0.0,0.9844527625495548,0.0,0.9896879,0.0,0.9844114838983946,0,0.9998783
52,2,6,1,0,1,1,40,0.0,0.0,0.8658219,0.0,0.8959980861007817,0.0,0.85201067,0.0,0.8741853458116003,0,0.9673692
43,2,3,1,0,1,1,40,0.0,0.0,0.752521,0.0,0.6982123750476055,0.0,0.72584796,0.0,0.7492192642783739,0,0.76001495
49,2,3,1,0,1,1,40,1.0,0.0,0.7164618,0.0,0.6568296298807168,0.0,0.69563603,0.0,0.705391284429306,0,0.51187533
32,2,3,1,4,1,1,40,0.0,0.0,0.8011858,0.0,0.8063429038605611,0.0,0.84818697,0.0,0.8409292569353357,0,0.917007
49,2,6,0,4,1,0,35,0.0,0.0,0.99303764,0.0,0.977499158283878,0.0,0.9962244,0.0,0.9894470222177112,0,0.999819
47,2,7,3,5,1,0,40,0.0,0.0,0.9333592,0.0,0.9574789493505688,0.0,0.9654159,0.0,0.7292140925252821,0,0.99997246
47,3,1,1,5,1,1,50,1.0,1.0,0.22680795,1.0,0.2756273107629179,1.0,0.22023815,1.0,0.2641875021385395,1,4.855473e-07
57,0,3,0,4,1,0,40,0.0,0.0,0.9326713,0.0,0.9260510897047386,0.0,0.9616223,0.0,0.9371076970899022,0,0.999257
53,2,3,1,0,1,1,40,0.0,0.0,0.694502,0.0,0.5649443162141652,0.0,0.6339659,0.0,0.667714424362824,1,0.29097065
39,2,0,1,4,0,1,40,0.0,0.0,0.6335871,0.0,0.6233356785484472,0.0,0.67704237,0.0,0.6307551497623776,1,0.20602353
61,2,6,1,0,1,1,40,0.0,0.0,0.8485658,0.0,0.8796252417902444,0.0,0.87071264,0.0,0.855862294285981,0,0.95452344
47,2,3,3,5,1,0,40,0.0,0.0,0.9648585,0.0,0.9736971033660058,0.0,0.9602596,0.0,0.9699800296637174,0,0.9996985
18,2,7,3,4,1,1,37,0.0,0.0,0.9980959,0.0,0.9903040829578689,0.0,0.99340475,0.0,0.9899697592334556,0,0.99982435
46,0,1,1,2,1,0,70,0.0,1.0,0.26957947,1.0,0.3250512941019492,1.0,0.32199466,1.0,0.40667078496214093,1,3.7902953e-06
33,2,7,1,2,1,1,40,0.0,0.0,0.51636714,0.0,0.5749456285553878,0.0,0.5615727,0.0,0.5760982949861395,1,0.0029055232
46,2,7,1,0,0,1,40,1.0,0.0,0.68597406,0.0,0.6604881244718539,0.0,0.60920346,0.0,0.6342640684749676,1,0.21110936
44,0,7,1,0,1,1,40,0.0,0.0,0.60696995,0.0,0.6873913361603922,0.0,0.7048372,0.0,0.6123359269585712,1,0.32101518
47,0,0,1,5,1,1,40,1.0,1.0,0.3733158,1.0,0.3568056075145172,1.0,0.23910522,1.0,0.43549159673645765,1,9.190349e-05
49,2,6,1,0,1,1,50,0.0,0.0,0.81854284,0.0,0.83300032959709,0.0,0.8788131,0.0,0.8489331161565628,0,0.94496006
74,2,6,1,0,0,1,20,0.0,0.0,0.910468,0.0,0.896668843757292,0.0,0.8334631,0.0,0.8810845634740132,0,0.9737283
26,2,3,1,0,1,1,40,0.0,0.0,0.86434996,0.0,0.9245526407641094,0.0,0.8824911,0.0,0.8868368665865113,0,0.98454106
38,2,3,3,3,1,0,33,0.0,0.0,0.9917733,0.0,0.9847023704607591,0.0,0.99049515,0.0,0.989972401351476,0,0.99982077
60,2,6,0,4,1,1,40,0.0,0.0,0.9721692,0.0,0.9634642015521275,0.0,0.9943272,0.0,0.9819824887897047,0,0.999813
26,0,7,1,4,1,1,55,1.0,0.0,0.6056954,0.0,0.6425516356084254,0.0,0.6286204,0.0,0.5543559924471098,1,0.032870382
23,2,1,3,5,1,0,40,0.0,0.0,0.9431239,0.0,0.9746800506638542,0.0,0.945621,0.0,0.9669431947965386,0,0.9998312
35,2,3,0,0,1,1,25,0.0,0.0,0.98332334,0.0,0.9745149342926392,0.0,0.99149084,0.0,0.9894470222177112,0,0.9998149
22,2,3,3,3,1,1,20,0.0,0.0,0.9975846,0.0,0.9881382604312366,0.0,0.99174887,0.0,0.9899697592334556,0,0.99983
19,2,7,3,0,1,1,20,0.0,0.0,0.99848574,0.0,0.9901931163143916,0.0,0.9965217,0.0,0.9899697592334556,0,0.99985397
30,0,7,3,2,1,1,40,0.0,0.0,0.95669615,0.0,0.9559708961792719,0.0,0.94423765,0.0,0.9498487922738124,0,0.99999785
66,3,6,1,3,1,1,30,0.0,0.0,0.8406615,0.0,0.8661889215397359,0.0,0.8006282,0.0,0.8340202074280579,0,0.93016
54,2,4,1,2,1,1,60,0.0,1.0,0.12251687,1.0,0.20132622916143006,1.0,0.17605346,1.0,0.17225512814735233,1,5.446164e-07
29,2,5,0,2,1,0,72,0.0,0.0,0.566805,0.0,0.5390736217044818,1.0,0.41106492,0.0,0.6798734066391209,1,1.3010576e-05
44,2,1,1,0,1,1,40,1.0,1.0,0.41096658,1.0,0.46643352563422924,1.0,0.46010745,1.0,0.4647016141912528,1,0.00087655114
33,2,4,1,5,1,1,45,1.0,1.0,0.16908562,1.0,0.2059453876303443,1.0,0.32188225,1.0,0.2528196971187672,1,9.794373e-07
58,2,3,1,5,1,0,40,1.0,0.0,0.60885024,0.0,0.6563046101950569,1.0,0.42544734,0.0,0.5355993011534386,1,0.004095829
19,1,7,3,1,1,1,30,0.0,0.0,0.9981486,0.0,0.9878615556733356,0.0,0.9920308,0.0,0.9793966789580807,0,0.9999802
19,2,7,3,3,1,1,35,0.0,0.0,0.9971274,0.0,0.9848952367000997,0.0,0.99589044,0.0,0.9899697592334556,0,0.9998462
45,2,3,1,0,1,1,60,1.0,0.0,0.54722846,0.0,0.5428278607961374,0.0,0.5595355,0.0,0.5988754903042048,1,0.12772508
27,2,7,3,4,1,0,40,0.0,0.0,0.98427576,0.0,0.9866687213841626,0.0,0.9857174,0.0,0.9861709950891865,0,0.9998074
20,2,7,3,3,1,1,40,0.0,0.0,0.9925718,0.0,0.9770238649566587,0.0,0.9920288,0.0,0.9899697592334556,0,0.9998305
42,3,3,1,0,1,1,45,0.0,0.0,0.728683,0.0,0.6830030761479713,0.0,0.6953491,0.0,0.688730893433606,1,0.45473754
20,1,6,1,1,1,0,39,0.0,0.0,0.9780649,0.0,0.9538755086451459,0.0,0.9655906,0.0,0.9700663446293892,0,0.9999745
31,2,3,3,3,1,1,40,0.0,0.0,0.98018986,0.0,0.9800300181201926,0.0,0.98846865,0.0,0.9899697592334556,0,0.9998006
38,2,1,2,2,1,1,40,0.0,0.0,0.7577674,0.0,0.7556105440848968,0.0,0.84808123,0.0,0.6935096234365337,1,0.33402386
50,2,3,0,3,1,0,65,0.0,0.0,0.90922725,0.0,0.9320652675657876,0.0,0.882062,0.0,0.8445900124942264,0,0.99061286
61,2,7,1,0,1,1,40,0.0,0.0,0.53624195,0.0,0.5862973021665557,1.0,0.48766476,0.0,0.525565208466791,1,0.010978211
36,0,4,0,2,1,1,30,0.0,0.0,0.80441064,0.0,0.6843930609326252,0.0,0.88790786,0.0,0.9458153401268008,0,0.99994934
52,1,3,0,1,1,1,45,1.0,0.0,0.9392285,0.0,0.9069164254138058,0.0,0.9562936,0.0,0.8952304084973843,0,0.999469
51,1,6,1,1,0,1,8,0.0,0.0,0.96216476,0.0,0.9313004919761576,0.0,0.99057,0.0,0.9717739619271848,0,0.9999522
43,2,7,0,2,0,0,40,0.0,0.0,0.91509634,0.0,0.8987189638679872,0.0,0.9028586,0.0,0.9359055007550021,0,0.9999628
35,0,1,2,5,1,1,42,0.0,0.0,0.7882264,1.0,0.4901148228582065,0.0,0.6503074,0.0,0.7891111075207644,1,0.45853528
34,2,7,1,5,1,0,40,1.0,0.0,0.6374755,1.0,0.4986438433970539,0.0,0.5148519,0.0,0.5090930257142975,1,0.01091467
25,2,1,3,2,1,0,40,0.0,0.0,0.91810876,0.0,0.9620275853192195,0.0,0.943397,0.0,0.9535120733010576,0,0.9998196
26,2,1,3,2,1,0,40,1.0,0.0,0.9130111,0.0,0.959631863734987,0.0,0.94251966,0.0,0.9548236128216758,0,0.99984324
38,3,7,1,5,1,0,45,0.0,0.0,0.5020687,0.0,0.6728889914520643,1.0,0.31013346,1.0,0.4526793822368298,1,5.9394793e-06
32,2,3,3,0,1,1,40,0.0,0.0,0.98393226,0.0,0.9806113063845955,0.0,0.9885155,0.0,0.9894470222177112,0,0.999801
34,2,1,0,5,1,1,85,1.0,1.0,0.4958368,1.0,0.37647588279315125,0.0,0.52191794,1.0,0.47837906395475505,1,0.0002991531
56,0,4,1,2,1,1,35,1.0,1.0,0.26856935,1.0,0.2500297676664174,1.0,0.27294993,1.0,0.2943295340228964,1,6.987373e-07
36,2,0,3,4,0,1,40,1.0,0.0,0.9642318,0.0,0.9766961657002654,0.0,0.97352713,0.0,0.9854531904165189,0,0.9997918
20,2,7,2,4,1,0,30,0.0,0.0,0.99218756,0.0,0.989270655670788,0.0,0.9872873,0.0,0.9862785733281639,0,0.9998159
58,2,3,1,0,1,1,60,1.0,1.0,0.47781348,1.0,0.4700049811838276,0.0,0.59640545,0.0,0.5355993011534386,1,0.017815419
62,2,3,1,2,1,1,40,1.0,1.0,0.41696095,1.0,0.46445461995841353,0.0,0.5272771,0.0,0.5056248516003692,1,0.0008129463
20,0,7,3,4,1,0,20,0.0,0.0,0.99702007,0.0,0.9886204379570137,0.0,0.95481473,0.0,0.9780245072281921,0,0.9999856
25,2,6,3,0,1,1,40,0.0,0.0,0.99658936,0.0,0.9792740072697205,0.0,0.99247444,0.0,0.9894470222177112,0,0.9998373
29,2,1,1,3,1,1,55,0.0,1.0,0.32166862,1.0,0.27075791361088686,1.0,0.23788053,1.0,0.2641681141932726,1,7.5668186e-07
27,2,1,1,3,1,1,55,0.0,1.0,0.3498296,1.0,0.28417704896434115,1.0,0.305745,1.0,0.3344155475407765,1,2.064749e-06
54,2,6,1,0,1,1,40,0.0,0.0,0.86200166,0.0,0.8938348441663115,0.0,0.85467076,0.0,0.8666959322029391,0,0.963839
25,2,1,3,5,1,0,40,0.0,0.0,0.9336535,0.0,0.9728228899920904,0.0,0.93324596,0.0,0.958591550653886,0,0.9998067
24,0,1,3,2,1,0,20,0.0,0.0,0.9736695,0.0,0.9554184811490257,0.0,0.93944705,0.0,0.9566847271960354,0,0.999997
70,1,0,4,1,1,0,35,0.0,0.0,0.93869317,0.0,0.9559585290982436,0.0,0.94780475,0.0,0.895799741802366,0,0.99351645
19,2,7,3,4,1,1,25,0.0,0.0,0.9983303,0.0,0.9903040829578689,0.0,0.9931148,0.0,0.9899153546152761,0,0.9998267
37,2,3,0,0,1,1,50,0.0,0.0,0.9314786,0.0,0.9354789009889305,0.0,0.94129705,0.0,0.933777320190848,0,0.9996402
28,2,3,1,0,1,1,40,0.0,0.0,0.84946835,0.0,0.8915321525045957,0.0,0.8635098,0.0,0.8737517909641446,0,0.97557324
51,0,3,0,5,1,0,8,0.0,0.0,0.97726035,0.0,0.9261785423337165,0.0,0.98581934,0.0,0.9768788286837273,0,0.99998665
45,2,3,0,5,1,0,40,0.0,0.0,0.9372448,0.0,0.9714763958503762,0.0,0.9358625,0.0,0.9533127576907828,0,0.9996259
56,2,3,2,0,1,1,40,0.0,0.0,0.9556998,0.0,0.937576017612167,0.0,0.9330777,0.0,0.9442695024754441,0,0.99955386
21,2,7,3,3,1,1,35,0.0,0.0,0.99535835,0.0,0.9831899388308786,0.0,0.99564946,0.0,0.9899697592334556,0,0.9998472
28,2,6,1,0,1,1,42,0.0,0.0,0.9156171,0.0,0.9373168264003154,0.0,0.9026779,0.0,0.9024606956917652,0,0.99456376
41,0,7,1,5,0,1,40,0.0,0.0,0.51019466,0.0,0.5806510497099961,1.0,0.4441545,1.0,0.4769050610291308,1,0.0034087384
38,0,2,1,2,1,0,40,1.0,1.0,0.19249606,1.0,0.21697304206917178,1.0,0.19400096,1.0,0.32877769678359137,1,1.03313605e-05
35,2,3,1,0,1,1,40,1.0,0.0,0.8028288,0.0,0.8285000847613533,0.0,0.8261456,0.0,0.8514576748514968,0,0.9466285
23,2,6,3,4,1,0,40,0.0,0.0,0.9979514,0.0,0.9874920580281417,0.0,0.99668366,0.0,0.9894470222177112,0,0.99982184
58,2,1,3,2,1,0,62,0.0,0.0,0.6910398,0.0,0.7091696605078781,1.0,0.34689343,0.0,0.5968037935935999,1,4.250834e-06
67,1,3,1,1,0,1,20,0.0,0.0,0.7588514,0.0,0.8185716770630651,0.0,0.89914453,0.0,0.8725622215595743,0,0.94031715
23,3,3,3,0,1,1,40,0.0,0.0,0.9901836,0.0,0.9742793695938509,0.0,0.97164947,0.0,0.9760637904953503,0,0.99976474
48,3,7,3,4,1,1,40,0.0,0.0,0.9422737,0.0,0.9429716923110154,0.0,0.90941924,0.0,0.9401563041628229,0,0.99979776
44,2,7,2,4,1,0,38,0.0,0.0,0.97069865,0.0,0.9789741897413937,0.0,0.97303927,0.0,0.9789991391355811,0,0.9996886
38,2,3,2,0,1,0,35,0.0,0.0,0.9828262,0.0,0.9813721015791197,0.0,0.9852314,0.0,0.9894470222177112,0,0.99979264
61,2,6,1,0,1,1,54,0.0,0.0,0.7805966,0.0,0.7785414926744151,0.0,0.7526664,0.0,0.7723129182333668,0,0.7844746
30,2,3,0,4,1,0,32,0.0,0.0,0.98622143,0.0,0.9813660445356945,0.0,0.99158096,0.0,0.9855351098496185,0,0.999818
39,1,6,3,1,0,0,40,0.0,0.0,0.99471426,0.0,0.9806731543689888,0.0,0.99193394,0.0,0.9796861305431934,0,0.99997747
29,2,3,3,0,1,1,40,0.0,0.0,0.98651737,0.0,0.9806113063845955,0.0,0.98855126,0.0,0.9894470222177112,0,0.999801
53,2,1,1,5,0,1,40,1.0,1.0,0.25464237,1.0,0.2781990910772577,1.0,0.2293483,1.0,0.2118215428638438,1,5.3725705e-07
27,2,3,3,3,1,1,40,0.0,0.0,0.9853917,0.0,0.9795435673123509,0.0,0.98889196,0.0,0.9899697592334556,0,0.9998022
20,0,7,3,4,1,1,40,0.0,0.0,0.98811245,0.0,0.9828571126891176,0.0,0.9376738,0.0,0.9771143988485999,0,0.9999844
30,2,1,3,3,1,0,65,0.0,0.0,0.9029601,0.0,0.9050972428705124,1.0,0.38653827,0.0,0.5405399682476038,1,0.24163128
31,2,3,1,0,1,1,40,0.0,0.0,0.8297204,0.0,0.8260061073058818,0.0,0.8615097,0.0,0.8514576748514968,0,0.9572957
26,2,7,3,0,0,1,44,0.0,0.0,0.97860277,0.0,0.9625473871012243,0.0,0.97892326,0.0,0.9834647734780037,0,0.99981326
19,0,7,3,5,1,1,15,0.0,0.0,0.9955125,0.0,0.9884700071747509,0.0,0.95165485,0.0,0.9543929551580297,0,0.9999939
39,2,1,1,5,1,1,40,1.0,1.0,0.28016996,1.0,0.20037442662527505,1.0,0.19653684,1.0,0.24740117469102585,1,4.7331633e-07
34,1,6,2,1,0,0,40,0.0,0.0,0.9919519,0.0,0.9704664070526511,0.0,0.99243355,0.0,0.9796861305431934,0,0.9999758
22,2,7,3,0,1,1,30,0.0,0.0,0.9959707,0.0,0.9895139350394925,0.0,0.9963739,0.0,0.9899697592334556,0,0.9998543
36,1,0,0,1,1,1,50,0.0,0.0,0.9212376,0.0,0.9292543393294204,0.0,0.89349234,0.0,0.9382417986852061,0,0.99812835
21,2,7,3,3,1,0,55,0.0,0.0,0.9834597,0.0,0.9737913339264156,0.0,0.9524486,0.0,0.9507184036565034,0,0.99975985
25,2,1,3,0,1,1,40,0.0,0.0,0.9535196,0.0,0.959922187030838,0.0,0.95760226,0.0,0.951331347119149,0,0.9997278
40,2,3,3,0,0,1,40,0.0,0.0,0.97994375,0.0,0.9776133682287683,0.0,0.98666793,0.0,0.9894470222177112,0,0.99979633
53,2,1,1,2,1,1,40,1.0,1.0,0.24869889,1.0,0.22219635801446658,1.0,0.2854069,1.0,0.20199959310403504,1,5.535338e-07
32,2,3,1,4,1,1,54,0.0,0.0,0.6613153,0.0,0.6618023993719626,0.0,0.6681004,0.0,0.6440673257910199,1,0.34009334
38,3,3,1,0,1,1,40,1.0,0.0,0.80622023,0.0,0.7671097284795567,0.0,0.7783321,0.0,0.7232939487563508,0,0.705705
22,2,3,3,0,1,1,40,0.0,0.0,0.99313945,0.0,0.9833924674745405,0.0,0.9882902,0.0,0.9894470222177112,0,0.99980015
39,0,7,1,5,1,1,40,1.0,1.0,0.4739105,1.0,0.4875487649724157,1.0,0.4905941,0.0,0.6002583092861369,1,0.004555676
48,2,3,1,5,1,0,40,0.0,0.0,0.64845884,0.0,0.5760818009437033,0.0,0.6163763,0.0,0.5494164969838116,1,0.032481186
26,2,3,1,0,1,1,48,0.0,0.0,0.7942446,0.0,0.8543948338155426,0.0,0.8165281,0.0,0.8194254020385872,0,0.91513354
24,2,7,3,5,1,0,30,0.0,0.0,0.98966616,0.0,0.9881194252093694,0.0,0.9806588,0.0,0.9832932887117538,0,0.9999374
23,2,1,3,5,1,1,40,0.0,0.0,0.92573655,0.0,0.9528825431425586,0.0,0.945621,0.0,0.9669431947965386,0,0.9998312
32,0,0,0,5,0,0,40,0.0,0.0,0.94263524,0.0,0.8846605106608284,0.0,0.9720388,0.0,0.9671855603867586,0,0.9999665
35,2,7,1,0,1,1,40,0.0,0.0,0.7014741,0.0,0.7336674494282687,0.0,0.70502913,0.0,0.7301202781336622,0,0.67219585
40,2,1,3,4,1,1,37,0.0,0.0,0.9389378,0.0,0.9623020722522188,0.0,0.9330869,0.0,0.970936833831769,0,0.9995678
25,2,7,2,5,1,0,40,0.0,0.0,0.9464046,0.0,0.9768083692468744,0.0,0.96047837,0.0,0.9718778216710049,0,0.999856
33,0,2,1,2,1,0,48,1.0,1.0,0.18091655,1.0,0.2075051076096447,1.0,0.26020217,1.0,0.16910415714699534,1,7.462436e-06
43,0,4,0,2,1,0,40,0.0,0.0,0.75220424,0.0,0.8578241908140454,0.0,0.88978326,0.0,0.8746180860625101,0,0.96952707
44,2,7,0,0,1,1,42,0.0,0.0,0.8918081,0.0,0.9014795308652679,0.0,0.94861716,0.0,0.9671214387794419,0,0.99983263
41,2,3,0,0,1,1,48,0.0,0.0,0.9277546,0.0,0.9322564497817236,0.0,0.9397831,0.0,0.9399400586432513,0,0.99965715
37,3,1,1,3,1,0,50,0.0,1.0,0.40884346,0.0,0.5013187848222181,1.0,0.34776127,1.0,0.3454802747312732,1,7.2531947e-07
43,3,1,3,3,1,1,45,0.0,0.0,0.79817796,0.0,0.7366008978173251,0.0,0.7934242,0.0,0.7352380327771944,0,0.7739772
29,0,0,1,4,1,1,40,1.0,0.0,0.6313663,0.0,0.6258530697274024,0.0,0.6372757,0.0,0.6792780906449511,1,0.41520542
23,2,6,3,3,1,0,25,0.0,0.0,0.9991822,0.0,0.9863660328033736,0.0,0.99667025,0.0,0.9899697592334556,0,0.99985087
65,2,1,1,5,1,1,34,0.0,1.0,0.22667843,1.0,0.34534283238331853,1.0,0.2474792,1.0,0.26346817050828664,1,5.686798e-07
51,0,4,1,2,1,1,80,1.0,1.0,0.16710663,1.0,0.21277057941382505,1.0,0.3012172,1.0,0.2357130554119098,1,7.1973466e-07
34,2,3,0,0,1,1,35,0.0,0.0,0.9792452,0.0,0.9686943443348243,0.0,0.9897236,0.0,0.9894470222177112,0,0.999806
44,3,1,0,0,1,1,40,0.0,0.0,0.8339345,0.0,0.7584282866623688,0.0,0.9383857,0.0,0.8753926358095542,0,0.999838
34,2,1,3,3,1,1,45,0.0,0.0,0.8231179,0.0,0.6951716201697021,0.0,0.7041194,0.0,0.7265109244999461,0,0.98816097
58,2,1,4,5,1,0,40,0.0,0.0,0.7849914,0.0,0.7872503807694634,0.0,0.59798074,1.0,0.4749199923776346,1,0.00025652885
45,2,1,1,5,1,1,72,1.0,1.0,0.13036805,1.0,0.12685288501967595,1.0,0.19020206,1.0,0.17734971812946598,1,5.54653e-07
61,1,3,1,1,1,1,40,1.0,0.0,0.70196724,0.0,0.7663794804175691,0.0,0.66095614,0.0,0.7210954205817021,0,0.5786152
34,3,3,1,0,1,1,90,0.0,0.0,0.64242786,0.0,0.7647159769497194,0.0,0.62953043,0.0,0.6081581843237006,1,0.06689344
31,2,7,3,0,1,0,25,0.0,0.0,0.98962075,0.0,0.9893057958843404,0.0,0.9959183,0.0,0.9899697592334556,0,0.9998628
29,2,0,1,5,1,1,40,0.0,0.0,0.5710221,0.0,0.634651738594296,0.0,0.65785235,0.0,0.5911909408704666,1,0.105117925
65,2,7,1,5,1,1,40,0.0,1.0,0.2898463,1.0,0.37579312997096204,1.0,0.30927205,1.0,0.4349784775310257,1,5.609321e-07
33,2,7,3,5,1,0,50,0.0,0.0,0.9359141,0.0,0.9706936763074079,0.0,0.9655247,0.0,0.9642176216617573,0,0.9999039
26,2,3,2,4,1,0,40,0.0,0.0,0.98095626,0.0,0.9849340820488057,0.0,0.97118986,0.0,0.9821220594613431,0,0.99967456
33,0,7,1,4,1,0,40,0.0,0.0,0.753284,0.0,0.8161340522390096,0.0,0.6025835,0.0,0.6825579628145674,1,0.39998445
21,2,3,3,0,1,0,30,0.0,0.0,0.99690247,0.0,0.9906609617404107,0.0,0.99201286,0.0,0.9896973455652845,0,0.999818
50,2,3,1,0,1,1,40,1.0,0.0,0.710691,0.0,0.627693206171709,0.0,0.66098297,0.0,0.6916737970963738,1,0.4375639
27,2,0,3,2,1,1,40,0.0,0.0,0.93529886,0.0,0.9034089532506299,0.0,0.97946477,0.0,0.976598331993019,0,0.99988747
51,2,6,2,0,0,0,40,0.0,0.0,0.9857269,0.0,0.9460161181331386,0.0,0.98719335,0.0,0.9823787573706632,0,0.9998092
39,2,3,0,5,0,0,40,0.0,0.0,0.95660245,0.0,0.9794921460984919,0.0,0.94213766,0.0,0.9548790638767506,0,0.9996815
31,2,3,0,5,1,1,50,0.0,0.0,0.8949634,0.0,0.9253398983053234,0.0,0.92475724,0.0,0.9355644792704981,0,0.9995722
23,0,7,3,2,1,0,6,0.0,0.0,0.9947429,0.0,0.980070822629018,0.0,0.99045396,0.0,0.9759955274661806,0,0.9999988
19,2,7,3,0,1,1,50,0.0,0.0,0.9876807,0.0,0.9827348273821607,0.0,0.9823587,0.0,0.9833771784672494,0,0.9998047
42,3,1,1,2,1,1,40,1.0,1.0,0.34889126,1.0,0.3341242753932435,1.0,0.22454464,1.0,0.22628461999255678,1,5.583265e-07
21,2,7,3,0,0,1,10,0.0,0.0,0.99866825,0.0,0.9909240344898448,0.0,0.9961825,0.0,0.9899697592334556,0,0.99985445
27,2,3,3,0,0,0,40,0.0,0.0,0.9908244,0.0,0.9785427130897937,0.0,0.9885181,0.0,0.9894470222177112,0,0.99980086
23,2,6,3,4,1,0,30,0.0,0.0,0.9990297,0.0,0.9887330865928362,0.0,0.9970063,0.0,0.9899697592334556,0,0.99983096
23,2,1,3,5,1,1,30,0.0,0.0,0.96396226,0.0,0.974786557412998,0.0,0.96927196,0.0,0.9699410371488052,0,0.99990964
36,2,3,3,3,1,0,40,0.0,0.0,0.9870773,0.0,0.985789635388958,0.0,0.9874779,0.0,0.9894470222177112,0,0.99979764
29,2,7,3,4,1,0,18,0.0,0.0,0.9951035,0.0,0.989464279542167,0.0,0.9862837,0.0,0.9899180109183517,0,0.99980134
60,2,3,4,4,0,0,40,0.0,0.0,0.95204943,0.0,0.9636565932019768,0.0,0.9674842,0.0,0.9778675576142573,0,0.9996086
25,2,0,0,5,1,0,40,0.0,0.0,0.95367235,0.0,0.945466201118862,0.0,0.95990175,0.0,0.9679168581803899,0,0.9998272
51,3,1,1,5,1,1,70,0.0,1.0,0.18344861,1.0,0.2832501711640435,1.0,0.27088845,1.0,0.2545730150234501,1,5.8873826e-07
35,2,3,3,3,1,1,25,0.0,0.0,0.99045616,0.0,0.9843196504059665,0.0,0.9908378,0.0,0.989972401351476,0,0.9998274
21,2,6,3,4,0,0,40,0.0,0.0,0.99846125,0.0,0.9903402788360028,0.0,0.99658686,0.0,0.9894470222177112,0,0.9998233
20,2,3,1,0,1,1,35,0.0,0.0,0.9500602,0.0,0.9673195288889602,0.0,0.96823823,0.0,0.9377771587050412,0,0.996384
27,2,3,3,4,1,0,35,0.0,0.0,0.9948553,0.0,0.9892801625417981,0.0,0.99158674,0.0,0.989972401351476,0,0.9998229
79,2,3,1,2,1,1,6,0.0,0.0,0.61380625,0.0,0.8018067252262745,0.0,0.53248197,0.0,0.5776223141506212,1,0.038242377
33,2,6,1,4,1,1,59,0.0,0.0,0.8528116,0.0,0.8792352220261652,0.0,0.8854006,0.0,0.8384112200203039,0,0.93858653
45,3,7,1,5,1,1,60,0.0,1.0,0.3513025,1.0,0.4611354974421876,1.0,0.29440194,1.0,0.25157305843768074,1,5.8670145e-07
28,2,7,3,5,1,0,40,0.0,0.0,0.97192955,0.0,0.9861827339799554,0.0,0.9839618,0.0,0.9764106201536003,0,0.9999347
17,2,6,3,4,1,1,10,0.0,0.0,0.999996,0.0,0.992264836444751,0.0,0.9966202,0.0,0.9899697592334556,0,0.9998394
42,3,1,1,0,0,1,60,0.0,1.0,0.42997003,1.0,0.4207848195063263,1.0,0.3246768,1.0,0.36914883903262163,1,1.0116948e-06
28,2,1,3,2,1,0,35,0.0,0.0,0.9356063,0.0,0.965901273286021,0.0,0.95615655,0.0,0.9658132248125563,0,0.99990964
56,3,3,1,4,1,1,60,1.0,0.0,0.5513323,0.0,0.7000689452092143,0.0,0.61994696,0.0,0.5465646309303356,1,0.0059799217
44,2,7,3,3,1,1,50,0.0,0.0,0.8837189,0.0,0.8950032357363971,0.0,0.92936444,0.0,0.9077351826847209,0,0.99956816
35,2,6,0,0,1,1,40,0.0,0.0,0.985684,0.0,0.9655577742763785,0.0,0.98600286,0.0,0.9810567097828234,0,0.9998197
51,2,1,1,2,1,1,50,1.0,1.0,0.20654702,1.0,0.22570850216884597,1.0,0.18624216,1.0,0.17359952274845392,1,5.348799e-07
18,2,6,3,0,1,1,16,0.0,0.0,0.9997557,0.0,0.9910547105304064,0.0,0.99648404,0.0,0.9899697592334556,0,0.99985325
55,0,0,1,2,0,1,40,1.0,1.0,0.42982984,1.0,0.37496296800946494,1.0,0.4612111,1.0,0.4022853076548868,1,5.7543e-06
22,0,7,3,4,1,0,10,0.0,0.0,0.9977017,0.0,0.9888939091073969,0.0,0.9449167,0.0,0.9693554821504732,0,0.99998605
46,0,7,0,4,1,1,40,0.0,0.0,0.8861433,0.0,0.9161678640907269,0.0,0.9638323,0.0,0.9762861961855488,0,0.9999931
30,0,6,1,0,1,1,40,0.0,0.0,0.92952996,0.0,0.9158464509097695,0.0,0.85311586,0.0,0.9313415604646326,0,0.9989826
39,2,0,0,5,0,0,40,0.0,0.0,0.9322045,0.0,0.9506511845026749,0.0,0.9326146,0.0,0.9543087973383382,0,0.9997507
52,2,3,1,3,1,1,40,1.0,0.0,0.5221836,0.0,0.6194751419116382,0.0,0.5750304,0.0,0.5857957100182242,1,0.13863422
51,2,4,3,2,1,1,55,1.0,0.0,0.5437029,0.0,0.5199145914177524,1.0,0.4083373,0.0,0.6039853015511429,1,5.365799e-06
19,2,3,3,4,1,1,20,0.0,0.0,0.99877346,0.0,0.9895318220235824,0.0,0.99246734,0.0,0.9899697592334556,0,0.99982554
46,3,3,1,5,0,0,40,1.0,0.0,0.6610548,0.0,0.8136456806665654,0.0,0.68187785,0.0,0.5823143078097696,1,0.033042632
47,2,3,1,0,1,1,50,0.0,0.0,0.6011679,0.0,0.5369761295973987,0.0,0.60069466,0.0,0.6256856875894514,1,0.17365716
18,1,3,3,1,1,1,40,0.0,0.0,0.9973971,0.0,0.9899689623496292,0.0,0.97797656,0.0,0.9723972561813904,0,0.9999789
27,2,3,3,0,1,0,34,0.0,0.0,0.9942493,0.0,0.9897534067675381,0.0,0.991919,0.0,0.9899697592334556,0,0.99981827
24,2,3,3,3,1,1,35,0.0,0.0,0.9945316,0.0,0.9870643101895377,0.0,0.99117064,0.0,0.9899697592334556,0,0.9998204
38,0,3,1,2,1,0,40,1.0,0.0,0.61097616,0.0,0.6678342493829661,0.0,0.5669874,0.0,0.6277349702980237,1,0.051121384
44,2,0,2,5,1,1,40,0.0,0.0,0.80703545,0.0,0.7450937761872767,0.0,0.8851644,0.0,0.9088243128378293,0,0.99909973
47,0,3,1,0,1,1,40,1.0,0.0,0.6693893,0.0,0.610342983783459,0.0,0.68990886,0.0,0.6685263095257128,1,0.42961347
28,2,6,3,0,0,1,45,0.0,0.0,0.9933156,0.0,0.9708653102472279,0.0,0.98539114,0.0,0.9833143256859315,0,0.99982005
23,2,7,3,2,1,0,25,0.0,0.0,0.987943,0.0,0.9857103292014829,0.0,0.91495925,0.0,0.9693438363382854,0,0.99989223
25,2,1,3,5,1,0,40,0.0,0.0,0.9336535,0.0,0.9728228899920904,0.0,0.93324596,0.0,0.958591550653886,0,0.9998067
18,2,6,3,2,1,0,40,0.0,0.0,0.9971756,0.0,0.9796204884606032,0.0,0.987741,0.0,0.9813402892477316,0,0.99988866
26,2,3,1,4,1,1,40,0.0,0.0,0.8498165,0.0,0.8703609065785529,0.0,0.8489195,0.0,0.8638932606199204,0,0.9570811
21,1,7,3,1,1,1,20,0.0,0.0,0.99785346,0.0,0.9888645188946411,0.0,0.98992753,0.0,0.979953371400512,0,0.99998057
24,2,3,1,4,1,1,39,0.0,0.0,0.9135802,0.0,0.8897239745377581,0.0,0.9654203,0.0,0.9263902458764237,0,0.9944782
21,0,7,3,4,1,1,10,0.0,0.0,0.9971752,0.0,0.9892615014968817,0.0,0.9470405,0.0,0.9693554821504732,0,0.99998534
61,2,6,0,0,1,1,40,1.0,0.0,0.96929014,0.0,0.9519191501812552,0.0,0.9764353,0.0,0.9648980205937568,0,0.99978787
21,2,7,3,3,1,1,40,0.0,0.0,0.9907905,0.0,0.9764061674873211,0.0,0.9920095,0.0,0.9899697592334556,0,0.99983096
19,2,7,3,4,1,1,8,0.0,0.0,0.9993499,0.0,0.9910675368514934,0.0,0.9918758,0.0,0.9899153546152761,0,0.99983096
42,2,7,1,0,1,1,40,0.0,0.0,0.6442833,0.0,0.6589721125139261,0.0,0.6732856,0.0,0.6440673257910199,1,0.307248
60,1,1,1,1,1,1,8,1.0,0.0,0.74089247,0.0,0.7441596948936489,0.0,0.5906857,0.0,0.6962454241188942,1,0.23346406
20,2,7,3,5,1,0,20,0.0,0.0,0.9954933,0.0,0.9885643456644629,0.0,0.9891759,0.0,0.9852089956246377,0,0.9999138
23,2,7,3,4,0,1,40,0.0,0.0,0.99174166,0.0,0.9877870072014089,0.0,0.9885783,0.0,0.9861709950891865,0,0.99981934
28,2,1,3,5,1,0,40,0.0,0.0,0.9208952,0.0,0.964970974156864,0.0,0.90709674,0.0,0.958591550653886,0,0.99975413
52,0,1,2,5,0,0,40,0.0,0.0,0.8432498,0.0,0.8506406805284839,0.0,0.76691365,0.0,0.6749250765610691,1,0.18827546
25,2,6,1,0,0,1,60,0.0,0.0,0.9143476,0.0,0.8887459311956047,0.0,0.8987161,0.0,0.8913691110960239,0,0.97688895
34,0,6,3,5,0,0,40,0.0,0.0,0.989375,0.0,0.9826053669151851,0.0,0.98358774,0.0,0.9740995924132079,0,0.9999933
50,2,3,0,5,1,0,40,0.0,0.0,0.92951435,0.0,0.9682030843038612,0.0,0.93748033,0.0,0.9401892677508155,0,0.9995827
61,3,1,1,0,1,1,20,1.0,0.0,0.5286799,0.0,0.6560350504033525,0.0,0.5659975,0.0,0.5706715122053043,1,7.071786e-05
40,2,1,1,5,1,0,45,1.0,1.0,0.28884083,1.0,0.2711024907837134,1.0,0.17454517,1.0,0.1528820995148168,1,4.8371425e-07
42,0,4,1,2,1,1,40,1.0,1.0,0.24805623,1.0,0.19954374870557257,1.0,0.22862935,1.0,0.26825768609121103,1,6.475738e-07
45,3,1,3,3,1,0,35,0.0,0.0,0.9590711,0.0,0.9079935140750628,0.0,0.95673954,0.0,0.8920280123235681,0,0.999694
21,2,0,3,4,1,1,40,0.0,0.0,0.98703074,0.0,0.9819809381826567,0.0,0.99006635,0.0,0.9855313156610583,0,0.9998161
47,2,7,1,0,1,1,40,1.0,0.0,0.6075274,0.0,0.6462050936218486,0.0,0.5984794,0.0,0.6307551497623776,1,0.19299641
36,2,0,0,0,1,1,38,0.0,0.0,0.947952,0.0,0.9400468444114832,0.0,0.9834185,0.0,0.9748378131289205,0,0.9998054
51,2,3,1,3,1,1,55,1.0,1.0,0.36210352,1.0,0.41763973467234294,1.0,0.4580335,1.0,0.4942604986916669,1,0.004530511
46,2,7,1,5,1,1,40,1.0,1.0,0.40826535,1.0,0.4622350731990118,0.0,0.5273862,1.0,0.41580916199247386,1,7.4113223e-06
36,2,4,1,5,1,1,45,1.0,1.0,0.15542293,1.0,0.13309172637354194,1.0,0.23634744,1.0,0.244556772491068,1,5.802462e-07
31,3,0,0,0,1,1,20,0.0,0.0,0.9679906,0.0,0.9293852489250181,0.0,0.96201116,0.0,0.9751989369346568,0,0.99984074
35,3,7,1,3,1,0,40,0.0,0.0,0.74069166,0.0,0.846672416566564,0.0,0.5175315,0.0,0.6032148183164494,1,0.05984196
20,2,3,3,4,1,1,30,0.0,0.0,0.997801,0.0,0.9890107743676325,0.0,0.99208283,0.0,0.9899697592334556,0,0.999824
23,2,1,3,5,1,0,40,0.0,0.0,0.9431239,0.0,0.9746800506638542,0.0,0.945621,0.0,0.9669431947965386,0,0.9998312
57,0,1,1,2,1,1,40,1.0,1.0,0.29523993,1.0,0.30722733314057227,1.0,0.17627698,1.0,0.19818118820051633,1,5.9759045e-06
60,3,1,1,5,1,1,60,1.0,1.0,0.1827951,1.0,0.2832501711640435,1.0,0.29421103,1.0,0.22834858285277781,1,6.971345e-07
54,0,4,4,2,1,0,38,0.0,0.0,0.7491942,0.0,0.8309597998724098,0.0,0.8075582,0.0,0.7778007326031573,0,0.86307347
17,2,7,3,5,1,1,20,0.0,0.0,0.99993604,0.0,0.9916119786469973,0.0,0.99444664,0.0,0.9895492180498779,0,0.9998536
51,2,7,1,3,1,1,40,1.0,1.0,0.46998495,1.0,0.45156308724741057,0.0,0.50749135,1.0,0.4477536459075975,1,0.0008833567
41,3,0,0,4,1,0,10,0.0,0.0,0.97385114,0.0,0.917082088876688,0.0,0.99206156,0.0,0.9823787573706632,0,0.99980944
56,3,7,1,5,1,0,50,1.0,1.0,0.3961357,0.0,0.5418993760895376,1.0,0.28792793,1.0,0.2471148247579511,1,8.206578e-07
56,2,1,1,5,1,1,30,0.0,1.0,0.27816534,1.0,0.21865082755583165,1.0,0.28723454,1.0,0.22453726285340203,1,5.6538227e-07
65,3,6,1,0,1,1,40,0.0,0.0,0.8784937,0.0,0.8366795333120949,0.0,0.81825316,0.0,0.8257778323010256,0,0.9059781
36,2,1,1,4,1,1,40,0.0,1.0,0.43575805,1.0,0.42313993657487403,1.0,0.49604642,1.0,0.4612826061398806,1,0.0031151623
57,3,0,1,0,0,1,40,0.0,0.0,0.6524321,1.0,0.49648412198180436,0.0,0.57374585,0.0,0.5410524529238965,1,0.018922267
32,2,6,1,4,1,1,40,0.0,0.0,0.9392719,0.0,0.9309397082319002,0.0,0.9517891,0.0,0.9227732454956337,0,0.9952508
67,2,6,4,5,1,0,20,0.0,0.0,0.9806971,0.0,0.9670802341247282,0.0,0.99236107,0.0,0.9810567097828234,0,0.9999076
26,2,6,1,4,0,0,40,0.0,0.0,0.9653518,0.0,0.9542851970989165,0.0,0.95570844,0.0,0.9379496192885362,0,0.9964413
25,2,3,3,4,1,0,8,0.0,0.0,0.9985799,0.0,0.9902315322449988,0.0,0.9925433,0.0,0.989972401351476,0,0.9998276
58,2,0,1,4,1,0,35,0.0,0.0,0.67624867,0.0,0.5414640540646911,0.0,0.6236695,0.0,0.551563491130622,1,0.07799847
36,2,7,1,3,1,1,44,0.0,0.0,0.53938526,1.0,0.4737915691982286,1.0,0.40163058,1.0,0.4574803772140026,1,0.011042189
30,2,3,3,4,1,0,40,0.0,0.0,0.9891755,0.0,0.9890441191460503,0.0,0.98904496,0.0,0.985643797636976,0,0.9998128
26,2,7,3,0,1,1,40,0.0,0.0,0.983588,0.0,0.9742836418864629,0.0,0.9928271,0.0,0.9896973455652845,0,0.99983954
34,1,6,1,1,1,0,8,0.0,0.0,0.9722346,0.0,0.9620188459194791,0.0,0.9960489,0.0,0.9734089732933623,0,0.9999846
58,2,1,1,5,0,1,40,0.0,1.0,0.23592597,1.0,0.24255596605504004,1.0,0.23421907,1.0,0.1678503809471763,1,5.518303e-07
23,0,1,3,2,1,0,40,0.0,0.0,0.9462138,0.0,0.9691129964379452,0.0,0.9105368,0.0,0.9341704790922774,0,0.9999875
44,2,6,2,4,1,0,38,0.0,0.0,0.99391687,0.0,0.9795135762404599,0.0,0.99650145,0.0,0.9893898126315587,0,0.99982077
47,0,1,1,2,1,1,45,1.0,1.0,0.27838516,1.0,0.3560652735964591,1.0,0.30404842,1.0,0.36680024581899096,1,3.7390919e-06
17,2,6,3,3,1,0,6,0.0,0.0,0.9999957,0.0,0.9889400705896604,0.0,0.99675196,0.0,0.9899697592334556,0,0.99984825
40,2,7,1,3,1,1,40,0.0,0.0,0.58342016,1.0,0.4830123100296968,0.0,0.5241302,0.0,0.5569943530953232,1,0.036899827
46,3,3,1,5,1,1,50,0.0,1.0,0.4619965,1.0,0.45646753327774625,0.0,0.63827765,0.0,0.5575135787642514,1,0.0016424872
43,2,3,1,0,1,1,55,0.0,0.0,0.59549856,0.0,0.5583638512504092,0.0,0.59544563,0.0,0.6256856875894514,1,0.1771513
66,0,0,4,2,1,0,20,0.0,0.0,0.8716897,0.0,0.8780394698920861,0.0,0.89194417,0.0,0.9473813195249896,0,0.9999918
32,2,0,1,2,1,0,40,1.0,0.0,0.5302663,0.0,0.5649524861824406,0.0,0.53875196,0.0,0.5197273029885814,1,0.0033236754
56,2,3,1,5,1,1,35,0.0,0.0,0.5634346,0.0,0.5780001041739373,0.0,0.57171804,0.0,0.566742125015939,1,0.04651537
29,2,1,1,2,1,1,40,1.0,1.0,0.3632949,1.0,0.3954271253189343,1.0,0.44266623,1.0,0.42912908672360317,1,1.7810545e-06
40,3,5,1,2,1,1,40,1.0,1.0,0.17123497,1.0,0.1345763620912105,1.0,0.22735679,1.0,0.1979477066539731,1,4.6919425e-07
26,2,3,3,0,1,1,50,0.0,0.0,0.97833955,0.0,0.9766409045927611,0.0,0.9768992,0.0,0.9725198748106882,0,0.99976486
39,2,3,1,0,1,1,40,1.0,0.0,0.7760284,0.0,0.6982123750476055,0.0,0.7670251,0.0,0.7492192642783739,0,0.8142412
40,0,1,1,5,1,1,48,1.0,1.0,0.26410556,1.0,0.3025613227205356,1.0,0.2172234,1.0,0.24619625092494746,1,4.4256253e-06
43,2,0,1,5,1,1,45,1.0,1.0,0.3096879,1.0,0.26002968169119245,1.0,0.34070402,1.0,0.3357661646957806,1,4.245648e-06
19,0,3,1,3,1,0,40,0.0,0.0,0.9434754,0.0,0.913194599373253,0.0,0.8735481,0.0,0.854223341629798,0,0.9712237
24,2,1,3,5,0,1,40,0.0,0.0,0.9381727,0.0,0.9297404420190765,0.0,0.9428138,0.0,0.9664435693132375,0,0.9998276
55,3,1,0,3,1,0,50,0.0,0.0,0.812292,0.0,0.7600953082107074,1.0,0.33342987,0.0,0.5239828631165279,1,0.026983561
21,1,7,3,1,1,1,70,0.0,0.0,0.9828456,0.0,0.9716564085122638,0.0,0.92793983,0.0,0.9488641609369854,0,0.9996897
41,2,3,0,4,1,0,30,0.0,0.0,0.980098,0.0,0.9775940938906416,0.0,0.9927054,0.0,0.9855351098496185,0,0.9998172
36,3,3,1,3,1,0,40,1.0,0.0,0.83335805,0.0,0.8878863182706047,0.0,0.7011882,0.0,0.6792780906449511,1,0.47831294
34,2,6,1,0,1,1,40,0.0,0.0,0.9162012,0.0,0.9178588247684079,0.0,0.9354317,0.0,0.9283194095621534,0,0.9957879
34,2,4,1,2,1,1,55,1.0,1.0,0.18119854,1.0,0.23571995662494805,1.0,0.23571658,1.0,0.23241544118550028,1,5.1469914e-07
37,2,3,1,0,1,1,15,0.0,0.0,0.92340314,0.0,0.8931461552095001,0.0,0.959071,0.0,0.9197509054733555,0,0.9954997
18,2,6,3,4,1,0,40,0.0,0.0,0.99905646,0.0,0.9895058592765851,0.0,0.99605906,0.0,0.9894470222177112,0,0.9998272
19,2,7,3,4,1,1,20,0.0,0.0,0.9986641,0.0,0.9905614437997973,0.0,0.9926937,0.0,0.9899153546152761,0,0.99982846
50,2,3,1,0,1,1,40,1.0,0.0,0.710691,0.0,0.627693206171709,0.0,0.66098297,0.0,0.6916737970963738,1,0.4375639
61,3,7,4,3,1,0,20,0.0,0.0,0.9578248,0.0,0.8241087786026786,0.0,0.95596814,0.0,0.9534608947901914,0,0.9999765
25,2,6,1,0,1,1,40,1.0,0.0,0.948379,0.0,0.9552442829977221,0.0,0.9612544,0.0,0.9453412262246254,0,0.9972366
32,0,4,1,2,1,1,50,0.0,1.0,0.23525035,1.0,0.28461059464789173,1.0,0.20773482,1.0,0.2577163965379903,1,7.531024e-07
32,2,3,3,0,0,1,40,0.0,0.0,0.98596853,0.0,0.9786788358264086,0.0,0.9885155,0.0,0.9894470222177112,0,0.999801
22,2,1,1,0,1,1,45,0.0,0.0,0.5485054,0.0,0.7206638837793818,0.0,0.7227092,0.0,0.62368588218972,1,0.1790536
51,2,1,1,3,1,1,40,1.0,1.0,0.24799407,1.0,0.27095819055118486,1.0,0.307279,1.0,0.3057159428033732,1,5.095115e-07
37,2,0,1,5,1,1,40,0.0,1.0,0.46237034,0.0,0.5165480126692705,1.0,0.48044342,0.0,0.5055583302213683,1,0.0019280977
47,0,7,1,0,1,1,40,1.0,0.0,0.59252065,0.0,0.6514772896188121,0.0,0.6978742,0.0,0.5962580932153387,1,0.07673073
28,2,3,1,0,0,1,40,0.0,0.0,0.8814038,0.0,0.9268913456235383,0.0,0.8635098,0.0,0.8737517909641446,0,0.97557324
33,2,3,0,5,1,0,40,0.0,0.0,0.9577061,0.0,0.9778649470808207,0.0,0.9468023,0.0,0.9720766088812319,0,0.999746
49,2,7,1,0,1,1,40,1.0,0.0,0.59513104,0.0,0.538544769949328,0.0,0.57851374,0.0,0.5716769033641054,1,0.115012646
26,1,1,1,1,1,0,20,0.0,0.0,0.8073275,0.0,0.5024282881426987,0.0,0.781283,0.0,0.8526725640612697,0,0.7140238
18,2,7,3,4,1,1,12,0.0,0.0,0.99934256,0.0,0.9910675368514934,0.0,0.9928637,0.0,0.9899697592334556,0,0.9998319
25,2,1,3,5,1,0,40,0.0,0.0,0.9336535,0.0,0.9728228899920904,0.0,0.93324596,0.0,0.958591550653886,0,0.9998067
54,3,3,1,0,1,1,35,0.0,0.0,0.8115274,0.0,0.8078815917396407,0.0,0.7200998,0.0,0.7192481148315453,0,0.5231969
45,2,3,1,0,1,1,40,0.0,0.0,0.74046123,0.0,0.6982123750476055,0.0,0.73359066,0.0,0.7392101445267152,0,0.72283393
51,2,5,1,2,1,1,50,1.0,1.0,0.09377819,1.0,0.1485550360752591,1.0,0.20720178,1.0,0.18773855810101814,1,4.8360033e-07
29,2,6,1,0,1,1,40,0.0,0.0,0.9330837,0.0,0.9500336723081295,0.0,0.95770466,0.0,0.9453412262246254,0,0.99693334
38,3,1,1,0,1,1,50,1.0,1.0,0.40721065,0.0,0.5631498372891653,1.0,0.35525966,1.0,0.4700326283907613,1,1.0424194e-05
64,0,3,0,5,1,0,40,0.0,0.0,0.90903914,0.0,0.9216755151352597,0.0,0.96947277,0.0,0.8688905196050551,0,0.9996183
51,3,0,3,5,1,0,40,0.0,0.0,0.86723554,0.0,0.8351495931310464,0.0,0.93477005,0.0,0.860161774695757,0,0.9996457
42,3,3,1,3,1,1,12,0.0,0.0,0.85074604,0.0,0.7390525326423383,0.0,0.8548659,0.0,0.8468493568227029,0,0.9495892
63,2,6,4,4,1,0,41,0.0,0.0,0.9828626,0.0,0.9545941167114725,0.0,0.9947315,0.0,0.9819824887897047,0,0.9997869
66,0,3,4,2,0,0,35,0.0,0.0,0.90706736,0.0,0.8996247146568876,0.0,0.96195096,0.0,0.9480335101684091,0,0.9999906
53,2,6,1,0,1,1,50,0.0,0.0,0.8070868,0.0,0.8416507067767338,0.0,0.8523109,0.0,0.7834752218657002,0,0.89777416
42,3,5,0,2,1,1,40,1.0,0.0,0.60428274,1.0,0.36117423020513506,0.0,0.80378294,0.0,0.872823840113661,0,0.9796581
28,2,7,1,5,1,0,40,0.0,0.0,0.7048546,0.0,0.6940675364154525,0.0,0.596858,0.0,0.5911909408704666,1,0.14742972
53,2,3,1,5,1,1,45,0.0,1.0,0.37483793,1.0,0.39769469714505634,0.0,0.5122071,0.0,0.5277608128365854,1,0.0018804651
70,0,3,4,5,1,0,12,0.0,0.0,0.9530469,0.0,0.8942748192910467,0.0,0.9934994,0.0,0.9786507055887984,0,0.999977
64,2,1,0,5,1,0,50,0.0,0.0,0.70910966,0.0,0.580179428757196,1.0,0.36249328,1.0,0.43643523226162506,1,1.9394955e-05
45,2,5,3,2,1,1,40,1.0,0.0,0.5848502,1.0,0.46340101922558263,1.0,0.30789685,1.0,0.42952864611165653,1,0.03256926
21,2,7,3,4,1,1,16,0.0,0.0,0.998423,0.0,0.9894338552914397,0.0,0.99131984,0.0,0.9899180109183517,0,0.99982977
54,2,3,1,5,1,0,40,0.0,0.0,0.6189967,0.0,0.6286329688833925,0.0,0.55376184,0.0,0.5323430231916462,1,0.011857997
19,1,7,3,1,1,0,20,0.0,0.0,0.9970106,0.0,0.9894550847293911,0.0,0.99254596,0.0,0.9795846740159107,0,0.99998105
38,3,3,2,4,1,0,40,0.0,0.0,0.96311736,0.0,0.9558457914883209,0.0,0.96416724,0.0,0.9442695024754441,0,0.99944705
33,2,1,1,5,1,1,40,1.0,1.0,0.33959562,1.0,0.34200465695127846,1.0,0.33315122,1.0,0.3050129776537356,1,7.1985346e-07
32,2,3,1,0,1,1,40,0.0,0.0,0.8232053,0.0,0.8260061073058818,0.0,0.85792804,0.0,0.8514576748514968,0,0.9559918
38,3,6,1,3,1,1,40,0.0,0.0,0.86631715,0.0,0.8044306192535353,0.0,0.85766137,0.0,0.8733383290272616,0,0.97512484
27,2,7,1,0,0,1,50,0.0,0.0,0.7299427,0.0,0.8304100299350659,0.0,0.66648006,0.0,0.6440673257910199,1,0.41718882
38,2,1,0,5,1,1,40,0.0,0.0,0.7159685,0.0,0.6220038393314533,0.0,0.9002451,0.0,0.8708849361825408,0,0.9995759
34,3,1,3,2,1,0,55,1.0,0.0,0.8574362,0.0,0.8211836574579359,0.0,0.79466844,0.0,0.7572143992774525,0,0.59576356
36,3,3,1,5,1,1,50,1.0,0.0,0.5275827,0.0,0.593743140345615,1.0,0.44115132,0.0,0.5434820805983384,1,0.01042237
28,2,6,3,4,0,0,40,0.0,0.0,0.9973143,0.0,0.9892362139561741,0.0,0.99674714,0.0,0.9894470222177112,0,0.9998197
45,2,1,1,5,1,1,32,0.0,1.0,0.33426487,1.0,0.2445694309824724,1.0,0.390643,1.0,0.3050129776537356,1,7.041625e-07
34,2,3,3,4,0,1,35,1.0,0.0,0.99199873,0.0,0.9837839008200197,0.0,0.9920026,0.0,0.989972401351476,0,0.99982136
18,1,6,3,1,1,0,24,0.0,0.0,0.9994843,0.0,0.9898233996288845,0.0,0.98104775,0.0,0.9780564485012392,0,0.99999344
31,2,3,1,0,1,1,60,0.0,0.0,0.66477484,0.0,0.7399192918251523,0.0,0.6260959,0.0,0.6436257656744688,1,0.3775061
38,2,0,0,2,1,0,40,1.0,0.0,0.89549214,0.0,0.8848646216859687,0.0,0.9689945,0.0,0.9765922493345995,0,0.9998864
35,2,5,1,2,1,1,80,1.0,1.0,0.1049763,1.0,0.1913693286121423,1.0,0.17601115,1.0,0.16072806661126315,1,4.954058e-07
43,0,4,3,2,1,1,45,0.0,0.0,0.7248858,0.0,0.6589663052395167,0.0,0.80346215,0.0,0.7921343126415434,0,0.5813121
42,0,7,0,5,1,0,38,0.0,0.0,0.94015115,0.0,0.9613095068098737,0.0,0.9562073,0.0,0.9719832850054018,0,0.9999769
45,0,7,0,5,1,1,42,0.0,0.0,0.7993525,0.0,0.8343175834294445,0.0,0.95758754,0.0,0.9413828431758794,0,0.9989497
22,2,7,3,4,1,0,40,0.0,0.0,0.98897046,0.0,0.9869991576671626,0.0,0.9894706,0.0,0.9861709950891865,0,0.9998211
46,2,7,0,5,1,0,40,0.0,0.0,0.9219672,0.0,0.9670093986836856,0.0,0.94635856,0.0,0.9687283446428148,0,0.9999453
31,2,0,1,5,1,1,40,0.0,0.0,0.5383038,0.0,0.584930657186611,0.0,0.6205627,0.0,0.5494164969838116,1,0.033279907
41,2,7,2,5,1,0,38,0.0,0.0,0.9373349,0.0,0.9722127079965786,0.0,0.974514,0.0,0.9815319651040666,0,0.99990654
37,2,6,1,0,1,1,44,1.0,0.0,0.87854993,0.0,0.892621010034042,0.0,0.8917482,0.0,0.8913691110960239,0,0.98502874
18,2,6,3,4,1,1,30,0.0,0.0,0.9997093,0.0,0.9898680768219371,0.0,0.99687445,0.0,0.9899697592334556,0,0.9998361
64,3,6,1,0,1,1,70,0.0,0.0,0.81399727,0.0,0.8161588673596314,0.0,0.6965866,0.0,0.6965030588533352,0,0.5729936
22,0,7,3,5,0,0,40,0.0,0.0,0.9852229,0.0,0.9854746105872706,0.0,0.97680974,0.0,0.9787385219036844,0,0.9999728
41,2,3,0,5,1,1,50,0.0,0.0,0.8455962,0.0,0.9126848883747591,0.0,0.90295625,0.0,0.9021696665056717,0,0.9990772
33,2,7,3,3,0,1,26,0.0,0.0,0.9896537,0.0,0.9690867534111136,0.0,0.98527765,0.0,0.9899153546152761,0,0.99984753
62,2,7,1,0,1,1,60,0.0,1.0,0.38840538,1.0,0.48151605978520073,0.0,0.6305121,1.0,0.4423122602215285,1,3.6188376e-06
29,0,4,1,5,1,1,36,0.0,1.0,0.39489716,0.0,0.5034431281485711,0.0,0.5935764,0.0,0.6283782466567882,1,3.7066256e-05
35,2,3,1,0,1,0,40,0.0,0.0,0.8182026,0.0,0.837389730122897,0.0,0.8261456,0.0,0.8514576748514968,0,0.9466285
33,3,3,3,2,1,1,40,0.0,0.0,0.9639347,0.0,0.9323667898777376,0.0,0.988352,0.0,0.9849708722207651,0,0.9998703
66,1,7,1,1,1,1,40,1.0,0.0,0.63910127,0.0,0.7331365472660976,0.0,0.6840478,0.0,0.5556443384356688,1,0.15333176
25,2,3,3,4,1,0,35,0.0,0.0,0.9954452,0.0,0.989796157262187,0.0,0.9915731,0.0,0.989972401351476,0,0.99982315
39,0,1,3,5,1,1,40,0.0,0.0,0.84204143,0.0,0.9126395687116337,0.0,0.86300766,0.0,0.9031440584777038,0,0.9677862
19,2,7,3,4,1,0,20,0.0,0.0,0.9977745,0.0,0.9894253245275266,0.0,0.9926937,0.0,0.9899153546152761,0,0.99982846
53,2,3,1,0,1,1,52,1.0,0.0,0.54064775,1.0,0.4700049811838276,1.0,0.47924995,0.0,0.5494164969838116,1,0.06023631
49,2,1,1,2,1,1,40,0.0,1.0,0.2587464,1.0,0.22219635801446658,1.0,0.266829,1.0,0.20278542113516096,1,5.3805076e-07
23,2,1,3,3,1,0,45,0.0,0.0,0.9582613,0.0,0.9627170224025368,0.0,0.9045137,0.0,0.8836042456063873,0,0.9985044
29,2,1,3,3,1,0,60,0.0,0.0,0.91530305,0.0,0.9106366911822057,0.0,0.61625385,0.0,0.6398219052204046,0,0.7200978
55,2,6,4,0,0,0,35,0.0,0.0,0.9890106,0.0,0.9562311820741392,0.0,0.99654734,0.0,0.9894470222177112,0,0.9998272
48,2,3,0,5,1,0,37,1.0,0.0,0.9528285,0.0,0.9730753394994955,0.0,0.9558815,0.0,0.9699800296637174,0,0.9997454
44,3,7,1,0,1,1,55,1.0,0.0,0.56040156,0.0,0.6008478210431876,0.0,0.5224095,0.0,0.5466986192976098,1,0.0012229449
25,2,1,3,3,1,0,40,0.0,0.0,0.9661884,0.0,0.9655620922407313,0.0,0.93547356,0.0,0.9400095296132601,0,0.99958414
48,2,0,1,0,1,1,44,0.0,0.0,0.51630354,0.0,0.5556047992063734,1.0,0.48542172,0.0,0.5494406871038818,1,0.024550157
34,0,3,3,4,1,1,40,0.0,0.0,0.9662489,0.0,0.9754145822023005,0.0,0.94634247,0.0,0.9718778216710049,0,0.9997693
38,2,3,1,0,1,1,40,1.0,0.0,0.7821983,0.0,0.7646235342535945,0.0,0.8207389,0.0,0.8194254020385872,0,0.89830863
22,2,7,3,4,1,0,20,0.0,0.0,0.9965663,0.0,0.9894253245275266,0.0,0.9910606,0.0,0.9899180109183517,0,0.99982953
22,2,7,3,0,1,1,20,0.0,0.0,0.99724966,0.0,0.9901931163143916,0.0,0.99641305,0.0,0.9899697592334556,0,0.9998554
38,2,3,0,0,1,1,40,0.0,0.0,0.95903826,0.0,0.9466549997623791,0.0,0.97823316,0.0,0.979617072538832,0,0.9997805
52,0,4,0,2,0,0,40,0.0,0.0,0.7499269,1.0,0.4764877725426335,0.0,0.6445521,0.0,0.7419935692803434,0,0.91013354
60,3,3,1,3,1,1,70,0.0,1.0,0.35961556,1.0,0.3250280632312945,0.0,0.5011467,1.0,0.39332673698136733,1,4.0265466e-05
42,0,1,3,5,1,1,35,0.0,0.0,0.8849726,0.0,0.9470678267635457,0.0,0.9251237,0.0,0.9246978519868942,0,0.99609214
26,2,7,1,0,0,1,40,0.0,0.0,0.82652104,0.0,0.853634735593625,0.0,0.80559343,0.0,0.8175495352625008,0,0.9008188
33,2,3,1,5,1,1,50,0.0,0.0,0.5093944,1.0,0.47838312948669126,0.0,0.5664376,0.0,0.5494164969838116,1,0.042909548
56,3,3,1,0,1,1,90,0.0,0.0,0.5488556,0.0,0.6307321888593664,0.0,0.6698647,0.0,0.5546112920303459,1,0.0015957345
26,2,7,1,4,1,1,40,0.0,0.0,0.82148874,0.0,0.7883702151125147,0.0,0.7379155,0.0,0.7820546846119028,0,0.804968
39,2,6,0,5,1,0,40,0.0,0.0,0.9835441,0.0,0.9776749625623906,0.0,0.96622664,0.0,0.9760494327474076,0,0.99986494
31,2,4,1,4,1,1,40,1.0,1.0,0.33638328,1.0,0.4925580299277543,1.0,0.4758225,1.0,0.4826612241536795,1,0.0042346627
60,1,6,4,1,1,0,20,0.0,0.0,0.9891751,0.0,0.9718257187021307,0.0,0.9896832,0.0,0.979953371400512,0,0.9999815
34,2,7,1,2,0,1,40,1.0,0.0,0.574471,1.0,0.4989109395474608,0.0,0.5776235,0.0,0.5020987690377837,1,0.0023770614
18,2,7,3,3,1,0,15,0.0,0.0,0.9990396,0.0,0.9841534975195141,0.0,0.9960127,0.0,0.9899697592334556,0,0.9998504
57,3,7,1,3,1,1,45,1.0,1.0,0.3797778,0.0,0.5506710965500753,0.0,0.5032582,1.0,0.4994206622627767,1,1.7741701e-06
31,2,3,1,0,1,1,40,0.0,0.0,0.8297204,0.0,0.8260061073058818,0.0,0.8615097,0.0,0.8514576748514968,0,0.9572957
22,2,3,3,5,1,0,40,0.0,0.0,0.9889334,0.0,0.9887801953392277,0.0,0.9898589,0.0,0.9899697592334556,0,0.9998306
65,1,3,4,1,1,0,75,0.0,0.0,0.9459066,0.0,0.9188638726732061,0.0,0.810537,0.0,0.8477558412160993,0,0.9593097
42,2,3,0,2,1,0,45,0.0,0.0,0.88757473,0.0,0.9230955022961265,0.0,0.98820335,0.0,0.9715692287905265,0,0.9998609
48,1,3,1,1,1,1,40,1.0,0.0,0.7499682,0.0,0.8102347830334713,0.0,0.83486354,0.0,0.8500354803239261,0,0.9418575
38,2,1,1,2,1,1,40,1.0,1.0,0.29828978,1.0,0.24498377516406433,1.0,0.2568639,1.0,0.24897083871612624,1,5.8006634e-07
29,2,1,3,2,1,0,60,0.0,0.0,0.8234601,0.0,0.892925157493125,0.0,0.5920995,0.0,0.5965640358238946,1,0.25913182
58,2,3,1,0,1,1,40,0.0,0.0,0.67202604,0.0,0.6127228582420674,0.0,0.6025687,0.0,0.6307793578535944,1,0.23406185
42,2,6,1,0,1,1,40,0.0,0.0,0.8918364,0.0,0.8917620408096892,0.0,0.89951074,0.0,0.9024606956917652,0,0.99105936
66,0,3,4,5,1,0,35,1.0,0.0,0.92953014,0.0,0.9377610768285084,0.0,0.98667324,0.0,0.9692590643140058,0,0.9999125
17,2,6,3,3,1,0,8,0.0,0.0,0.9999951,0.0,0.9889400705896604,0.0,0.9967016,0.0,0.9899697592334556,0,0.99984825
45,2,3,1,0,0,1,24,0.0,0.0,0.8882124,0.0,0.870991906054666,0.0,0.8365512,0.0,0.8866262214565888,0,0.9713524
23,2,7,3,5,1,0,40,0.0,0.0,0.9809553,0.0,0.9876186580211032,0.0,0.9902885,0.0,0.9812783465240715,0,0.99993646
80,2,6,4,4,1,0,24,0.0,0.0,0.98999953,0.0,0.9608088476894456,0.0,0.99286443,0.0,0.9864606514102673,0,0.9998124
37,3,3,1,5,1,1,40,0.0,0.0,0.62705284,0.0,0.6115777322288569,0.0,0.63252664,0.0,0.6236624557708759,1,0.15058064
63,3,1,1,0,1,1,40,1.0,1.0,0.3718729,0.0,0.5946810322541962,1.0,0.33626682,1.0,0.44228093801653057,1,9.019937e-07
31,2,3,1,0,1,1,45,0.0,0.0,0.75812507,0.0,0.7691203220238246,0.0,0.73834383,0.0,0.7674614178348953,0,0.7752385
20,2,7,3,0,1,1,10,0.0,0.0,0.99888647,0.0,0.9912265079503523,0.0,0.99629533,0.0,0.9899697592334556,0,0.99985456
32,2,0,1,4,1,1,42,1.0,0.0,0.5958397,0.0,0.5770434301320299,0.0,0.673921,0.0,0.6307551497623776,1,0.20041324
52,3,3,1,5,1,1,40,1.0,0.0,0.54769707,1.0,0.47469040064062074,0.0,0.5574177,0.0,0.5434820805983384,1,0.007992848
21,2,3,1,5,1,1,40,0.0,0.0,0.8325873,0.0,0.8738048672221214,0.0,0.8125672,0.0,0.7981341991906705,0,0.874076
35,2,7,3,0,1,1,40,0.0,0.0,0.96768427,0.0,0.9707418936488321,0.0,0.9916019,0.0,0.984442045415811,0,0.9998361
38,0,7,2,5,1,1,40,0.0,0.0,0.8852291,0.0,0.8966776035625174,0.0,0.97496605,0.0,0.9648454349243715,0,0.99989295
19,2,3,3,3,1,0,40,0.0,0.0,0.9963805,0.0,0.9873369160601398,0.0,0.98927397,0.0,0.9899697592334556,0,0.9998031
57,2,4,1,5,0,1,40,1.0,1.0,0.13853168,1.0,0.1630998182089879,1.0,0.16595638,1.0,0.230382078207222,1,4.673579e-07
34,2,4,3,5,1,0,50,0.0,0.0,0.7636206,0.0,0.536241848075409,0.0,0.5166186,0.0,0.5716084145091116,1,0.03490502
20,2,7,3,0,1,0,40,0.0,0.0,0.99169225,0.0,0.9863696747648122,0.0,0.9936196,0.0,0.9894470222177112,0,0.99984217
26,0,1,3,5,1,1,42,0.0,0.0,0.87949795,0.0,0.9357820368032888,0.0,0.9427874,0.0,0.9282460462021842,0,0.99490756
32,2,7,3,5,0,0,40,0.0,0.0,0.97179836,0.0,0.9824818566488024,0.0,0.97505456,0.0,0.9764106201536003,0,0.9999343
25,1,7,3,1,1,1,40,0.0,0.0,0.99144274,0.0,0.9863852023749476,0.0,0.989827,0.0,0.9795032374774746,0,0.9999745
28,2,1,3,5,1,0,20,0.0,0.0,0.9697342,0.0,0.9747552129824977,0.0,0.966025,0.0,0.9758031719434781,0,0.99991846
69,1,3,1,1,1,1,8,0.0,0.0,0.79475236,0.0,0.8999790274871047,0.0,0.9243701,0.0,0.8663349690888218,0,0.97064686
37,2,1,2,4,0,1,40,0.0,0.0,0.88593435,0.0,0.8336852576322906,0.0,0.8193441,0.0,0.8598325511836379,0,0.9755761
38,0,7,1,5,0,0,35,0.0,0.0,0.7326641,0.0,0.809206936065587,0.0,0.71471643,0.0,0.6651370080772179,1,0.2302612
18,1,3,3,1,0,0,25,0.0,0.0,0.9979595,0.0,0.9892496694048014,0.0,0.975574,0.0,0.9739950088966942,0,0.99998844
28,2,3,3,0,1,1,50,0.0,0.0,0.9758021,0.0,0.9754360571245226,0.0,0.97606605,0.0,0.9680380895989142,0,0.99975973
22,0,3,3,0,1,1,43,0.0,0.0,0.98224074,0.0,0.9768716106912263,0.0,0.9625721,0.0,0.9689208692863386,0,0.9998155
47,3,7,0,0,1,1,40,0.0,0.0,0.92271024,0.0,0.8926264183519214,0.0,0.92365175,0.0,0.9679168581803899,0,0.99996126
31,2,7,3,5,1,1,40,0.0,0.0,0.9525047,0.0,0.9713005094707644,0.0,0.97706777,0.0,0.9764106201536003,0,0.99993443
44,0,4,1,2,1,0,40,1.0,1.0,0.24015951,1.0,0.2119147401523347,1.0,0.22323155,1.0,0.24441898908433946,1,6.6403027e-07
22,2,3,0,0,1,1,40,0.0,0.0,0.98547244,0.0,0.9715455955518439,0.0,0.9815411,0.0,0.9859906533506766,0,0.999785
25,2,1,1,2,1,1,50,0.0,1.0,0.33917618,1.0,0.3267225813475194,1.0,0.30451316,1.0,0.26439303358380584,1,6.9219635e-07
27,2,1,1,4,1,1,30,0.0,0.0,0.70450747,0.0,0.8287232534226106,0.0,0.6216561,0.0,0.6533113579083645,1,0.36019304
59,2,3,0,0,1,1,40,0.0,0.0,0.9313729,0.0,0.9271212543186146,0.0,0.9233417,0.0,0.9487925727338911,0,0.9996562
58,2,6,4,4,0,0,30,0.0,0.0,0.9928864,0.0,0.969911956130181,0.0,0.9934099,0.0,0.9899153546152761,0,0.99982136
46,2,2,1,2,1,1,70,0.0,1.0,0.09969956,1.0,0.17392079978753672,1.0,0.17017466,1.0,0.09227813021735454,1,5.159277e-07
50,3,1,1,3,1,1,60,1.0,1.0,0.23062116,1.0,0.3149183101062847,1.0,0.22841269,1.0,0.2562588600737944,1,5.328637e-07
40,2,3,3,0,1,1,40,0.0,0.0,0.97757703,0.0,0.9744451295208842,0.0,0.98666793,0.0,0.9894470222177112,0,0.99979633
43,2,1,0,3,1,1,40,1.0,0.0,0.71461177,0.0,0.5011039358221057,0.0,0.73432815,0.0,0.8402229709531623,0,0.9979108
28,2,1,3,2,0,0,40,0.0,0.0,0.919587,0.0,0.9408256503424868,0.0,0.9150175,0.0,0.9206555797824365,0,0.99989855
57,2,4,1,2,1,1,60,1.0,1.0,0.11782235,1.0,0.19303027648454518,1.0,0.18453932,1.0,0.18560311536219976,1,5.5236313e-07
34,2,1,0,3,0,1,60,1.0,0.0,0.67408574,1.0,0.4649168965184609,0.0,0.70407784,0.0,0.561247675206475,1,0.3400815
46,2,3,1,3,1,1,45,1.0,1.0,0.47233635,0.0,0.5505034422204736,1.0,0.4715312,0.0,0.5494164969838116,1,0.051447716
28,2,3,1,0,1,1,60,0.0,0.0,0.6995826,0.0,0.7591252240807175,0.0,0.7435877,0.0,0.7277306171796802,0,0.5545684
36,2,6,3,0,1,1,40,0.0,0.0,0.99230623,0.0,0.9711733146518267,0.0,0.9915274,0.0,0.9894470222177112,0,0.9998313
20,2,6,3,0,1,1,30,0.0,0.0,0.99926007,0.0,0.9894128297988737,0.0,0.9958151,0.0,0.9899697592334556,0,0.9998528
34,0,7,1,5,1,0,40,1.0,0.0,0.65916556,0.0,0.7081851299073525,0.0,0.522815,0.0,0.5372827873555065,1,0.029555203
37,2,1,1,5,1,1,40,1.0,1.0,0.29709935,1.0,0.2516213072190284,1.0,0.26006144,1.0,0.25186681840456826,1,5.200386e-07
81,2,4,4,2,1,1,60,0.0,1.0,0.48068023,1.0,0.3834329930403779,1.0,0.44955534,1.0,0.3099711786225916,1,1.1334937e-06
24,2,1,3,3,1,0,40,0.0,0.0,0.9687278,0.0,0.9726362086486294,0.0,0.9390681,0.0,0.9432751515728501,0,0.99959224
30,2,1,4,2,1,0,55,1.0,0.0,0.7267239,0.0,0.8045867724950964,0.0,0.8281445,0.0,0.5895591397817843,1,0.3221706
48,2,0,0,5,1,0,40,0.0,0.0,0.888953,0.0,0.9428477330650278,0.0,0.882324,0.0,0.9172973729142074,0,0.9997142
37,2,6,1,0,1,1,50,0.0,0.0,0.8612784,0.0,0.8619044731595311,0.0,0.88044196,0.0,0.8683231364771653,0,0.9615803
32,2,1,1,3,1,1,45,1.0,1.0,0.3310266,1.0,0.2949409110668414,1.0,0.41964722,1.0,0.3790181139318257,1,3.661296e-06
34,2,6,3,0,1,1,40,0.0,0.0,0.9931148,0.0,0.9722561444806215,0.0,0.9917252,0.0,0.9894470222177112,0,0.99983263
51,2,6,2,0,1,0,40,0.0,0.0,0.98653835,0.0,0.9529858010215272,0.0,0.98719335,0.0,0.9823787573706632,0,0.9998092
32,2,6,2,0,1,0,40,0.0,0.0,0.99180555,0.0,0.9658677724264279,0.0,0.9862651,0.0,0.9887805545873848,0,0.9998147
30,2,3,3,0,1,1,50,0.0,0.0,0.9734141,0.0,0.9733842340544734,0.0,0.9742618,0.0,0.9658902720611025,0,0.99975306
50,2,6,1,0,1,1,40,0.0,0.0,0.87016875,0.0,0.8897193575031812,0.0,0.8570956,0.0,0.8741853458116003,0,0.9735092
35,2,1,1,5,1,1,70,0.0,1.0,0.17054373,1.0,0.1615301301268235,1.0,0.209463,1.0,0.15990291231280618,1,5.222936e-07
46,0,3,1,4,1,1,40,0.0,0.0,0.6126783,0.0,0.687827910966518,0.0,0.70110786,0.0,0.688730893433606,1,0.44022003
22,2,3,3,4,0,1,20,0.0,0.0,0.99810064,0.0,0.9888922230512335,0.0,0.99237496,0.0,0.989972401351476,0,0.9998259
52,3,3,0,5,1,1,38,0.0,0.0,0.9283302,0.0,0.8402361823613581,0.0,0.9105365,0.0,0.9185611221057948,0,0.9994167
27,2,1,3,5,1,0,65,0.0,0.0,0.82790715,0.0,0.8672423107683322,0.0,0.8100725,0.0,0.625685533872559,1,0.123194866
44,2,7,1,5,1,0,6,1.0,0.0,0.83233464,0.0,0.8333173240775043,0.0,0.5681978,0.0,0.7894809518026935,0,0.82468045
63,0,3,4,0,0,1,40,0.0,0.0,0.9335474,0.0,0.9255995110836958,0.0,0.9473306,0.0,0.9679168581803899,0,0.9999188
27,2,3,3,5,1,1,40,0.0,0.0,0.9763738,0.0,0.9825387637932738,0.0,0.9896448,0.0,0.9855729607798328,0,0.9998307
30,2,7,1,0,1,1,44,0.0,0.0,0.6684284,0.0,0.6782365849119565,0.0,0.68823254,0.0,0.6482283831182719,1,0.4854048
17,1,6,3,1,1,0,5,0.0,0.0,0.9999909,0.0,0.9897832583135062,0.0,0.9645326,0.0,0.9763008022434461,0,0.99999106
50,0,1,2,2,1,1,40,1.0,0.0,0.81066144,0.0,0.7487655873439363,0.0,0.7039087,0.0,0.7998098357251789,1,0.0113333035
18,2,6,3,3,0,0,15,0.0,0.0,0.99982595,0.0,0.9887233111340082,0.0,0.99685866,0.0,0.9899697592334556,0,0.99985135
27,2,7,1,0,1,1,40,1.0,0.0,0.7799589,0.0,0.8612912361024457,0.0,0.77467823,0.0,0.8077127130347064,0,0.88111734
24,2,1,3,5,1,0,40,0.0,0.0,0.93828696,0.0,0.9770477219604385,0.0,0.9428138,0.0,0.9664435693132375,0,0.9998276
44,3,1,1,3,1,1,30,0.0,1.0,0.44988495,1.0,0.41933244628433275,1.0,0.2976749,1.0,0.4621716481677466,1,9.8224755e-06
56,3,6,4,4,1,0,65,1.0,0.0,0.9620725,0.0,0.9323393428525889,0.0,0.9139942,0.0,0.9126827263258115,0,0.9996562
26,2,7,1,3,1,1,18,0.0,0.0,0.9152177,0.0,0.9306125200927875,0.0,0.8922717,0.0,0.8911792713585586,0,0.97657156
20,2,7,3,4,1,1,20,0.0,0.0,0.99835294,0.0,0.9894338552914397,0.0,0.9919624,0.0,0.9899153546152761,0,0.99982893
20,2,7,3,4,1,1,36,0.0,0.0,0.9969023,0.0,0.9891460854193236,0.0,0.9928392,0.0,0.9899153546152761,0,0.9998248
58,2,6,0,0,0,1,40,0.0,0.0,0.9766397,0.0,0.9378582551867658,0.0,0.98192036,0.0,0.9678502180077607,0,0.9997993
31,2,2,1,2,0,1,40,0.0,1.0,0.26949894,1.0,0.3782311425987309,1.0,0.24683982,1.0,0.34993736144549625,1,6.2839155e-07
21,2,7,3,3,0,0,20,0.0,0.0,0.998055,0.0,0.988040671284193,0.0,0.9952382,0.0,0.9899697592334556,0,0.9998518
55,2,6,0,0,1,0,37,1.0,0.0,0.9890213,0.0,0.969871081506048,0.0,0.99269044,0.0,0.9833143256859315,0,0.9998197
41,0,1,0,2,1,1,65,0.0,0.0,0.63138276,0.0,0.5118336374316232,0.0,0.77973914,0.0,0.7138195841425006,1,0.018513774
35,2,7,0,5,1,1,40,0.0,0.0,0.900397,0.0,0.919457784869821,0.0,0.9768177,0.0,0.9751989369346568,0,0.9999378
43,2,3,0,4,1,1,40,0.0,0.0,0.95094275,0.0,0.9651165049703141,0.0,0.9843038,0.0,0.9821220594613431,0,0.9997888
29,2,0,3,0,1,1,45,0.0,0.0,0.94573605,0.0,0.9315634552234218,0.0,0.95794296,0.0,0.9438532442432891,0,0.9997538
41,2,3,1,0,1,1,40,0.0,0.0,0.76435935,0.0,0.6982123750476055,0.0,0.74590284,0.0,0.7492192642783739,0,0.7818397
58,3,1,0,2,1,0,40,0.0,0.0,0.7676177,0.0,0.5896058794444468,0.0,0.753112,0.0,0.7662449805310247,0,0.7640058
50,2,4,1,2,1,1,40,1.0,1.0,0.17096573,1.0,0.18321829748756835,1.0,0.32994652,1.0,0.23049042508978745,1,5.5189133e-07
19,2,6,3,4,1,0,15,0.0,0.0,0.9996955,0.0,0.9890253928366881,0.0,0.9970304,0.0,0.9899697592334556,0,0.9998379
27,2,1,3,5,1,1,40,0.0,0.0,0.8909325,0.0,0.9357815323319116,0.0,0.91670746,0.0,0.958591550653886,0,0.9997794
61,1,1,0,1,1,0,24,0.0,0.0,0.9264276,0.0,0.9039649819340834,0.0,0.8582264,0.0,0.8749601420053321,0,0.98935306
33,2,1,1,2,1,1,47,1.0,1.0,0.28225094,1.0,0.29233832401907933,1.0,0.26404303,1.0,0.20569427116564287,1,5.469827e-07
20,2,3,1,0,1,1,40,0.0,0.0,0.9158296,0.0,0.9525233940135343,0.0,0.9040227,0.0,0.8993790597246465,0,0.9933223
35,2,3,0,0,1,1,40,0.0,0.0,0.96379507,0.0,0.9478048165425554,0.0,0.9791838,0.0,0.9887590475808739,0,0.99978167
46,2,3,0,0,1,1,40,0.0,0.0,0.948906,0.0,0.9353442986767395,0.0,0.97618437,0.0,0.9680756794968552,0,0.9997774
56,2,4,3,2,1,1,66,0.0,1.0,0.4797296,1.0,0.48679451210865676,1.0,0.19208199,1.0,0.3399890735309835,1,1.6787864e-06
43,2,1,1,0,1,1,84,1.0,1.0,0.28025693,1.0,0.34979011466171017,1.0,0.30191898,1.0,0.27977194889253965,1,5.307119e-07
19,0,3,3,5,1,0,20,0.0,0.0,0.9966294,0.0,0.9839717221177028,0.0,0.994549,0.0,0.9764106201536003,0,0.9999615
39,2,0,2,0,1,1,40,0.0,0.0,0.9097415,0.0,0.9052694568637631,0.0,0.95567966,0.0,0.9519186418827752,0,0.99971586
31,2,0,1,0,1,1,40,0.0,0.0,0.71151876,0.0,0.6951373045898432,0.0,0.69567025,0.0,0.6803748608610531,0,0.6253353
19,1,7,3,1,1,0,30,0.0,0.0,0.9963164,0.0,0.9894550847293911,0.0,0.9920308,0.0,0.9793966789580807,0,0.9999802
17,2,6,3,4,1,0,12,0.0,0.0,0.9999907,0.0,0.9897679589997728,0.0,0.9965517,0.0,0.9899697592334556,0,0.9998388
59,2,3,1,5,1,1,15,0.0,0.0,0.684203,0.0,0.6545745967884736,0.0,0.67441493,0.0,0.6629322050142176,1,0.27133512
31,0,0,1,0,1,1,40,0.0,0.0,0.683516,0.0,0.6998784899723991,0.0,0.7760749,0.0,0.7464762239493377,0,0.62574303
53,0,1,0,4,0,1,40,0.0,0.0,0.81617594,0.0,0.8292991566236879,0.0,0.95605946,0.0,0.5574654673164215,0,0.9997391
37,2,0,3,4,1,0,30,0.0,0.0,0.98156506,0.0,0.977250938350938,0.0,0.9892333,0.0,0.9899180109183517,0,0.9998165
44,2,2,1,2,1,1,40,1.0,1.0,0.1566003,1.0,0.1982152942978226,1.0,0.1839562,1.0,0.16174428245495043,1,4.7243785e-07
61,2,3,1,5,1,1,40,1.0,1.0,0.42229098,1.0,0.39268481462614335,1.0,0.45586246,0.0,0.5416101856000661,1,0.0029782136
20,2,3,3,3,1,0,40,0.0,0.0,0.99566364,0.0,0.9873369160601398,0.0,0.9893627,0.0,0.9899697592334556,0,0.9998035
45,2,3,0,5,1,0,38,0.0,0.0,0.9562938,0.0,0.9735025378225568,0.0,0.96415615,0.0,0.9768648242738701,0,0.99977165
21,2,7,3,5,1,1,30,0.0,0.0,0.99235123,0.0,0.9886867353511172,0.0,0.985997,0.0,0.9838241508629151,0,0.9999249
20,2,3,3,0,1,1,40,0.0,0.0,0.99500275,0.0,0.9839535596896772,0.0,0.98805225,0.0,0.9894470222177112,0,0.9997993
38,2,0,1,0,1,1,50,0.0,0.0,0.5512245,0.0,0.5687784757820769,0.0,0.53370845,0.0,0.5494164969838116,1,0.09761455
50,2,1,1,0,1,1,45,1.0,1.0,0.33348012,1.0,0.326500492833953,1.0,0.49133617,0.0,0.5138928707302006,1,2.3123864e-06
33,2,7,1,5,0,1,40,1.0,0.0,0.60175014,0.0,0.5314341553067219,0.0,0.53070426,0.0,0.5090930257142975,1,0.014155061
36,2,6,4,4,1,0,20,0.0,0.0,0.99722326,0.0,0.9704909106528672,0.0,0.99472487,0.0,0.9899153546152761,0,0.99982446
22,2,3,3,0,1,0,48,0.0,0.0,0.9891145,0.0,0.9867748051700488,0.0,0.97974837,0.0,0.9859906533506766,0,0.9997806
57,1,7,1,1,1,1,40,0.0,0.0,0.6704798,0.0,0.7205291613097491,0.0,0.6756004,0.0,0.5532127673594027,1,0.1865127
45,2,7,1,5,1,1,40,0.0,1.0,0.4177091,1.0,0.4622350731990118,0.0,0.55679715,1.0,0.4299803673093259,1,1.0462696e-05
53,1,3,1,1,1,1,40,0.0,0.0,0.73072827,0.0,0.788375253904503,0.0,0.7895424,0.0,0.7878839051420986,0,0.88313866
19,2,3,3,3,1,0,35,0.0,0.0,0.9980645,0.0,0.9881526198053464,0.0,0.9915082,0.0,0.9899697592334556,0,0.9998159
35,2,3,1,5,1,1,45,0.0,0.0,0.5212195,0.0,0.5076654748542013,0.0,0.57905245,0.0,0.566742125015939,1,0.055950545
25,2,6,1,0,1,1,96,0.0,0.0,0.86349857,0.0,0.7712956853729006,0.0,0.87084705,0.0,0.8340187964200334,0,0.9416262
56,2,1,3,5,1,0,55,1.0,0.0,0.75107396,0.0,0.7513234925718192,1.0,0.27245045,1.0,0.4236789896504498,1,1.0580507e-05
64,1,6,3,1,1,1,40,0.0,0.0,0.9865106,0.0,0.9410480854493306,0.0,0.9881709,0.0,0.9738240412643921,0,0.99997294
29,2,3,3,0,0,0,40,0.0,0.0,0.9896646,0.0,0.9777966904076025,0.0,0.98855126,0.0,0.9894470222177112,0,0.999801
36,2,1,3,2,1,0,45,1.0,0.0,0.83173335,0.0,0.8731467075311399,0.0,0.79253876,0.0,0.7538691047962549,0,0.9498475
23,0,7,3,3,1,0,35,0.0,0.0,0.99533224,0.0,0.9867810656799438,0.0,0.9823775,0.0,0.9538047834751514,0,0.99999475
68,2,6,1,3,1,1,22,0.0,0.0,0.8198771,0.0,0.8911910675588717,0.0,0.8410876,0.0,0.8638932606199204,0,0.9561108
37,2,3,2,2,0,0,40,0.0,0.0,0.9322612,0.0,0.9162795160141481,0.0,0.9918746,0.0,0.9707077818930155,0,0.9997539
43,0,3,2,4,1,1,40,0.0,0.0,0.9306744,0.0,0.9532127401047918,0.0,0.8962694,0.0,0.9376774902353914,0,0.9995522
34,0,2,1,4,0,1,20,0.0,0.0,0.53592277,0.0,0.596531367137247,1.0,0.44945967,0.0,0.5354346535718515,1,2.444361e-06
27,2,7,3,4,1,0,25,0.0,0.0,0.9937367,0.0,0.9885459712138153,0.0,0.9896784,0.0,0.9899180109183517,0,0.999824
34,2,3,1,0,1,1,40,0.0,0.0,0.8096643,0.0,0.8260061073058818,0.0,0.8393725,0.0,0.8514576748514968,0,0.9512808
24,2,1,3,4,1,0,40,0.0,0.0,0.9621909,0.0,0.9775846184204765,0.0,0.9657057,0.0,0.9751884553230167,0,0.9994911
20,1,7,3,1,1,0,16,0.0,0.0,0.9968662,0.0,0.98862073545169,0.0,0.99202824,0.0,0.9795846740159107,0,0.9999815
42,2,3,1,0,0,1,60,0.0,0.0,0.67806363,0.0,0.5792324355466949,0.0,0.57986367,0.0,0.6104284390804328,1,0.14840798
24,2,1,1,5,1,0,40,0.0,1.0,0.48605382,0.0,0.6821425181946255,1.0,0.3853854,1.0,0.39873330663206175,1,2.0018984e-05
19,3,7,3,4,0,0,35,0.0,0.0,0.99628115,0.0,0.9891406502629186,0.0,0.9929188,0.0,0.9871365148297145,0,0.9998241
23,2,7,3,3,1,0,30,0.0,0.0,0.9956329,0.0,0.9850402499768789,0.0,0.994788,0.0,0.9899697592334556,0,0.9998511
54,2,4,1,4,1,1,40,0.0,1.0,0.19883782,1.0,0.29715341409106233,1.0,0.44907874,1.0,0.45555080820844085,1,1.2256644e-05
42,0,4,1,2,1,1,55,0.0,1.0,0.19521564,1.0,0.20220795889722243,1.0,0.20679623,1.0,0.22258622037827225,1,8.676276e-07
32,1,7,1,1,1,1,40,0.0,0.0,0.79868054,0.0,0.8136998286224053,0.0,0.81729174,0.0,0.8646260694921326,0,0.7179367
55,3,4,1,2,1,1,40,1.0,1.0,0.24436301,1.0,0.21097620127832062,1.0,0.30299568,1.0,0.22882660599160343,1,6.0830223e-07
41,2,3,1,0,1,1,40,0.0,0.0,0.76435935,0.0,0.6982123750476055,0.0,0.74590284,0.0,0.7492192642783739,0,0.7818397
34,2,3,1,0,1,1,55,1.0,0.0,0.6661166,0.0,0.679012321207372,0.0,0.62845397,0.0,0.6436257656744688,1,0.37408176
46,2,7,1,5,1,1,40,1.0,1.0,0.40826535,1.0,0.4622350731990118,0.0,0.5273862,1.0,0.41580916199247386,1,7.4113223e-06
54,2,6,1,0,1,1,40,0.0,0.0,0.86200166,0.0,0.8938348441663115,0.0,0.85467076,0.0,0.8666959322029391,0,0.963839
33,1,3,2,1,1,0,20,0.0,0.0,0.9886555,0.0,0.9784922505649899,0.0,0.99611664,0.0,0.9714456741115826,0,0.9999882
41,3,1,2,0,1,1,35,0.0,0.0,0.92564607,0.0,0.8620386271439746,0.0,0.90802276,0.0,0.8919369439868229,0,0.99939716
48,2,3,4,0,1,0,16,0.0,0.0,0.9847094,0.0,0.9729698266766308,0.0,0.9936258,0.0,0.9899697592334556,0,0.9998203
23,0,0,0,4,1,1,56,0.0,0.0,0.90609354,0.0,0.8945586956653526,0.0,0.8816216,0.0,0.9286555139586289,0,0.999778
25,0,7,3,0,1,1,20,0.0,0.0,0.9926721,0.0,0.9828018762075212,0.0,0.9631593,0.0,0.9644058924451853,0,0.99999475
23,2,3,3,0,1,1,72,0.0,0.0,0.9703801,0.0,0.9531398117779097,0.0,0.94378865,0.0,0.951331347119149,0,0.9995962
32,2,7,1,5,1,0,40,0.0,0.0,0.65864885,0.0,0.5602830454294679,0.0,0.5280192,0.0,0.5309679499908395,1,0.021517523
46,2,4,1,4,1,1,40,1.0,1.0,0.2338022,1.0,0.3360008841447326,1.0,0.2744962,1.0,0.44805050875402486,1,9.967564e-05
34,2,0,0,4,1,0,40,0.0,0.0,0.9630621,0.0,0.9532132658674808,0.0,0.9881718,0.0,0.9791106226022882,0,0.99980086
36,2,3,3,0,0,0,48,0.0,0.0,0.9774001,0.0,0.9733451876063974,0.0,0.97295916,0.0,0.966065922937371,0,0.99975353
45,2,3,2,4,1,0,26,0.0,0.0,0.97911245,0.0,0.9799466313086741,0.0,0.98821443,0.0,0.9821267314608476,0,0.99978524
54,3,3,1,3,1,1,50,1.0,1.0,0.4673887,0.0,0.5509103539154544,0.0,0.6196575,0.0,0.5405636034881152,1,0.004820476
29,2,3,3,5,0,0,60,0.0,0.0,0.9636039,0.0,0.974652484472253,0.0,0.9203487,0.0,0.9515223347310656,0,0.99931
35,2,7,2,0,1,1,40,0.0,0.0,0.95597565,0.0,0.9335577069960147,0.0,0.9873817,0.0,0.9855313156610583,0,0.9998204
46,0,5,1,2,1,1,50,1.0,1.0,0.12380946,1.0,0.1294707471701435,1.0,0.28101987,1.0,0.18532028705853243,1,3.831768e-06
52,0,4,0,5,1,0,60,1.0,0.0,0.6199627,0.0,0.5261286224924862,0.0,0.5648424,0.0,0.550687157795958,1,0.0036318274
84,3,1,1,0,1,1,20,0.0,0.0,0.5457512,0.0,0.6389145224639531,1.0,0.37619472,0.0,0.5113522572878679,1,7.8675623e-07
39,2,3,1,2,0,0,40,0.0,0.0,0.630797,0.0,0.7620383109666464,0.0,0.5972258,0.0,0.6260557958841375,1,0.14379345
21,2,3,3,4,1,0,30,0.0,0.0,0.9972086,0.0,0.9900602327076536,0.0,0.9920653,0.0,0.989972401351476,0,0.9998242
37,2,0,0,5,1,0,48,0.0,0.0,0.880985,0.0,0.93288762778927,0.0,0.87176377,0.0,0.9359277354564993,0,0.99968505
24,0,0,1,4,1,0,40,0.0,0.0,0.7742326,1.0,0.4273521502762748,0.0,0.7302705,0.0,0.7277306171796802,0,0.6727294
61,1,7,0,1,1,0,40,0.0,0.0,0.94479597,0.0,0.9292381965523644,0.0,0.9369506,0.0,0.9336041660140575,0,0.99343336
29,0,7,1,4,1,1,40,1.0,0.0,0.69039106,0.0,0.6848870359968693,0.0,0.6269677,0.0,0.6825579628145674,1,0.44621217
53,2,1,3,4,0,0,21,1.0,0.0,0.9567732,0.0,0.9637342142366014,0.0,0.9350023,0.0,0.9572592129025544,0,0.999474
65,1,3,1,1,1,1,40,0.0,0.0,0.6892657,0.0,0.751456361101484,0.0,0.64888614,0.0,0.6641538797413258,0,0.5275641
42,2,7,0,5,1,0,38,0.0,0.0,0.95111424,0.0,0.9702872832595758,0.0,0.97908914,0.0,0.9751989369346568,0,0.9999466
36,2,6,1,0,1,1,50,0.0,0.0,0.8653405,0.0,0.8677515124853298,0.0,0.8834286,0.0,0.8781183515649496,0,0.96402633
49,2,1,1,0,1,1,40,0.0,1.0,0.38334066,1.0,0.41014098574155267,1.0,0.4364344,1.0,0.4612109306612001,1,7.7867764e-05
48,2,1,1,3,1,0,70,1.0,1.0,0.31603378,1.0,0.30891166077595744,1.0,0.23093534,1.0,0.17553269053334608,1,5.40204e-07
18,0,6,3,5,1,0,25,0.0,0.0,0.99904776,0.0,0.9881729600784622,0.0,0.9498765,0.0,0.9798773771687426,0,0.9999862
65,2,6,4,5,1,0,8,0.0,0.0,0.9873343,0.0,0.9706373097150021,0.0,0.9925204,0.0,0.9888264778304423,0,0.99990666
41,2,7,2,5,0,0,40,0.0,0.0,0.9049045,0.0,0.961023685014363,0.0,0.9758537,0.0,0.9550285425777921,0,0.9998815
38,1,6,0,1,1,0,40,0.0,0.0,0.9891185,0.0,0.9732243234092153,0.0,0.9916015,0.0,0.9796861305431934,0,0.9999759
79,3,3,1,0,1,1,40,0.0,0.0,0.6780632,0.0,0.7756933952447523,0.0,0.61360013,0.0,0.5857957100182242,1,0.041286554
28,2,3,3,5,1,1,40,0.0,0.0,0.97447246,0.0,0.9806059074381817,0.0,0.9895177,0.0,0.9855729607798328,0,0.99983025
59,1,3,1,1,1,1,60,0.0,0.0,0.6472043,0.0,0.6648360529751952,0.0,0.5815021,0.0,0.5440284656017863,1,0.16353594
27,2,1,1,5,1,1,40,1.0,1.0,0.41857398,1.0,0.4645542765255771,1.0,0.28919274,1.0,0.3778706711251074,1,6.0391653e-06
52,2,6,4,4,0,0,40,0.0,0.0,0.98961294,0.0,0.9581321589583872,0.0,0.9955049,0.0,0.9854531904165189,0,0.99981874
27,3,3,1,0,1,1,40,0.0,0.0,0.8635672,0.0,0.8533877547221802,0.0,0.85241914,0.0,0.8337343108406846,0,0.9510173
33,1,3,3,1,1,1,40,0.0,0.0,0.9847881,0.0,0.9806621479074177,0.0,0.9833649,0.0,0.9734715749927907,0,0.9999658
34,2,3,1,0,0,1,40,0.0,0.0,0.85431796,0.0,0.8818006214847144,0.0,0.8393725,0.0,0.8514576748514968,0,0.9512808
52,0,3,0,5,1,1,45,0.0,0.0,0.8496768,0.0,0.8897382399928176,0.0,0.9562288,0.0,0.8901710262171117,0,0.99965394
43,2,7,1,0,1,1,40,0.0,0.0,0.6367425,0.0,0.6502940194674255,0.0,0.6559645,0.0,0.6440673257910199,1,0.27979383
48,3,1,1,5,0,1,40,0.0,1.0,0.3525855,1.0,0.38153607280077206,1.0,0.2405293,1.0,0.2433376085147232,1,6.904143e-07
34,1,6,0,1,1,1,40,0.0,0.0,0.9909291,0.0,0.9602969534409554,0.0,0.99238193,0.0,0.9796861305431934,0,0.9999764
78,1,1,1,1,1,1,3,0.0,0.0,0.7447499,0.0,0.6937971686526125,0.0,0.68030834,0.0,0.7214916602416157,1,0.18547203
39,2,1,3,2,1,1,40,1.0,0.0,0.79669666,0.0,0.7255049644085808,0.0,0.7685196,0.0,0.790147871311323,0,0.99966764
48,2,3,1,5,1,0,40,1.0,0.0,0.64845884,0.0,0.5760818009437033,0.0,0.6163763,0.0,0.5494164969838116,1,0.032481186
28,2,3,3,0,1,1,60,0.0,0.0,0.9683765,0.0,0.9676659029429083,0.0,0.94600177,0.0,0.951331347119149,0,0.9996507
46,2,0,1,0,1,1,40,0.0,0.0,0.5916645,0.0,0.6023570476618216,0.0,0.5957234,0.0,0.6307551497623776,1,0.18744396
29,2,1,3,4,1,1,35,0.0,0.0,0.9712526,0.0,0.97513924568618,0.0,0.9676313,0.0,0.9822291735413189,0,0.9997682
52,3,2,1,2,1,1,65,1.0,1.0,0.14761758,1.0,0.218387746559761,1.0,0.2658921,1.0,0.1671800238423934,1,1.6388093e-06
24,1,0,3,1,1,1,12,0.0,0.0,0.9945945,0.0,0.9828627138971084,0.0,0.98963636,0.0,0.979953371400512,0,0.99997854
47,0,1,0,2,0,0,40,0.0,0.0,0.8234917,0.0,0.8009811716701831,0.0,0.9479202,0.0,0.9071165084083881,0,0.9821646
63,2,3,3,0,1,1,40,0.0,0.0,0.9528251,0.0,0.9528461663707767,0.0,0.96023166,0.0,0.951331347119149,0,0.99967575
59,1,7,1,1,1,1,40,0.0,0.0,0.6625382,0.0,0.7225079243284238,0.0,0.6903422,0.0,0.5532127673594027,1,0.17408954
43,2,3,1,5,1,1,40,1.0,0.0,0.54604584,1.0,0.4815441825120915,0.0,0.58901006,0.0,0.5857957100182242,1,0.06462043
64,2,3,1,5,1,1,20,0.0,0.0,0.59912604,0.0,0.6560756254666618,0.0,0.5295728,0.0,0.5988754903042048,1,0.05999658
25,2,6,3,0,1,1,40,0.0,0.0,0.99658936,0.0,0.9792740072697205,0.0,0.99247444,0.0,0.9894470222177112,0,0.9998373
33,2,1,1,5,1,1,50,1.0,1.0,0.23902404,1.0,0.17845543096733496,1.0,0.17219359,1.0,0.1845093292298321,1,4.7667575e-07
34,2,1,3,0,1,0,39,0.0,0.0,0.94565505,0.0,0.9612297712466187,0.0,0.9552924,0.0,0.9692341354505594,0,0.9997974
19,2,7,3,4,1,0,40,0.0,0.0,0.9926471,0.0,0.9869991576671626,0.0,0.9919325,0.0,0.9862453190923,0,0.99982435
24,2,1,3,2,1,1,30,0.0,0.0,0.9522161,0.0,0.9485583345774389,0.0,0.9570788,0.0,0.9772745376680484,0,0.99987745
44,2,6,1,0,0,1,40,0.0,0.0,0.9080788,0.0,0.86065181221261,0.0,0.89582634,0.0,0.894325481484722,0,0.98811907
27,2,6,0,0,1,0,40,0.0,0.0,0.9944384,0.0,0.9768545523024604,0.0,0.9867631,0.0,0.9871365148297145,0,0.9998235
52,0,0,1,5,1,1,40,0.0,1.0,0.3466305,1.0,0.38267868127283833,1.0,0.31695837,1.0,0.38647897425793687,1,6.024714e-05
34,0,3,3,0,0,1,60,0.0,0.0,0.9595574,0.0,0.9664483078806083,0.0,0.9218948,0.0,0.9185611221057948,0,0.9996499
42,2,6,1,0,1,1,45,0.0,0.0,0.85544777,0.0,0.8660914407614091,0.0,0.87427247,0.0,0.8683231364771653,0,0.9628515
28,2,7,3,3,0,1,50,0.0,0.0,0.96239007,0.0,0.9304516681946778,0.0,0.937525,0.0,0.9670590088236871,0,0.99975055
36,0,1,3,2,0,0,40,0.0,0.0,0.9028356,0.0,0.8869846014232354,0.0,0.96179605,0.0,0.8932653441977934,0,0.99952126
21,2,6,3,0,1,1,40,0.0,0.0,0.99799854,0.0,0.9848544968734129,0.0,0.992866,0.0,0.9894470222177112,0,0.9998393
49,2,7,1,0,0,1,60,0.0,0.0,0.5356512,1.0,0.489432590527094,0.0,0.60655123,1.0,0.495106849812479,1,0.00030649253
34,2,0,0,0,1,1,40,0.0,0.0,0.93604153,0.0,0.9087265555917183,0.0,0.9730876,0.0,0.9507184036565034,0,0.9997621
31,2,3,1,0,1,1,40,1.0,0.0,0.8297204,0.0,0.8260061073058818,0.0,0.8615097,0.0,0.8514576748514968,0,0.9572957
21,2,7,3,5,1,0,20,0.0,0.0,0.9947186,0.0,0.9885643456644629,0.0,0.98730516,0.0,0.9838241508629151,0,0.9999188
32,2,3,3,0,1,1,50,0.0,0.0,0.9709013,0.0,0.967642382305294,0.0,0.96990997,0.0,0.9604807726352587,0,0.9997435
51,3,3,1,3,1,1,40,0.0,0.0,0.6031228,0.0,0.6697749306332921,0.0,0.6404825,0.0,0.6081581843237006,1,0.084648445
30,2,7,1,3,1,1,40,1.0,0.0,0.71301687,0.0,0.7017540809276277,0.0,0.64635295,0.0,0.6165421067329772,1,0.30158183
39,2,3,3,3,1,0,60,0.0,0.0,0.9661963,0.0,0.9687415222399908,0.0,0.9245367,0.0,0.8976129618291201,0,0.9981863
20,2,7,3,0,1,1,25,0.0,0.0,0.99755883,0.0,0.9901931163143916,0.0,0.99647045,0.0,0.9899697592334556,0,0.99985397
31,2,3,3,5,1,0,40,0.0,0.0,0.9802991,0.0,0.9883061013755098,0.0,0.98819697,0.0,0.9798704697182886,0,0.9998259
26,2,3,3,0,1,1,60,0.0,0.0,0.9717879,0.0,0.9683178666842476,0.0,0.95229626,0.0,0.9573538297068056,0,0.99967957
36,2,1,0,2,1,0,40,0.0,0.0,0.7742,0.0,0.7896548415809622,0.0,0.84150404,0.0,0.8067607814866804,0,0.999892
49,2,3,2,0,1,0,40,0.0,0.0,0.967656,0.0,0.9604185553552529,0.0,0.96825385,0.0,0.958637769149547,0,0.9996617
51,2,3,1,5,1,0,20,0.0,0.0,0.78362054,0.0,0.6783344945658678,0.0,0.6582028,0.0,0.6662971188416416,1,0.32575294
57,3,3,1,2,0,1,60,1.0,1.0,0.4927386,1.0,0.32465117567876733,1.0,0.42344254,1.0,0.3515441509406678,1,4.8184497e-06
22,2,7,3,3,0,1,25,0.0,0.0,0.9967129,0.0,0.9819569190439317,0.0,0.9951957,0.0,0.9899697592334556,0,0.9998516
18,2,6,3,4,1,1,40,0.0,0.0,0.99930656,0.0,0.9901477511609784,0.0,0.99605906,0.0,0.9894470222177112,0,0.9998272
28,3,3,1,0,1,1,40,0.0,0.0,0.858055,0.0,0.8533877547221802,0.0,0.8433305,0.0,0.815774286483334,0,0.94262546
49,2,6,1,0,1,1,40,0.0,0.0,0.8726162,0.0,0.8897193575031812,0.0,0.86427104,0.0,0.8741853458116003,0,0.9760548
57,3,2,1,3,1,1,40,1.0,1.0,0.15171081,1.0,0.2732444598218906,1.0,0.1482969,1.0,0.250411922312998,1,6.7495307e-07
39,2,3,3,0,1,1,40,0.0,0.0,0.9783664,0.0,0.9744451295208842,0.0,0.9871588,0.0,0.9894470222177112,0,0.9997975
28,2,1,1,2,1,1,50,0.0,1.0,0.31090957,1.0,0.3218797569524887,1.0,0.24218643,1.0,0.42168599471825285,1,5.858829e-07
34,2,3,3,4,1,0,35,0.0,0.0,0.99265707,0.0,0.988998024465574,0.0,0.9920026,0.0,0.989972401351476,0,0.99982136
37,3,3,1,0,1,1,40,0.0,0.0,0.81108093,0.0,0.7671097284795567,0.0,0.7926374,0.0,0.7492192642783739,0,0.7365962
20,2,6,3,0,1,1,40,0.0,0.0,0.99834996,0.0,0.9848544968734129,0.0,0.99298584,0.0,0.9894470222177112,0,0.9998399
34,2,3,1,0,0,1,52,0.0,0.0,0.7603314,0.0,0.7015992386020278,0.0,0.6436169,0.0,0.6704731657380872,1,0.41423213
59,3,1,4,2,1,0,50,1.0,0.0,0.7559061,0.0,0.5355983779561424,1.0,0.46670026,0.0,0.6302157862270696,1,9.3181814e-05
30,2,3,1,0,1,1,40,0.0,0.0,0.836466,0.0,0.8434280307692079,0.0,0.8648797,0.0,0.8559665601920637,0,0.95947266
46,2,0,1,0,0,1,36,0.0,0.0,0.7345462,0.0,0.7178805780284607,0.0,0.67556477,0.0,0.6440673257910199,1,0.3516415
36,2,6,1,0,1,1,40,0.0,0.0,0.90928054,0.0,0.91453698579652,0.0,0.92206407,0.0,0.910074763532419,0,0.9951056
51,2,7,1,5,1,1,40,1.0,1.0,0.36769873,1.0,0.42032887215085,1.0,0.3558696,1.0,0.44010406229573173,1,9.775915e-07
57,2,6,1,4,1,1,40,0.0,0.0,0.85231066,0.0,0.9140362618987469,0.0,0.8961334,0.0,0.8534629682551022,0,0.9255096
52,0,2,1,2,1,1,70,1.0,1.0,0.12894887,1.0,0.16381325961251658,1.0,0.27400136,1.0,0.1652241815792398,1,1.0953039e-05
61,1,3,1,1,1,1,38,1.0,0.0,0.73652273,0.0,0.751456361101484,0.0,0.8904651,0.0,0.8687361431420294,0,0.92099303
40,2,6,1,0,1,1,40,0.0,0.0,0.8970931,0.0,0.9031130481711994,0.0,0.9012379,0.0,0.9024606956917652,0,0.9929395
26,2,7,3,0,1,1,40,0.0,0.0,0.983588,0.0,0.9742836418864629,0.0,0.9928271,0.0,0.9896973455652845,0,0.99983954
51,2,3,3,5,1,0,40,0.0,0.0,0.96100485,0.0,0.9715643792414925,0.0,0.95434195,0.0,0.9680639161909133,0,0.9996506
35,0,3,0,2,1,0,40,0.0,0.0,0.9373111,0.0,0.9300158664143792,0.0,0.9887569,0.0,0.9754120821506047,0,0.99997735
36,2,4,1,5,1,1,40,1.0,1.0,0.2071116,1.0,0.17837282604957372,1.0,0.32273406,1.0,0.31594287297775314,1,2.639367e-06
77,2,3,4,5,1,0,10,0.0,0.0,0.957084,0.0,0.9415653531132718,0.0,0.98014766,0.0,0.958530191837171,0,0.9997451
65,1,0,1,1,1,0,56,1.0,0.0,0.59371173,0.0,0.6991127363904748,1.0,0.33994937,1.0,0.4527587936281856,1,0.0014026547
25,2,3,3,0,1,1,40,0.0,0.0,0.990292,0.0,0.9833924674745405,0.0,0.9884554,0.0,0.9894470222177112,0,0.9998006
25,2,3,1,0,1,1,40,0.0,0.0,0.87211096,0.0,0.9318686271174813,0.0,0.8936713,0.0,0.8899013461777947,0,0.987663
43,2,0,3,5,1,0,38,0.0,0.0,0.94252914,0.0,0.9552822913428849,0.0,0.9699558,0.0,0.969195036166044,0,0.99988854
55,2,7,0,0,1,0,40,0.0,0.0,0.9338429,0.0,0.9462837528795597,0.0,0.91583395,0.0,0.9702451400118002,0,0.9998704
34,2,3,1,0,1,1,40,0.0,0.0,0.8096643,0.0,0.8260061073058818,0.0,0.8393725,0.0,0.8514576748514968,0,0.9512808
48,2,3,0,3,1,1,60,0.0,0.0,0.7990571,0.0,0.703053912350853,0.0,0.9063369,0.0,0.8855477695307886,0,0.99577206
36,2,1,1,2,0,1,55,1.0,1.0,0.30040437,1.0,0.23491202869742966,1.0,0.19927907,1.0,0.3228655306416828,1,5.709453e-07
37,2,0,3,3,0,0,6,0.0,0.0,0.9952757,0.0,0.9762613469444349,0.0,0.9918104,0.0,0.9899697592334556,0,0.999828
54,0,4,3,2,1,0,32,1.0,0.0,0.8112869,0.0,0.862664161168418,0.0,0.75137657,0.0,0.7793108811256735,0,0.9739584
36,0,7,1,5,1,1,70,0.0,1.0,0.33267474,1.0,0.40100640858026804,1.0,0.37309378,1.0,0.3532906926453304,1,1.4964431e-05
44,3,3,1,5,1,1,60,0.0,1.0,0.43256795,1.0,0.37475293723471914,0.0,0.56164265,0.0,0.5190684430259975,1,0.00049520284
30,2,1,3,3,1,1,18,0.0,0.0,0.9744129,0.0,0.9607080410041254,0.0,0.99434143,0.0,0.9899697592334556,0,0.99981076
39,2,3,0,2,1,0,40,0.0,0.0,0.9246279,0.0,0.9371131135130718,0.0,0.98903626,0.0,0.9775611068176463,0,0.99986875
25,2,3,0,3,1,0,40,0.0,0.0,0.9853766,0.0,0.9723334833220553,0.0,0.9803474,0.0,0.9808173172732457,0,0.9997811
54,2,3,1,5,0,1,20,0.0,0.0,0.7208793,0.0,0.7477593163352159,0.0,0.678396,0.0,0.6396593321985233,1,0.25929713
18,1,3,3,1,1,0,20,0.0,0.0,0.9982741,0.0,0.9896730178731824,0.0,0.97703594,0.0,0.9789198916662774,0,0.9999901
20,1,7,3,1,1,1,40,0.0,0.0,0.9954788,0.0,0.9884631029551495,0.0,0.99337745,0.0,0.9793966789580807,0,0.99997985
38,3,0,1,0,1,1,40,0.0,0.0,0.6583446,0.0,0.7312547236289042,0.0,0.6539797,0.0,0.6781807530069575,1,0.36532876
50,2,3,0,5,1,0,40,0.0,0.0,0.92951435,0.0,0.9682030843038612,0.0,0.93748033,0.0,0.9401892677508155,0,0.9995827
38,0,1,1,2,1,1,45,1.0,1.0,0.3007298,1.0,0.36031013724414196,1.0,0.32075626,1.0,0.30206213171464935,1,3.744966e-06
24,2,0,1,3,1,0,20,0.0,0.0,0.91102415,0.0,0.8761177842930086,0.0,0.90151256,0.0,0.8602185813859967,0,0.951468
30,2,6,3,0,1,1,50,0.0,0.0,0.99025184,0.0,0.9650474406640784,0.0,0.9815824,0.0,0.9810567097828234,0,0.9998122
21,2,3,3,5,0,0,40,0.0,0.0,0.99117863,0.0,0.9882517227090768,0.0,0.9899146,0.0,0.9899697592334556,0,0.99983025
49,1,7,1,1,1,1,20,1.0,0.0,0.79031044,0.0,0.7574752907184595,0.0,0.7383619,0.0,0.8195649963168279,0,0.5528554
49,0,6,1,4,1,1,40,0.0,0.0,0.8107132,0.0,0.8357877469598999,0.0,0.8608743,0.0,0.8733383290272616,0,0.97509325
31,2,5,1,2,1,0,60,1.0,1.0,0.15536672,1.0,0.23306002281093186,1.0,0.18181795,1.0,0.20839569571408956,1,5.2302835e-07
44,2,4,0,5,1,1,45,1.0,1.0,0.48317206,1.0,0.2603109957043943,0.0,0.61369646,0.0,0.5503462416863489,1,0.025031373
35,2,3,2,0,1,1,40,0.0,0.0,0.97475827,0.0,0.9670325912731935,0.0,0.97742075,0.0,0.9790106714445793,0,0.9997626
29,2,7,0,4,1,1,58,0.0,0.0,0.9150408,0.0,0.9160116601872672,0.0,0.96282303,0.0,0.9587883229796887,0,0.99969184
33,0,7,1,4,1,1,40,0.0,0.0,0.64060986,0.0,0.5957242512351637,0.0,0.6025835,0.0,0.6825579628145674,1,0.39998445
17,0,6,3,3,1,1,20,0.0,0.0,0.9999893,0.0,0.9908793570040729,0.0,0.9840002,0.0,0.9796631529947727,0,0.9999703
45,0,0,1,4,1,1,40,0.0,1.0,0.4888249,0.0,0.585124935870492,0.0,0.5625643,0.0,0.532611681533426,1,0.009984679
37,2,3,3,0,1,1,40,0.0,0.0,0.9799618,0.0,0.9750964937827985,0.0,0.9878758,0.0,0.9894470222177112,0,0.9997993
48,3,1,1,2,1,0,20,1.0,1.0,0.43152648,1.0,0.4147717903229742,1.0,0.36194247,1.0,0.41881329465553885,1,7.284222e-07
43,2,7,1,2,1,1,40,0.0,1.0,0.42091894,1.0,0.408234780933882,1.0,0.3684138,1.0,0.3449538038742237,1,8.983076e-06
24,2,7,3,3,0,0,40,0.0,0.0,0.9916905,0.0,0.9812815524318593,0.0,0.99099576,0.0,0.9899697592334556,0,0.99983406
41,3,3,1,0,1,1,40,0.0,0.0,0.79290277,0.0,0.7443164842142858,0.0,0.6994722,0.0,0.7192481148315453,0,0.5688653
38,2,1,1,2,1,1,40,1.0,1.0,0.29828978,1.0,0.24498377516406433,1.0,0.2568639,1.0,0.24897083871612624,1,5.8006634e-07
18,2,6,3,5,1,0,30,0.0,0.0,0.9992052,0.0,0.988715781126869,0.0,0.995978,0.0,0.9852089956246377,0,0.99986947
38,2,1,1,3,1,1,52,1.0,1.0,0.23924524,1.0,0.22753906059705375,1.0,0.23934913,1.0,0.26142256552021326,1,4.932627e-07
69,1,3,1,1,1,1,60,1.0,0.0,0.6280439,0.0,0.6380580642646108,0.0,0.5736035,0.0,0.5822156943966597,1,0.025544457
27,2,7,3,5,0,1,40,0.0,0.0,0.9712611,0.0,0.9780791353237348,0.0,0.98557526,0.0,0.9764106201536003,0,0.99993443
58,2,7,1,3,1,1,48,0.0,1.0,0.3019861,1.0,0.3514330509163929,1.0,0.43860155,1.0,0.3833663796424044,1,1.3037129e-06
29,2,7,1,0,1,1,40,0.0,0.0,0.75918436,0.0,0.7830580780233696,0.0,0.7645214,0.0,0.7793771376512151,0,0.8616807
30,2,7,3,5,1,1,48,0.0,0.0,0.91979724,0.0,0.953172622433975,0.0,0.972882,0.0,0.969195036166044,0,0.99993217
31,2,3,3,0,1,0,40,0.0,0.0,0.9866822,0.0,0.9850640505862723,0.0,0.988542,0.0,0.9894470222177112,0,0.999801
42,2,1,1,3,1,1,40,1.0,1.0,0.29826754,1.0,0.2872751259941543,1.0,0.4616148,1.0,0.36792829476773614,1,2.1664873e-06
40,2,6,1,3,1,1,40,0.0,0.0,0.84340537,0.0,0.8164410747358747,0.0,0.892779,0.0,0.8824963146513616,0,0.97523344
32,3,1,0,0,0,1,47,0.0,0.0,0.8522117,0.0,0.7554186062893609,0.0,0.7998085,0.0,0.8542704407044373,0,0.99957496
26,2,1,1,3,1,1,48,1.0,1.0,0.40942794,1.0,0.3282873030875586,1.0,0.40494317,1.0,0.41259283064573204,1,2.698237e-05
42,2,4,0,2,1,0,40,0.0,0.0,0.66322184,0.0,0.7781492672647823,0.0,0.8610805,0.0,0.7978145081085157,0,0.6435069
33,2,3,2,0,1,1,30,0.0,0.0,0.9872305,0.0,0.9724411674185034,0.0,0.98764545,0.0,0.9894470222177112,0,0.9997986
23,2,3,0,0,1,1,50,0.0,0.0,0.9666994,0.0,0.9484351590446737,0.0,0.97366357,0.0,0.9573538297068056,0,0.99974436
45,2,4,1,5,1,1,40,1.0,1.0,0.16147184,1.0,0.15813647068705916,1.0,0.27941763,1.0,0.244556772491068,1,5.6552835e-07
26,2,7,1,5,1,1,40,0.0,0.0,0.69050086,0.0,0.6728557322660943,0.0,0.6325661,0.0,0.6307551497623776,1,0.2509421
37,3,7,1,3,1,1,60,1.0,1.0,0.44605517,1.0,0.3618196651208093,1.0,0.36514574,1.0,0.43062578368705906,1,1.1506365e-05
31,2,3,3,4,1,0,8,0.0,0.0,0.99798447,0.0,0.9897251138833613,0.0,0.9921934,0.0,0.989972401351476,0,0.9998266
27,2,6,1,0,1,1,55,0.0,0.0,0.8930536,0.0,0.8992492721683192,0.0,0.8967469,0.0,0.8913691110960239,0,0.98336387
37,2,6,2,4,0,0,40,0.0,0.0,0.9923524,0.0,0.9772528331733401,0.0,0.99583125,0.0,0.9855313156610583,0,0.9998178
21,2,7,3,2,1,0,10,0.0,0.0,0.9946547,0.0,0.9871192869011455,0.0,0.91938365,0.0,0.9693438363382854,0,0.99990296
60,2,6,1,0,1,1,49,0.0,0.0,0.80112445,0.0,0.8526061261816725,0.0,0.77471805,0.0,0.7723129182333668,0,0.80698204
45,3,3,1,0,1,1,40,1.0,0.0,0.77480006,0.0,0.7350142465185732,0.0,0.70744705,0.0,0.6825579628145674,1,0.488455
28,2,3,1,0,1,1,45,0.0,0.0,0.78491485,0.0,0.8322904103244841,0.0,0.814047,0.0,0.8096661714076477,0,0.9044408
46,2,6,4,4,0,0,30,0.0,0.0,0.9947608,0.0,0.9806306523832238,0.0,0.9940744,0.0,0.9899153546152761,0,0.9998229
26,2,7,3,0,1,1,40,0.0,0.0,0.983588,0.0,0.9742836418864629,0.0,0.9928271,0.0,0.9896973455652845,0,0.99983954
50,3,3,1,5,1,1,45,1.0,1.0,0.47510433,1.0,0.4883499145660066,0.0,0.668213,0.0,0.5466986192976098,1,0.0018263843
76,1,6,1,1,1,1,1,0.0,0.0,0.98382044,0.0,0.9078543319035082,0.0,0.9984694,0.0,0.9797463203798439,0,0.9999919
52,3,6,1,3,1,1,45,0.0,0.0,0.74724686,0.0,0.7869408964864694,0.0,0.77705276,0.0,0.7723129182333668,0,0.8310466
30,2,7,0,0,0,1,40,0.0,0.0,0.96420413,0.0,0.9424616656790193,0.0,0.9866321,0.0,0.9810567097828234,0,0.99981886
40,2,1,3,4,0,0,48,0.0,0.0,0.89987546,0.0,0.9281172908174814,0.0,0.68273723,0.0,0.8203113888890639,0,0.97319216
33,2,1,3,3,1,0,40,0.0,0.0,0.9471683,0.0,0.9538052207245584,0.0,0.9032661,0.0,0.8854128499678208,0,0.99946445
64,3,3,1,3,1,1,5,0.0,0.0,0.839392,0.0,0.7135258554657287,0.0,0.71346927,0.0,0.7232939487563508,0,0.646521
35,2,7,1,3,1,1,70,0.0,1.0,0.37247145,1.0,0.41985414915078356,1.0,0.44093895,1.0,0.38626797697345006,1,1.4207058e-05
64,2,3,1,4,0,1,60,1.0,1.0,0.46989018,0.0,0.5785983888931935,0.0,0.5193573,1.0,0.4643865590624,1,0.0034022434
26,2,3,1,0,1,1,40,1.0,0.0,0.86434996,0.0,0.9245526407641094,0.0,0.8824911,0.0,0.8868368665865113,0,0.98454106
37,0,3,1,4,1,0,20,0.0,0.0,0.86448866,0.0,0.7790824435896884,0.0,0.8930018,0.0,0.8830768082661736,0,0.97885484
58,2,4,0,2,1,1,20,0.0,0.0,0.70645416,0.0,0.5729558330465816,0.0,0.76584876,0.0,0.7865359432975112,0,0.9748267
19,2,3,3,0,1,1,30,0.0,0.0,0.99833214,0.0,0.9909925709319289,0.0,0.99191034,0.0,0.9894470222177112,0,0.9998165
51,3,3,1,0,1,1,40,0.0,0.0,0.74889505,0.0,0.7095340583885645,0.0,0.6987039,0.0,0.688730893433606,1,0.4627116
27,2,1,3,5,1,1,40,0.0,0.0,0.8909325,0.0,0.9357815323319116,0.0,0.91670746,0.0,0.958591550653886,0,0.9997794
20,2,3,3,5,0,0,15,0.0,0.0,0.9976046,0.0,0.9895056142894738,0.0,0.99412376,0.0,0.9899697592334556,0,0.99984026
57,2,6,0,0,1,1,75,0.0,0.0,0.94054854,0.0,0.9025780392563046,0.0,0.95096093,0.0,0.9233717085820881,0,0.99973625
24,0,1,3,2,0,1,40,0.0,0.0,0.9429692,0.0,0.9126089179848493,0.0,0.9224504,0.0,0.9429648883443956,0,0.99998796
37,2,7,1,0,1,1,75,1.0,1.0,0.47110546,1.0,0.4934907768227572,1.0,0.4764436,1.0,0.4949088791237174,1,0.0022887972
58,3,3,1,3,1,0,35,1.0,0.0,0.81742024,0.0,0.7505325450973158,0.0,0.6899426,0.0,0.6419756771666179,1,0.2788305
34,2,3,1,3,1,1,60,0.0,1.0,0.49147165,0.0,0.5137225581380316,0.0,0.52292705,0.0,0.566742125015939,1,0.08069923
30,3,7,1,5,1,0,55,1.0,1.0,0.49739933,0.0,0.6186076190314547,1.0,0.33754385,0.0,0.5041070954390197,1,5.2924133e-06
27,2,3,2,0,1,0,40,0.0,0.0,0.98113775,0.0,0.9725960974722521,0.0,0.98140824,0.0,0.9868458066073523,0,0.99977905
24,2,1,1,2,0,0,40,0.0,1.0,0.46399766,0.0,0.5428880048153322,1.0,0.4146142,0.0,0.5260952938111516,1,1.3833347e-05
37,3,1,1,0,1,1,55,1.0,1.0,0.39674205,0.0,0.5672074490331924,1.0,0.39348572,1.0,0.3492481646917319,1,6.728298e-06
51,2,7,1,5,1,1,40,0.0,1.0,0.36769873,1.0,0.42032887215085,1.0,0.3558696,1.0,0.44010406229573173,1,9.775915e-07
38,2,6,0,3,1,0,40,0.0,0.0,0.99117297,0.0,0.9784728762670601,0.0,0.9865352,0.0,0.9871365148297145,0,0.99981517
41,3,4,1,5,1,1,50,1.0,1.0,0.19300991,1.0,0.20427637925917974,1.0,0.3025322,1.0,0.2979865747095082,1,7.617763e-07
55,3,5,4,2,1,1,55,1.0,0.0,0.5000591,1.0,0.26370003069695913,1.0,0.42199016,0.0,0.5805427308217441,1,5.1112285e-05
66,3,1,1,3,1,1,40,1.0,1.0,0.2636851,1.0,0.3820815055164135,1.0,0.2845428,1.0,0.29168971725560777,1,5.42457e-07
39,2,3,3,0,0,0,52,0.0,0.0,0.9703871,0.0,0.9710290315136193,0.0,0.94239676,0.0,0.930597877403704,0,0.99962115
44,2,1,1,0,1,1,12,0.0,0.0,0.67713594,0.0,0.7913550813353825,0.0,0.63304394,0.0,0.639052074019741,1,0.2722354
72,2,6,0,4,0,0,35,0.0,0.0,0.9874445,0.0,0.9659449241635023,0.0,0.994845,0.0,0.9855313156610583,0,0.9998155
53,2,3,1,0,1,1,40,1.0,0.0,0.694502,0.0,0.5649443162141652,0.0,0.6339659,0.0,0.667714424362824,1,0.29097065
66,2,0,1,0,1,1,40,1.0,1.0,0.46763897,0.0,0.5773287792168976,1.0,0.3302021,1.0,0.4997136811814312,1,0.0021168513
17,2,6,3,3,1,1,20,0.0,0.0,0.9999939,0.0,0.9895336339075417,0.0,0.99629074,0.0,0.9894470222177112,0,0.99984753
29,2,7,3,5,1,0,40,0.0,0.0,0.9700184,0.0,0.9861827339799554,0.0,0.98198384,0.0,0.9764106201536003,0,0.9999348
27,2,3,0,3,1,0,40,0.0,0.0,0.9837024,0.0,0.9708744131172061,0.0,0.97978187,0.0,0.9808173172732457,0,0.99977964
48,2,6,0,4,1,0,31,0.0,0.0,0.99369097,0.0,0.9780518204967004,0.0,0.9960879,0.0,0.9896973455652845,0,0.999819
47,2,7,1,0,1,1,40,0.0,0.0,0.6075274,0.0,0.6462050936218486,0.0,0.5984794,0.0,0.6307551497623776,1,0.19299641
45,2,7,0,4,0,0,40,0.0,0.0,0.96212906,0.0,0.9732959778761138,0.0,0.9858977,0.0,0.9774764050606242,0,0.99977905
36,2,3,1,0,1,1,50,0.0,0.0,0.6828108,0.0,0.6670014219840698,0.0,0.65765715,0.0,0.6905995531522752,1,0.43816707
26,0,4,3,2,1,1,40,0.0,0.0,0.8888173,0.0,0.8957182355661454,0.0,0.8771365,0.0,0.9433374190924634,0,0.9996958
52,2,1,0,0,1,1,40,0.0,0.0,0.7937843,0.0,0.73886753337265,0.0,0.89182323,0.0,0.8919369439868229,0,0.9992735
65,2,3,1,0,1,1,30,0.0,0.0,0.75006884,0.0,0.8547040318239543,0.0,0.6552376,0.0,0.6802250298160285,1,0.410671
46,1,6,1,1,1,1,40,0.0,0.0,0.9238048,0.0,0.8720583150862219,0.0,0.9649137,0.0,0.9150459784675735,0,0.9997482
61,2,3,1,0,1,1,40,0.0,0.0,0.6560302,0.0,0.6855422383669117,0.0,0.6173782,0.0,0.6307793578535944,1,0.20206133
49,2,6,1,4,1,0,40,0.0,0.0,0.90494406,0.0,0.9373906084195442,0.0,0.90918905,0.0,0.864503854964555,0,0.9597099
25,2,7,3,0,1,1,40,0.0,0.0,0.9851779,0.0,0.9771182333007605,0.0,0.9930832,0.0,0.9896973455652845,0,0.99984026
29,3,6,1,4,1,0,5,0.0,0.0,0.9890261,0.0,0.9590862119576962,0.0,0.9586429,0.0,0.9762592416664831,0,0.99969256
59,2,2,1,2,1,1,50,1.0,1.0,0.09338689,1.0,0.12643799055118765,1.0,0.111593544,1.0,0.22766060978636637,1,8.2482256e-07
29,2,7,3,5,1,1,45,0.0,0.0,0.93069196,0.0,0.9624060121751519,0.0,0.9737466,0.0,0.969195036166044,0,0.9999385
35,2,3,1,0,1,1,40,0.0,0.0,0.8028288,0.0,0.8285000847613533,0.0,0.8261456,0.0,0.8514576748514968,0,0.9466285
28,2,7,3,5,1,0,26,0.0,0.0,0.98713905,0.0,0.9872441136355411,0.0,0.9779125,0.0,0.9779150750591122,0,0.99994993
49,0,4,1,2,1,0,50,1.0,1.0,0.20374769,1.0,0.14731641544792118,1.0,0.20094639,1.0,0.23169206545249466,1,7.630618e-07
31,2,3,3,0,1,1,45,0.0,0.0,0.97642183,0.0,0.9753045504908815,0.0,0.9790771,0.0,0.9798850381716767,0,0.9997789
35,2,7,1,3,1,1,40,1.0,0.0,0.6461077,0.0,0.7012247807204135,0.0,0.6388614,0.0,0.6137709509575481,1,0.16351621
38,2,1,3,0,1,0,8,0.0,0.0,0.9795052,0.0,0.9676666080930323,0.0,0.9957873,0.0,0.9899697592334556,0,0.99984884
73,3,6,1,0,1,1,40,0.0,0.0,0.87178844,0.0,0.8432164687198627,0.0,0.8172426,0.0,0.8257778323010256,0,0.8932457
58,2,7,1,3,1,1,40,1.0,1.0,0.41077673,1.0,0.4987239079638951,1.0,0.41056418,1.0,0.42808875035882477,1,3.0695926e-05
27,2,1,1,5,1,1,40,0.0,1.0,0.41857398,1.0,0.4645542765255771,1.0,0.28919274,1.0,0.3778706711251074,1,6.0391653e-06
44,2,4,1,5,1,1,40,1.0,1.0,0.16600174,1.0,0.15813647068705916,1.0,0.2999205,1.0,0.244556772491068,1,6.455747e-07
18,1,7,3,1,1,1,16,0.0,0.0,0.9990641,0.0,0.9888645188946411,0.0,0.994504,0.0,0.9793126218279188,0,0.9999827
28,2,1,1,5,1,1,60,0.0,1.0,0.24177307,1.0,0.22108889027584377,1.0,0.17665923,1.0,0.18580758239438355,1,4.7683213e-07
56,0,7,0,5,1,0,35,0.0,0.0,0.9272225,0.0,0.95014779778431,0.0,0.98037815,0.0,0.96105553376129,0,0.99984944
69,2,3,1,4,1,1,20,0.0,0.0,0.7593751,0.0,0.8360874611193756,0.0,0.61372685,0.0,0.6594626480676056,1,0.37830576
58,0,1,1,2,1,1,58,0.0,1.0,0.24681586,1.0,0.28829405950621134,1.0,0.18438393,1.0,0.19853136880021427,1,4.847681e-06
38,2,3,3,4,1,0,40,0.0,0.0,0.9843139,0.0,0.9847707844381945,0.0,0.98910534,0.0,0.9819824887897047,0,0.9998061
31,2,3,1,0,1,1,40,0.0,0.0,0.8297204,0.0,0.8260061073058818,0.0,0.8615097,0.0,0.8514576748514968,0,0.9572957
48,0,3,0,0,1,1,40,0.0,0.0,0.93226737,0.0,0.9278722755026922,0.0,0.9520928,0.0,0.9616298239367893,0,0.99986005
37,2,6,3,4,1,1,40,0.0,0.0,0.9936888,0.0,0.9850023927912762,0.0,0.99651283,0.0,0.9894470222177112,0,0.99981874
23,2,3,3,4,1,0,35,0.0,0.0,0.9960508,0.0,0.989796157262187,0.0,0.99160075,0.0,0.989972401351476,0,0.9998233
25,2,0,0,4,1,0,25,0.0,0.0,0.9868684,0.0,0.9594246136882192,0.0,0.9951083,0.0,0.9894470222177112,0,0.9998242
63,2,3,2,0,1,0,20,0.0,0.0,0.97966176,0.0,0.971586434858461,0.0,0.98428804,0.0,0.9753459139009519,0,0.9997838
22,0,7,3,4,1,1,45,0.0,0.0,0.9737516,0.0,0.9795930035351169,0.0,0.9464398,0.0,0.9751989369346568,0,0.99998796
40,0,0,1,4,1,1,40,1.0,0.0,0.5253227,0.0,0.585124935870492,0.0,0.50090754,0.0,0.607730064955667,1,0.0421184
59,0,3,2,4,0,0,40,0.0,0.0,0.9248556,0.0,0.9535237749529096,0.0,0.93751276,0.0,0.9076612670000996,0,0.9990012
44,2,3,1,0,1,1,40,1.0,0.0,0.74653363,0.0,0.6982123750476055,0.0,0.7334559,0.0,0.7492192642783739,0,0.7448542
43,2,3,1,4,0,1,40,1.0,0.0,0.76439995,0.0,0.8146307850590476,0.0,0.692578,0.0,0.7270980046140316,0,0.53486925
29,2,1,1,0,1,1,20,0.0,0.0,0.72858036,0.0,0.803302726437322,0.0,0.7308911,0.0,0.7301202781336622,0,0.64704645
27,2,1,3,0,1,1,40,0.0,0.0,0.9456046,0.0,0.957989816363599,0.0,0.956285,0.0,0.9496483812269406,0,0.9997166
53,2,3,1,0,1,1,40,1.0,0.0,0.694502,0.0,0.5649443162141652,0.0,0.6339659,0.0,0.667714424362824,1,0.29097065
52,2,1,1,3,1,1,40,1.0,1.0,0.24327105,1.0,0.2585636848885168,1.0,0.30323458,1.0,0.32138613904505486,1,5.189116e-07
41,2,3,1,0,1,1,40,0.0,0.0,0.76435935,0.0,0.6982123750476055,0.0,0.74590284,0.0,0.7492192642783739,0,0.7818397
30,2,5,3,4,1,0,24,0.0,0.0,0.9623692,0.0,0.9837436635443071,0.0,0.96341765,0.0,0.9805102365369096,0,0.9995409
43,2,0,1,3,1,1,50,1.0,1.0,0.3616721,1.0,0.3644269978308944,1.0,0.44493592,1.0,0.44805050875402486,1,0.0001292582
26,2,3,1,3,1,1,40,0.0,0.0,0.8126007,0.0,0.8360812092309984,0.0,0.8172018,0.0,0.8340187964200334,0,0.9196252
29,2,3,1,5,1,0,20,0.0,0.0,0.87949824,0.0,0.9420698575339234,0.0,0.8497766,0.0,0.8665396820648339,0,0.95687914
27,3,3,1,0,1,1,50,0.0,0.0,0.80086344,0.0,0.8082527799369671,0.0,0.69286203,0.0,0.7192481148315453,0,0.6144973
28,1,0,3,1,1,1,40,0.0,0.0,0.9782287,0.0,0.9600901648176771,0.0,0.9767178,0.0,0.972891745394733,0,0.99996495
19,2,7,3,4,1,0,20,0.0,0.0,0.9977745,0.0,0.9894253245275266,0.0,0.9926937,0.0,0.9899153546152761,0,0.99982846
42,2,6,1,0,0,1,40,0.0,0.0,0.9136127,0.0,0.86065181221261,0.0,0.89951074,0.0,0.9024606956917652,0,0.99105936
26,2,3,1,0,1,1,50,0.0,0.0,0.7774699,0.0,0.8482833165316199,0.0,0.751664,0.0,0.7723129182333668,0,0.78744483
44,2,3,3,5,1,1,55,1.0,0.0,0.87114185,0.0,0.9394728727034858,0.0,0.90825516,0.0,0.8995558928640823,0,0.99873406
29,2,1,3,5,1,0,45,1.0,0.0,0.87853795,0.0,0.9020996268155254,0.0,0.9099631,0.0,0.8432091809404638,0,0.99911696
20,2,0,3,0,1,1,20,0.0,0.0,0.99557865,0.0,0.986490299437161,0.0,0.99414706,0.0,0.9899697592334556,0,0.999843
28,2,6,3,4,0,0,30,0.0,0.0,0.99869573,0.0,0.9895062188162426,0.0,0.9966186,0.0,0.9899697592334556,0,0.9998281
30,2,0,0,3,1,1,52,0.0,0.0,0.8674877,0.0,0.5455486051400438,0.0,0.8167023,0.0,0.8948796833519932,0,0.99915314
31,3,2,3,2,1,0,48,0.0,0.0,0.79047936,0.0,0.8540925908631616,1.0,0.32042944,1.0,0.32385529909898936,1,0.00020254211
35,2,3,0,4,1,0,50,0.0,0.0,0.95209515,0.0,0.9663446664322657,0.0,0.9648215,0.0,0.9541943920855046,0,0.99953604
42,2,1,1,5,0,1,40,1.0,1.0,0.31782782,1.0,0.27034613136662733,1.0,0.16101694,1.0,0.20861537804017338,1,4.6556158e-07
19,2,6,3,0,1,1,25,0.0,0.0,0.99949944,0.0,0.9896876848703691,0.0,0.996004,0.0,0.9899697592334556,0,0.99985313
17,2,6,3,3,1,0,20,0.0,0.0,0.9999909,0.0,0.9889400705896604,0.0,0.99629074,0.0,0.9894470222177112,0,0.99984753
27,2,3,3,0,1,1,40,0.0,0.0,0.9884606,0.0,0.9809641516465788,0.0,0.9885181,0.0,0.9894470222177112,0,0.99980086
38,0,3,3,5,1,1,45,1.0,0.0,0.9249926,0.0,0.949524531550156,0.0,0.946493,0.0,0.9543482969303311,0,0.9999027
29,2,3,1,0,1,1,60,0.0,0.0,0.687249,0.0,0.7464464742136563,0.0,0.7263609,0.0,0.7267323667715737,0,0.5151918
45,2,3,3,4,0,0,40,0.0,0.0,0.98134166,0.0,0.9855185838005883,0.0,0.9878184,0.0,0.9819824887897047,0,0.999801
42,2,1,1,3,0,1,40,1.0,1.0,0.38698876,1.0,0.28812072211244155,1.0,0.4616148,1.0,0.36792829476773614,1,2.1664873e-06
34,3,7,1,0,1,1,40,0.0,0.0,0.7370834,0.0,0.7215604430239534,0.0,0.66792256,0.0,0.7237248752203408,0,0.5845621
23,2,6,3,4,1,1,30,0.0,0.0,0.99917567,0.0,0.9900583025857487,0.0,0.9970063,0.0,0.9899697592334556,0,0.99983096
52,2,0,1,2,1,1,40,1.0,1.0,0.329278,1.0,0.3350847432227837,1.0,0.44218057,1.0,0.4529131748647033,1,1.5473291e-06
34,2,7,1,0,1,1,40,0.0,0.0,0.7106384,0.0,0.7336674494282687,0.0,0.69349873,0.0,0.7301202781336622,0,0.73095447
54,3,1,1,5,1,1,45,1.0,1.0,0.2250334,1.0,0.22264197167440036,1.0,0.22063226,1.0,0.23555433791108749,1,5.177613e-07
59,2,1,0,5,1,0,40,0.0,0.0,0.76644737,0.0,0.7510159595353001,0.0,0.66927487,0.0,0.5441436053374209,1,0.038030174
45,2,1,1,5,1,1,60,1.0,1.0,0.14458948,1.0,0.12979690600194804,1.0,0.2122482,1.0,0.15508180428082907,1,5.337598e-07
30,2,3,0,4,1,0,36,0.0,0.0,0.9846553,0.0,0.9813660445356945,0.0,0.991152,0.0,0.985643797636976,0,0.9998153
38,2,0,0,5,0,0,40,0.0,0.0,0.93463856,0.0,0.9513835194920531,0.0,0.93791133,0.0,0.9616298239367893,0,0.99976736
57,3,6,1,3,1,1,15,0.0,0.0,0.90356034,0.0,0.8714885101860363,0.0,0.89811504,0.0,0.8912079960027571,0,0.99393046
31,2,3,3,2,1,1,43,0.0,0.0,0.9389101,0.0,0.9362946074035134,0.0,0.99068993,0.0,0.9612485867523343,0,0.9998801
23,2,6,3,0,1,1,40,0.0,0.0,0.9972949,0.0,0.9802893598467025,0.0,0.9926591,0.0,0.9894470222177112,0,0.99983835
51,0,1,1,2,1,0,40,1.0,1.0,0.32693833,1.0,0.2993574325968128,1.0,0.2479667,1.0,0.2129584605867112,1,4.2051665e-06
37,2,3,1,0,0,1,40,0.0,0.0,0.8405197,0.0,0.8437937456002806,0.0,0.8224476,0.0,0.8194254020385872,0,0.92583656
26,2,7,3,0,1,1,40,0.0,0.0,0.983588,0.0,0.9742836418864629,0.0,0.9928271,0.0,0.9896973455652845,0,0.99983954
32,2,3,3,0,1,1,40,0.0,0.0,0.98393226,0.0,0.9806113063845955,0.0,0.9885155,0.0,0.9894470222177112,0,0.999801
43,0,4,1,4,1,1,35,1.0,1.0,0.3764413,0.0,0.554900994341947,1.0,0.44316536,1.0,0.44900248655589037,1,0.00013283735
47,2,7,4,0,1,0,25,0.0,0.0,0.9672994,0.0,0.9570730717708411,0.0,0.99100196,0.0,0.9899697592334556,0,0.99983895
26,2,3,3,5,1,1,40,0.0,0.0,0.9782482,0.0,0.982951889923401,0.0,0.9897157,0.0,0.9872993086838594,0,0.99983096
51,2,6,1,0,1,0,40,0.0,0.0,0.8923734,0.0,0.9287915804089624,0.0,0.8527765,0.0,0.8741853458116003,0,0.9702424
46,2,3,1,5,1,0,28,1.0,0.0,0.7771063,0.0,0.7251705754750931,0.0,0.64406866,0.0,0.6749041830305667,1,0.35533634
75,2,3,4,5,1,0,40,0.0,0.0,0.9048579,0.0,0.9436820188900168,0.0,0.9208396,0.0,0.8677432873757903,0,0.9977841
21,2,3,1,2,1,1,40,1.0,0.0,0.7736124,0.0,0.7847908707585691,0.0,0.8550919,0.0,0.8268884012168238,0,0.9048968
47,2,3,0,3,1,0,45,0.0,0.0,0.9503014,0.0,0.952522909488544,0.0,0.89900446,0.0,0.9233597851160676,0,0.99917966
47,2,6,0,5,1,0,40,0.0,0.0,0.9774876,0.0,0.9765452474158721,0.0,0.9562012,0.0,0.9699410371488052,0,0.999864
44,2,3,1,0,0,1,40,0.0,0.0,0.8083254,0.0,0.7866592009135136,0.0,0.7334559,0.0,0.7492192642783739,0,0.7448542
33,2,3,1,0,0,1,40,0.0,0.0,0.85882306,0.0,0.8874276151174514,0.0,0.8508402,0.0,0.8514576748514968,0,0.9541912
65,2,5,1,2,1,1,60,1.0,1.0,0.0796988,1.0,0.18053876949117476,1.0,0.17321116,1.0,0.2034275185390899,1,5.098148e-07
39,2,3,1,3,0,0,28,0.0,0.0,0.90292066,0.0,0.9340619434108857,0.0,0.8312049,0.0,0.8597446192486264,0,0.9413047
66,1,6,0,1,1,0,20,0.0,0.0,0.9859221,0.0,0.9724782016234598,0.0,0.9905877,0.0,0.9796861305431934,0,0.99998105
37,2,7,1,0,1,1,40,1.0,0.0,0.6844278,0.0,0.6755118515967254,0.0,0.70754004,0.0,0.6749041830305667,0,0.584974
39,0,0,0,4,1,0,55,0.0,0.0,0.8687427,0.0,0.8684116674070832,0.0,0.9162389,0.0,0.8771656339209887,0,0.9998061
40,2,3,0,5,1,0,38,0.0,0.0,0.9630186,0.0,0.9762418761294732,0.0,0.97931087,0.0,0.9788326511443995,0,0.99979955
40,2,7,1,5,1,0,40,1.0,0.0,0.5786347,1.0,0.4911642370875581,1.0,0.49585629,0.0,0.5115341887704428,1,0.00026742287
46,2,7,1,0,1,1,40,0.0,0.0,0.614899,0.0,0.6151284267507521,0.0,0.60920346,0.0,0.6342640684749676,1,0.21110936
53,0,7,0,0,1,1,40,0.0,0.0,0.89762473,0.0,0.9121426574568893,0.0,0.9917605,0.0,0.9785541387165085,0,0.9999777
18,2,7,3,3,1,0,15,0.0,0.0,0.9990396,0.0,0.9841534975195141,0.0,0.9960127,0.0,0.9899697592334556,0,0.9998504
41,2,1,1,3,1,1,50,1.0,1.0,0.23318672,1.0,0.22753906059705375,1.0,0.24988896,1.0,0.24108660757281386,1,4.978369e-07
39,2,0,2,2,1,0,30,0.0,0.0,0.8631331,0.0,0.9016984113837473,0.0,0.97266334,0.0,0.976598331993019,0,0.999851
62,2,6,1,0,1,1,24,0.0,0.0,0.9072244,0.0,0.9044640332305185,0.0,0.90265346,0.0,0.8932387922048165,0,0.989019
42,3,6,1,4,0,0,50,0.0,0.0,0.8920905,0.0,0.9266127488254815,0.0,0.8256493,0.0,0.8243892803619826,0,0.9124713
31,0,3,1,5,1,1,40,1.0,0.0,0.6550468,0.0,0.5782479765440294,1.0,0.49113786,0.0,0.647263274773682,1,0.20845848
40,2,3,0,0,1,1,48,0.0,0.0,0.93009496,0.0,0.9423199872404537,0.0,0.93931305,0.0,0.94187309378487,0,0.99966896
49,2,1,1,0,1,1,40,1.0,1.0,0.38334066,1.0,0.41014098574155267,1.0,0.4364344,1.0,0.4612109306612001,1,7.7867764e-05
36,0,0,1,4,1,0,40,0.0,0.0,0.6839297,0.0,0.532466171757336,0.0,0.56948733,0.0,0.6081581843237006,1,0.18867971
33,2,0,3,3,0,1,36,0.0,0.0,0.9700068,0.0,0.9593467108818757,0.0,0.9916338,0.0,0.9894470222177112,0,0.99982965
52,2,4,0,2,1,0,40,0.0,0.0,0.6160737,0.0,0.7241107796521409,0.0,0.6016099,0.0,0.6467282507962482,1,0.06390928
25,2,6,1,0,1,1,40,0.0,0.0,0.948379,0.0,0.9552442829977221,0.0,0.9612544,0.0,0.9453412262246254,0,0.9972366
22,2,7,3,4,0,0,30,0.0,0.0,0.99601907,0.0,0.9905940048705433,0.0,0.9913854,0.0,0.9899180109183517,0,0.99982834
51,0,6,4,4,1,0,24,0.0,0.0,0.98920006,0.0,0.9511542296770872,0.0,0.97490567,0.0,0.979568160064048,0,0.99998116
19,2,3,3,3,1,0,12,0.0,0.0,0.9992006,0.0,0.9884453031830714,0.0,0.9923929,0.0,0.9899697592334556,0,0.99983096
46,2,3,1,3,1,0,40,1.0,0.0,0.79253817,0.0,0.8137912881747739,0.0,0.6178837,0.0,0.6307793578535944,1,0.20025769
47,2,3,1,0,0,1,40,1.0,0.0,0.7939501,0.0,0.7629594671366072,0.0,0.71150386,0.0,0.7277306171796802,0,0.65423334
47,2,4,0,4,1,1,40,0.0,0.0,0.68856454,0.0,0.7447565440224653,0.0,0.86771727,0.0,0.7625777884527452,0,0.9248504
63,3,5,1,2,1,1,50,1.0,1.0,0.12194127,1.0,0.1478015168452569,1.0,0.1597622,1.0,0.1972253798412118,1,6.3329344e-07
30,2,0,3,4,0,1,40,0.0,0.0,0.9758081,0.0,0.9784035725663042,0.0,0.9841063,0.0,0.9854531904165189,0,0.9998092
43,2,4,1,2,1,1,55,0.0,1.0,0.15033674,1.0,0.18924675272249147,1.0,0.19508195,1.0,0.23290261972802606,1,5.4199984e-07
31,3,7,1,5,1,0,20,1.0,0.0,0.8227229,0.0,0.8151763996211415,0.0,0.6857225,0.0,0.7464762239493377,0,0.5019113
26,2,6,1,0,1,1,40,0.0,0.0,0.94403595,0.0,0.9527328621802601,0.0,0.9604948,0.0,0.9453412262246254,0,0.99716645
24,2,3,3,0,0,1,40,0.0,0.0,0.99177986,0.0,0.9809641516465788,0.0,0.9884128,0.0,0.9894470222177112,0,0.9998005
32,2,3,3,0,1,1,50,0.0,0.0,0.9709013,0.0,0.967642382305294,0.0,0.96990997,0.0,0.9604807726352587,0,0.9997435
22,0,7,1,3,1,1,37,0.0,0.0,0.87847745,0.0,0.7999469130643082,0.0,0.89935446,0.0,0.8601444966927198,0,0.9888278
32,2,7,3,0,1,1,40,0.0,0.0,0.97289026,0.0,0.9707418936488321,0.0,0.99178195,0.0,0.984442045415811,0,0.99983907
33,2,1,1,2,1,1,50,0.0,1.0,0.27229726,1.0,0.29233832401907933,1.0,0.2604993,1.0,0.19147091871780275,1,5.493582e-07
58,2,6,0,4,1,0,40,0.0,0.0,0.9865829,0.0,0.9746133808854486,0.0,0.9946,0.0,0.9855313156610583,0,0.99981326
37,2,3,3,5,1,0,55,0.0,0.0,0.950488,0.0,0.9601332600293286,0.0,0.9080722,0.0,0.9300028778653444,0,0.9991252
23,2,1,3,2,1,0,21,0.0,0.0,0.96784955,0.0,0.9779491799496759,0.0,0.963875,0.0,0.976598331993019,0,0.9998746
40,2,0,3,4,1,1,25,0.0,0.0,0.9754299,0.0,0.9759896253624303,0.0,0.98789144,0.0,0.9899180109183517,0,0.99980766
41,2,3,1,5,1,0,60,0.0,0.0,0.52283037,0.0,0.541744132723343,0.0,0.5111705,0.0,0.5277608128365854,1,0.0018863649
26,3,3,1,5,1,1,40,0.0,0.0,0.7238071,0.0,0.7299818066089785,0.0,0.71548843,0.0,0.724995034244779,0,0.52763885
49,2,3,1,0,1,1,45,1.0,0.0,0.6285631,0.0,0.5284051385909796,0.0,0.6133009,0.0,0.6307793578535944,1,0.20035407
42,3,0,1,3,1,1,40,0.0,1.0,0.46606845,1.0,0.42882629132328454,0.0,0.6338542,0.0,0.532611681533426,1,0.01143736
54,2,1,1,0,1,1,45,1.0,1.0,0.32501566,1.0,0.326500492833953,1.0,0.3011434,1.0,0.31839492696429283,1,6.9610013e-07
27,2,3,1,0,1,1,50,0.0,0.0,0.76628923,0.0,0.8212098986682335,0.0,0.74094474,0.0,0.7723129182333668,0,0.77625644
30,2,1,3,3,1,1,40,0.0,0.0,0.90746707,0.0,0.901370529510854,0.0,0.91603994,0.0,0.8854128499678208,0,0.99948186
33,2,3,1,0,1,1,40,0.0,0.0,0.8164758,0.0,0.8260061073058818,0.0,0.8508402,0.0,0.8514576748514968,0,0.9541912
24,2,0,3,0,1,1,40,0.0,0.0,0.9760023,0.0,0.9684750684184379,0.0,0.9838635,0.0,0.9748378131289205,0,0.99980944
44,2,1,1,2,1,1,45,0.0,1.0,0.23743075,1.0,0.22219635801446658,1.0,0.23473209,1.0,0.18409668940547397,1,5.870843e-07
21,2,3,3,0,1,1,35,0.0,0.0,0.9970014,0.0,0.9874732492338052,0.0,0.9917268,0.0,0.9894470222177112,0,0.99981517
24,2,6,1,0,0,1,40,0.0,0.0,0.9632985,0.0,0.9527189698650792,0.0,0.962097,0.0,0.9520676065851291,0,0.99731547
43,3,7,1,5,1,1,45,1.0,1.0,0.41676456,1.0,0.36049426972841425,1.0,0.4396097,1.0,0.48757671672339187,1,3.7389277e-06
52,2,3,3,0,1,1,55,0.0,0.0,0.93146694,0.0,0.9507913129437128,0.0,0.91496325,0.0,0.930597877403704,0,0.9991954
33,2,3,1,0,1,1,40,0.0,0.0,0.8164758,0.0,0.8260061073058818,0.0,0.8508402,0.0,0.8514576748514968,0,0.9541912
19,3,7,3,3,1,0,16,0.0,0.0,0.99829155,0.0,0.9829206026328993,0.0,0.99060607,0.0,0.980307053943151,0,0.99991786
39,3,3,0,0,1,1,60,0.0,0.0,0.9279571,0.0,0.8710532694083001,0.0,0.91355795,0.0,0.882433078119109,0,0.99866986
53,2,6,1,0,1,1,40,0.0,0.0,0.86392534,0.0,0.8938348441663115,0.0,0.8529919,0.0,0.8741853458116003,0,0.96536535
56,0,7,0,5,1,0,40,0.0,0.0,0.89224327,0.0,0.9354112420588571,0.0,0.9581944,0.0,0.9441868746060285,0,0.9980829
40,2,7,3,4,1,0,50,1.0,0.0,0.9551341,0.0,0.9754941564030689,0.0,0.9650286,0.0,0.9751884553230167,0,0.99963534
30,3,0,1,2,1,1,65,1.0,1.0,0.41770804,1.0,0.4581458981047467,1.0,0.38155037,1.0,0.3423324903575833,1,7.0962307e-07
28,2,1,1,5,1,1,45,1.0,1.0,0.312894,1.0,0.401195781533912,1.0,0.1970318,1.0,0.2397493498619453,1,5.0228823e-07
39,0,0,0,2,1,1,59,0.0,0.0,0.7867032,0.0,0.6556212854530934,0.0,0.9259101,0.0,0.933725827412156,0,0.9989931
40,3,0,1,2,1,0,15,1.0,0.0,0.6207133,0.0,0.6118761597683882,0.0,0.62945473,0.0,0.638585860991363,1,0.14740244
29,0,1,0,2,1,1,50,0.0,0.0,0.7406702,0.0,0.6131335410604632,0.0,0.95674354,0.0,0.9282713213996903,0,0.9954822
44,2,5,0,2,1,1,45,1.0,1.0,0.4619524,1.0,0.2531070959351981,0.0,0.7939591,0.0,0.6542080029657606,1,3.0511539e-05
25,3,0,3,0,1,1,55,0.0,0.0,0.951178,0.0,0.8863676626855157,0.0,0.9279555,0.0,0.8973875751348409,0,0.99933654
66,2,3,4,4,1,0,50,0.0,0.0,0.9206314,0.0,0.951668180509298,0.0,0.9202423,0.0,0.8969481040223227,0,0.99325633
53,3,6,1,0,1,1,40,0.0,0.0,0.8922254,0.0,0.8610751737807115,0.0,0.84820324,0.0,0.8733383290272616,0,0.9693225
47,1,3,1,1,1,0,8,1.0,0.0,0.89228046,0.0,0.7725571081750228,0.0,0.95653677,0.0,0.8728941992020577,0,0.9987042
45,3,1,0,2,1,1,35,0.0,0.0,0.8132293,0.0,0.6469032506449945,0.0,0.963992,0.0,0.9400459815593258,0,0.9999943
51,2,7,1,3,1,1,40,1.0,1.0,0.46998495,1.0,0.45156308724741057,0.0,0.50749135,1.0,0.4477536459075975,1,0.0008833567
19,3,7,3,4,1,0,22,0.0,0.0,0.9974863,0.0,0.9886176000476443,0.0,0.99405384,0.0,0.9887805545873848,0,0.99982893
34,0,4,3,2,1,0,40,0.0,0.0,0.8377937,0.0,0.8865788281551177,0.0,0.9382713,0.0,0.9094369632126725,0,0.9941754
39,2,1,1,2,1,1,40,1.0,1.0,0.29384655,1.0,0.23795348890643908,1.0,0.21787584,1.0,0.24897083871612624,1,5.586099e-07
38,3,3,1,0,1,1,70,0.0,0.0,0.6496938,0.0,0.688479617053908,0.0,0.5821202,0.0,0.6081581843237006,1,0.10543843
46,2,7,1,5,1,1,40,0.0,1.0,0.40826535,1.0,0.4622350731990118,0.0,0.5273862,1.0,0.41580916199247386,1,7.4113223e-06
46,1,3,0,1,0,0,40,0.0,0.0,0.9614975,0.0,0.9605175347584021,0.0,0.97710127,0.0,0.9673528732967334,0,0.999902
31,2,7,1,3,1,1,40,1.0,0.0,0.6990528,0.0,0.7017540809276277,0.0,0.63446367,0.0,0.6310682575549498,1,0.27204964
33,3,3,1,0,1,1,40,1.0,0.0,0.8317412,0.0,0.8168467004889179,0.0,0.7455008,0.0,0.7723129182333668,0,0.80333924
38,2,1,1,5,1,1,40,1.0,1.0,0.2884292,1.0,0.22601936040472304,1.0,0.22774142,1.0,0.2592790701005999,1,4.900359e-07
64,2,7,4,5,1,0,3,0.0,0.0,0.9668108,0.0,0.956585636504539,0.0,0.97601396,0.0,0.9685775898349189,0,0.99997854
52,2,3,1,5,1,1,40,0.0,1.0,0.47354668,1.0,0.42568133969453426,0.0,0.56234956,0.0,0.5276365388459907,1,0.015162794
17,2,6,3,0,1,1,10,0.0,0.0,0.99999577,0.0,0.9929011782440854,0.0,0.9962762,0.0,0.9899697592334556,0,0.99984777
53,3,3,1,0,1,1,60,0.0,0.0,0.6140679,0.0,0.6167670488372952,0.0,0.6263677,0.0,0.6032148183164494,1,0.045681704
51,0,0,0,5,1,0,50,0.0,0.0,0.8289712,0.0,0.8605441622219381,0.0,0.85255176,0.0,0.9154593748050509,0,0.98270905
33,2,1,1,4,1,0,40,0.0,0.0,0.54228055,0.0,0.5765570722944042,1.0,0.44197017,1.0,0.46854163611492583,1,0.006415586
26,2,1,1,5,1,1,55,0.0,1.0,0.28099847,1.0,0.30270805353090646,1.0,0.17185295,1.0,0.20861537804017338,1,4.802137e-07
35,2,7,3,4,1,1,40,0.0,0.0,0.9753876,0.0,0.9835738842472258,0.0,0.98394805,0.0,0.9854531904165189,0,0.99977607
61,1,3,1,1,0,1,6,0.0,0.0,0.8343723,0.0,0.8404351013751854,0.0,0.9063556,0.0,0.8577054809237592,0,0.9946379
74,3,3,1,5,1,1,30,1.0,0.0,0.595008,0.0,0.6784295852620732,0.0,0.6846635,0.0,0.5575135787642514,1,0.001972679
36,2,3,0,0,1,1,55,0.0,0.0,0.92522484,0.0,0.9354789009889305,0.0,0.93904483,0.0,0.930597877403704,0,0.99957055
21,0,7,3,5,0,0,12,0.0,0.0,0.99612236,0.0,0.988428181604276,0.0,0.95775574,0.0,0.9611469246736014,0,0.9999938
23,2,1,3,5,1,0,40,0.0,0.0,0.9431239,0.0,0.9746800506638542,0.0,0.945621,0.0,0.9669431947965386,0,0.9998312
38,2,6,3,2,1,1,90,1.0,0.0,0.9461591,0.0,0.7935032671189879,0.0,0.97700655,0.0,0.9838241508629151,0,0.99991655
31,0,0,3,5,1,0,35,0.0,0.0,0.9638357,0.0,0.96108641796335,0.0,0.9842163,0.0,0.9783967821341897,0,0.9999722
32,0,7,1,0,1,1,60,1.0,0.0,0.5840605,0.0,0.6950016886988899,0.0,0.70184934,0.0,0.6201587732836412,1,0.009343259
36,0,1,1,4,1,1,55,1.0,1.0,0.34272414,1.0,0.3120647168652336,1.0,0.32308215,1.0,0.3626674070126913,1,8.646168e-07
33,2,7,1,5,1,1,40,1.0,0.0,0.5685356,0.0,0.5963775910233273,0.0,0.53070426,0.0,0.5090930257142975,1,0.014155061
48,0,0,0,2,1,0,56,1.0,0.0,0.81800044,0.0,0.7303171553905379,0.0,0.97142076,0.0,0.9164087624638589,0,0.9875951
31,2,7,1,4,1,1,55,0.0,0.0,0.56506956,0.0,0.566663957196681,0.0,0.63172543,1.0,0.4853229990226988,1,0.07520038
36,2,7,3,5,1,0,40,0.0,0.0,0.9564307,0.0,0.9845572450361191,0.0,0.973248,0.0,0.9688868498661263,0,0.9999368
50,2,1,1,5,1,0,40,1.0,1.0,0.31755048,1.0,0.2888612244247052,1.0,0.21126252,1.0,0.18040635947846795,1,5.173121e-07
28,2,0,3,4,1,0,38,0.0,0.0,0.98545545,0.0,0.9818576020704293,0.0,0.99329984,0.0,0.9899153546152761,0,0.99982494
59,3,7,1,3,1,1,40,0.0,1.0,0.46053272,0.0,0.6322440916884673,1.0,0.44866496,1.0,0.4766244323827764,1,1.1658395e-05
30,2,7,3,5,0,0,40,0.0,0.0,0.97445583,0.0,0.9845243144912816,0.0,0.9796361,0.0,0.9764106201536003,0,0.9999347
22,2,1,3,3,1,0,16,0.0,0.0,0.9917647,0.0,0.9832932919631819,0.0,0.99175763,0.0,0.9899697592334556,0,0.999835
21,2,0,3,4,0,1,35,0.0,0.0,0.99452084,0.0,0.9874369135276729,0.0,0.9940136,0.0,0.9899697592334556,0,0.999826
27,0,3,3,2,0,0,40,0.0,0.0,0.97879267,0.0,0.9591376100875927,0.0,0.990529,0.0,0.9788236778272315,0,0.9999721
29,3,3,1,3,1,1,35,0.0,0.0,0.8254606,0.0,0.7374122322444876,0.0,0.83000284,0.0,0.8194254020385872,0,0.94115305
54,2,3,3,5,1,0,40,0.0,0.0,0.95812005,0.0,0.9505686295083435,0.0,0.9537337,0.0,0.9669394559656131,0,0.99961746
43,2,3,1,0,1,1,30,0.0,0.0,0.85204214,0.0,0.8490645685569478,0.0,0.85356134,0.0,0.8707867514128242,0,0.9620261
40,2,0,1,3,1,1,50,0.0,1.0,0.39103538,1.0,0.3644269978308944,0.0,0.5566722,1.0,0.4477536459075975,1,0.00060837297
29,2,0,3,2,1,0,40,1.0,0.0,0.9308312,0.0,0.9544215447274197,0.0,0.9787813,0.0,0.976598331993019,0,0.9998859
37,2,6,1,0,0,1,40,0.0,0.0,0.9269945,0.0,0.8876474449492177,0.0,0.9160816,0.0,0.9024606956917652,0,0.9947345
58,2,6,1,0,1,1,40,0.0,0.0,0.85441834,0.0,0.8887646833083136,0.0,0.86133754,0.0,0.8602185813859967,0,0.95949
64,2,7,4,4,1,0,35,0.0,0.0,0.95227504,0.0,0.9521776020211625,0.0,0.9537708,0.0,0.9676167298326342,0,0.9995871
52,0,4,1,2,1,0,40,1.0,1.0,0.23214686,1.0,0.17693454583657064,1.0,0.20834106,1.0,0.2302956055133646,1,7.8766163e-07
46,0,1,0,2,1,1,40,0.0,0.0,0.7238656,0.0,0.7321714586180206,0.0,0.95544285,0.0,0.9044797619451386,0,0.98505706
20,2,3,3,4,1,1,40,0.0,0.0,0.9947741,0.0,0.9892147211013109,0.0,0.9875847,0.0,0.9894470222177112,0,0.99981624
28,2,7,3,5,1,0,40,0.0,0.0,0.97192955,0.0,0.9861827339799554,0.0,0.9839618,0.0,0.9764106201536003,0,0.9999347
42,2,3,1,0,1,1,55,0.0,0.0,0.6032018,0.0,0.5583638512504092,0.0,0.61350554,0.0,0.6256856875894514,1,0.18577635
25,2,6,1,0,1,1,40,0.0,0.0,0.948379,0.0,0.9552442829977221,0.0,0.9612544,0.0,0.9453412262246254,0,0.9972366
67,0,3,1,4,1,1,40,1.0,0.0,0.53722376,0.0,0.6593990748977826,0.0,0.58620924,0.0,0.5716397717882187,1,0.03791025
32,2,3,1,0,1,1,80,1.0,0.0,0.57114947,0.0,0.6676057087840599,0.0,0.6019269,0.0,0.6256856875894514,1,0.16830222
43,2,1,3,2,1,0,40,1.0,0.0,0.8393788,0.0,0.8702857833555598,0.0,0.76955354,0.0,0.7188470622510283,0,0.9990765
31,2,7,1,0,1,1,45,0.0,0.0,0.6461626,0.0,0.664044901820807,0.0,0.674294,0.0,0.6440673257910199,1,0.39803553
27,2,3,0,0,1,1,50,0.0,0.0,0.95461977,0.0,0.9484351590446737,0.0,0.9639348,0.0,0.9573538297068056,0,0.9997266
49,2,1,1,5,1,0,43,0.0,1.0,0.28001577,1.0,0.2711024907837134,1.0,0.22802281,1.0,0.16759315798725005,1,5.4978693e-07
20,2,7,3,4,1,0,20,0.0,0.0,0.9973206,0.0,0.9894253245275266,0.0,0.9919624,0.0,0.9899153546152761,0,0.99982893
37,2,3,0,0,1,1,40,0.0,0.0,0.9605662,0.0,0.9466549997623791,0.0,0.9785448,0.0,0.979617072538832,0,0.99978083
40,0,1,1,2,1,1,40,1.0,1.0,0.33483785,1.0,0.46619594190125935,1.0,0.2926737,1.0,0.40817604063136015,1,2.7986912e-06
45,3,6,0,0,0,1,35,0.0,0.0,0.9895883,0.0,0.9518012845215917,0.0,0.97078925,0.0,0.9786148790620204,0,0.99986386
49,2,0,1,3,1,1,45,0.0,1.0,0.3338257,1.0,0.2940112583890405,1.0,0.38975358,1.0,0.4612109306612001,1,5.3581494e-05
39,3,7,2,0,1,1,60,1.0,0.0,0.89488876,0.0,0.7277909371445453,0.0,0.779063,0.0,0.859013749612999,0,0.99827695
31,2,3,3,0,0,1,40,0.0,0.0,0.9866737,0.0,0.9786788358264086,0.0,0.988542,0.0,0.9894470222177112,0,0.999801
21,2,3,3,0,1,1,40,0.0,0.0,0.9940467,0.0,0.9839535596896772,0.0,0.98820007,0.0,0.9894470222177112,0,0.9997998
39,0,0,0,2,1,0,40,0.0,0.0,0.8977242,0.0,0.8655666432519031,0.0,0.96237206,0.0,0.9605217270251633,0,0.99998426
40,2,6,3,4,0,0,40,0.0,0.0,0.9952611,0.0,0.9867332486916474,0.0,0.9963787,0.0,0.9894470222177112,0,0.99981886
47,2,3,1,4,1,0,40,0.0,0.0,0.75933516,0.0,0.8895045197823486,0.0,0.6868992,0.0,0.6749041830305667,1,0.4344301
22,2,7,3,0,1,1,40,0.0,0.0,0.9899575,0.0,0.981381157220657,0.0,0.993545,0.0,0.9896973455652845,0,0.9998419
26,2,7,1,0,1,1,40,0.0,0.0,0.79148906,0.0,0.8629983488992554,0.0,0.80559343,0.0,0.8175495352625008,0,0.9008188
28,2,3,0,0,1,1,60,0.0,0.0,0.93686604,0.0,0.935701852004709,0.0,0.9385828,0.0,0.930597877403704,0,0.9995832
51,2,7,1,3,1,1,40,0.0,1.0,0.46998495,1.0,0.45156308724741057,0.0,0.50749135,1.0,0.4477536459075975,1,0.0008833567
41,2,3,3,3,0,0,40,0.0,0.0,0.98537695,0.0,0.986439914226808,0.0,0.984204,0.0,0.9894470222177112,0,0.9997892
46,2,3,1,0,0,1,40,0.0,0.0,0.7989323,0.0,0.7629594671366072,0.0,0.7243007,0.0,0.7277306171796802,0,0.6935551
43,2,1,1,5,1,1,60,1.0,1.0,0.15192133,1.0,0.12979690600194804,1.0,0.21288717,1.0,0.15508180428082907,1,5.31164e-07
26,2,5,1,2,1,1,40,1.0,1.0,0.21779001,1.0,0.2510713450562193,1.0,0.36522907,1.0,0.2951299820284038,1,1.0942367e-06
34,2,3,1,0,1,1,40,0.0,0.0,0.8096643,0.0,0.8260061073058818,0.0,0.8393725,0.0,0.8514576748514968,0,0.9512808
27,2,3,1,0,1,1,40,1.0,0.0,0.85672677,0.0,0.8999878471181937,0.0,0.86851865,0.0,0.8831974987593281,0,0.9807011
20,2,3,3,3,1,0,35,0.0,0.0,0.99767166,0.0,0.9881526198053464,0.0,0.9914928,0.0,0.9899697592334556,0,0.9998172
43,0,7,0,5,1,0,40,0.0,0.0,0.911695,0.0,0.9615561864651536,0.0,0.9696425,0.0,0.96105553376129,0,0.99992764
31,3,3,1,5,1,1,40,0.0,0.0,0.67591095,0.0,0.6698305857233646,0.0,0.69782126,0.0,0.6786464485789183,1,0.35031044
45,2,1,1,3,1,1,45,1.0,1.0,0.22962195,1.0,0.24081649608773947,1.0,0.2640158,1.0,0.26343851872985447,1,5.042017e-07
24,2,1,3,5,1,1,40,0.0,0.0,0.91676784,0.0,0.9442983888087241,0.0,0.9428138,0.0,0.9664435693132375,0,0.9998276
32,2,3,1,0,0,1,40,0.0,0.0,0.86322176,0.0,0.8874276151174514,0.0,0.85792804,0.0,0.8514576748514968,0,0.9559918
69,2,3,1,3,1,0,40,0.0,0.0,0.6950463,0.0,0.8590702983200709,0.0,0.5706434,0.0,0.5198085433821471,1,0.004777303
34,3,3,1,5,1,1,45,0.0,0.0,0.5730299,0.0,0.6141557454625249,0.0,0.6930624,0.0,0.6136343332161651,1,0.04602429
20,2,7,3,4,1,1,40,0.0,0.0,0.9939409,0.0,0.9886364970374241,0.0,0.99129367,0.0,0.9862453190923,0,0.9998235
26,0,7,1,5,1,1,12,0.0,0.0,0.8380998,0.0,0.7866677283705813,0.0,0.9326608,0.0,0.9769499592445555,0,0.9999678
24,2,3,3,0,0,1,50,0.0,0.0,0.9853931,0.0,0.9720007535594692,0.0,0.9774009,0.0,0.9798850381716767,0,0.99976903
17,2,6,3,4,1,0,6,0.0,0.0,0.9999935,0.0,0.9900154292493059,0.0,0.9967558,0.0,0.9899697592334556,0,0.9998406
17,2,6,3,3,1,0,20,0.0,0.0,0.9999909,0.0,0.9889400705896604,0.0,0.99629074,0.0,0.9894470222177112,0,0.99984753
49,2,6,0,4,0,1,37,0.0,0.0,0.9901902,0.0,0.9668598079511145,0.0,0.9963688,0.0,0.9894470222177112,0,0.99981886
26,2,3,3,3,1,0,50,0.0,0.0,0.98596007,0.0,0.9854353342008796,0.0,0.97559863,0.0,0.9662597148788773,0,0.9996971
29,2,4,3,2,0,1,42,0.0,0.0,0.802128,0.0,0.8300801655620417,0.0,0.80216694,0.0,0.7876170813576586,0,0.7470737
56,3,7,1,0,1,1,60,0.0,1.0,0.47778332,0.0,0.7263432484067236,1.0,0.46474403,0.0,0.5399281422085023,1,1.1331305e-05
34,2,6,3,4,1,1,30,0.0,0.0,0.9978113,0.0,0.9885236362182469,0.0,0.9958354,0.0,0.9899697592334556,0,0.9998253
23,2,1,3,3,0,1,50,0.0,0.0,0.9281128,0.0,0.9156630958207719,0.0,0.8897941,0.0,0.8823530414559082,0,0.9979966
52,3,7,1,5,1,0,40,1.0,0.0,0.5250919,0.0,0.6602238911576666,1.0,0.4268241,1.0,0.3930182750219714,1,3.949026e-06
35,2,3,3,4,0,0,40,0.0,0.0,0.98696315,0.0,0.9851932998960498,0.0,0.9893803,0.0,0.985643797636976,0,0.9998087
38,0,1,1,4,1,1,60,0.0,1.0,0.32232958,1.0,0.3120647168652336,1.0,0.3223014,1.0,0.4066209310095281,1,6.685111e-07
54,2,2,1,5,1,1,50,1.0,1.0,0.06553042,1.0,0.14266416942324645,1.0,0.17849958,1.0,0.1908995922768435,1,6.572743e-07
19,2,3,3,0,1,1,40,0.0,0.0,0.99606055,0.0,0.9868195280214076,0.0,0.98775905,0.0,0.9894470222177112,0,0.9997985
38,2,7,3,3,1,1,50,0.0,0.0,0.9124444,0.0,0.9299400592317881,0.0,0.94191223,0.0,0.9132618352083173,0,0.99964666
43,2,4,1,5,1,1,50,1.0,1.0,0.11700332,1.0,0.0862545274757387,1.0,0.16274732,1.0,0.2090141473626843,1,4.6390178e-07
50,2,7,0,5,1,0,40,0.0,0.0,0.9130233,0.0,0.9664194193685425,0.0,0.9496148,0.0,0.9652446803621928,0,0.9999516
23,2,1,3,5,1,0,25,0.0,0.0,0.97467965,0.0,0.978558159976304,0.0,0.9731939,0.0,0.9699410371488052,0,0.9999143
37,2,0,1,4,1,1,50,1.0,1.0,0.4880728,0.0,0.5019279581357313,1.0,0.42492843,1.0,0.4973045373906916,1,0.028749134
21,2,7,3,4,1,0,40,0.0,0.0,0.9900038,0.0,0.9869991576671626,0.0,0.9903869,0.0,0.9861709950891865,0,0.99982244
41,2,5,1,2,1,0,40,1.0,1.0,0.15181398,1.0,0.2043037633824467,1.0,0.1335004,1.0,0.25952908168431155,1,4.7271052e-07
42,2,7,0,5,1,0,45,0.0,0.0,0.90547425,0.0,0.9498222272542803,0.0,0.9455244,0.0,0.9568934012302902,0,0.99988234
21,1,7,3,1,1,0,30,0.0,0.0,0.9951217,0.0,0.9877892487148571,0.0,0.9928893,0.0,0.979953371400512,0,0.99997985
67,1,6,0,1,1,0,40,0.0,0.0,0.98046243,0.0,0.960465399579966,0.0,0.98423654,0.0,0.973383434522816,0,0.99996996
24,2,3,3,0,1,0,49,0.0,0.0,0.9865009,0.0,0.9815249098690999,0.0,0.97880536,0.0,0.9798850381716767,0,0.999778
71,2,4,0,2,1,0,15,0.0,0.0,0.6877896,0.0,0.8343223019019727,0.0,0.8510404,0.0,0.700322776818596,0,0.7287993
26,2,3,3,0,1,1,45,0.0,0.0,0.9821576,0.0,0.9794783872309457,0.0,0.98053455,0.0,0.9859906533506766,0,0.9997824
50,2,7,1,0,1,1,40,1.0,0.0,0.5886729,0.0,0.5325199027935448,0.0,0.56153387,0.0,0.5494164969838116,1,0.09471505
28,2,7,1,4,1,1,70,0.0,0.0,0.5149102,1.0,0.48558555740473,0.0,0.50847125,0.0,0.5062624362257759,1,0.025452761
24,2,1,3,4,1,0,30,0.0,0.0,0.981556,0.0,0.985616068277962,0.0,0.9825074,0.0,0.9899153546152761,0,0.9997781
24,2,3,3,0,1,1,50,0.0,0.0,0.9815196,0.0,0.9786409734393804,0.0,0.9774009,0.0,0.9798850381716767,0,0.99976903
21,2,7,3,0,1,1,40,0.0,0.0,0.99146056,0.0,0.9820711578154036,0.0,0.9935959,0.0,0.9896973455652845,0,0.99984205
28,2,3,3,0,1,1,48,0.0,0.0,0.9782042,0.0,0.9769663543705879,0.0,0.97813725,0.0,0.9798850381716767,0,0.99977523
23,2,3,3,0,1,1,65,0.0,0.0,0.9739879,0.0,0.9733842340544734,0.0,0.9495893,0.0,0.9598112588372947,0,0.9996532
18,2,7,3,5,1,0,20,0.0,0.0,0.99727637,0.0,0.9888483270304173,0.0,0.99355817,0.0,0.9852089956246377,0,0.99989784
19,0,3,0,5,1,0,35,0.0,0.0,0.9889149,0.0,0.9796909461558236,0.0,0.99144894,0.0,0.9699410371488052,0,0.99996245
33,2,1,1,2,1,1,40,1.0,1.0,0.32818443,1.0,0.3244428032961557,1.0,0.3661096,1.0,0.33929649689594776,1,9.2175975e-07
49,3,1,1,0,1,1,50,0.0,1.0,0.34342974,1.0,0.48715339089664245,1.0,0.3211214,1.0,0.37647526850994617,1,9.917428e-07
30,2,6,0,0,1,1,40,0.0,0.0,0.9891948,0.0,0.9670279573597771,0.0,0.9864659,0.0,0.9871365148297145,0,0.9998222
22,2,7,3,5,1,1,40,0.0,0.0,0.97993416,0.0,0.9851169039160899,0.0,0.99080294,0.0,0.9832932887117538,0,0.99993396
52,2,6,1,0,1,1,40,0.0,0.0,0.8658219,0.0,0.8959980861007817,0.0,0.85201067,0.0,0.8741853458116003,0,0.9673692
36,0,4,3,2,1,0,40,0.0,0.0,0.82664716,0.0,0.8865788281551177,0.0,0.934345,0.0,0.909325445719701,0,0.98924285
26,3,1,1,5,1,1,20,0.0,0.0,0.62993795,0.0,0.6254409199543198,1.0,0.33105445,1.0,0.49478610205219653,1,0.0008958631
38,0,7,0,4,1,1,75,0.0,0.0,0.82904685,0.0,0.8443055534849098,0.0,0.8828935,0.0,0.8490245144718813,0,0.99986815
19,2,3,3,5,1,0,14,0.0,0.0,0.997956,0.0,0.989683608086213,0.0,0.9941433,0.0,0.9899697592334556,0,0.99984
31,2,3,1,5,1,1,35,0.0,0.0,0.78062165,0.0,0.8156414130119456,0.0,0.7342205,0.0,0.7492192642783739,0,0.7734472
36,0,0,2,5,0,0,40,0.0,0.0,0.8736694,0.0,0.8672665476695359,0.0,0.96014476,0.0,0.9545861148887533,0,0.9997094
21,2,0,3,2,1,0,40,0.0,0.0,0.9635345,0.0,0.969226809471523,0.0,0.9802201,0.0,0.9769991629762603,0,0.9998882
54,2,1,1,4,1,1,48,0.0,1.0,0.23459566,1.0,0.23726943629813768,1.0,0.3470543,1.0,0.31129198857719065,1,5.0095355e-07
35,2,1,3,3,1,0,40,1.0,0.0,0.9422971,0.0,0.9457499277054648,0.0,0.90275383,0.0,0.8876861314250206,0,0.99936885
27,2,3,1,4,1,1,40,0.0,0.0,0.8404136,0.0,0.867881871835765,0.0,0.83703643,0.0,0.8596328077179846,0,0.95005494
36,2,3,0,0,1,1,45,1.0,0.0,0.9431235,0.0,0.9486980402856585,0.0,0.9562266,0.0,0.951331347119149,0,0.99973077
25,3,0,3,3,1,1,50,0.0,0.0,0.9470103,0.0,0.9347773186796119,0.0,0.9116939,0.0,0.8919369439868229,0,0.99904794
33,3,7,1,5,1,1,45,0.0,1.0,0.4989825,0.0,0.5823774213952263,1.0,0.47330135,0.0,0.5936174948184897,1,1.4442776e-05
38,2,7,1,5,1,1,50,1.0,1.0,0.34494507,1.0,0.3353181701931437,1.0,0.33148557,1.0,0.39554166267075774,1,1.2204041e-06
25,0,1,3,5,0,0,40,0.0,0.0,0.950851,0.0,0.9631261424629995,0.0,0.90644735,0.0,0.9625383921383899,0,0.99979454
46,3,3,1,0,1,1,50,0.0,0.0,0.68028784,0.0,0.6616848239063179,0.0,0.7013236,0.0,0.6419756771666179,1,0.26690382
24,2,3,3,5,1,1,50,0.0,0.0,0.9646871,0.0,0.9822301852161995,0.0,0.9467225,0.0,0.9548790638767506,0,0.99969983
34,2,7,1,0,1,1,40,0.0,0.0,0.7106384,0.0,0.7336674494282687,0.0,0.69349873,0.0,0.7301202781336622,0,0.73095447
21,3,7,3,5,1,0,15,0.0,0.0,0.99567634,0.0,0.9784910939625058,0.0,0.9462507,0.0,0.9798201895353281,0,0.99998856
44,2,7,3,4,0,1,55,0.0,0.0,0.9233032,0.0,0.9577776044377815,0.0,0.9492231,0.0,0.9683915817360849,0,0.9992151
28,2,0,3,3,1,1,20,0.0,0.0,0.9862905,0.0,0.9689033176599546,0.0,0.9948512,0.0,0.9899697592334556,0,0.99984133
28,2,1,3,3,1,1,40,0.0,0.0,0.92134416,0.0,0.9152501467512296,0.0,0.9234849,0.0,0.9321995195778161,0,0.9995204
28,2,0,1,2,1,1,40,1.0,0.0,0.5167085,0.0,0.5631421110445121,0.0,0.54365593,0.0,0.541175656713323,1,0.0128887305
27,0,1,3,2,1,1,30,0.0,0.0,0.9539716,0.0,0.942868236692568,0.0,0.9008679,0.0,0.9523926812180339,0,0.999997
24,2,3,3,4,1,0,30,0.0,0.0,0.99636036,0.0,0.9892801625417981,0.0,0.9920277,0.0,0.989972401351476,0,0.9998242
40,2,5,1,2,1,1,55,1.0,1.0,0.105557084,1.0,0.12896686977987637,1.0,0.17055815,1.0,0.20839569571408956,1,5.0371096e-07
53,2,3,0,0,1,1,40,0.0,0.0,0.9403214,0.0,0.9254939534747835,0.0,0.97115636,0.0,0.9612239280784066,0,0.99976224
44,2,7,1,0,1,1,60,1.0,1.0,0.46782434,1.0,0.4337650532237761,0.0,0.5208085,1.0,0.4949088791237174,1,0.0029654328
39,0,7,2,5,0,0,30,0.0,0.0,0.9443217,0.0,0.9610417165322281,0.0,0.95784783,0.0,0.9625865278824217,0,0.99997914
20,1,3,3,1,1,0,35,0.0,0.0,0.9966076,0.0,0.9888768059188389,0.0,0.9947759,0.0,0.9795951611855672,0,0.9999887
48,2,3,1,4,1,1,40,0.0,0.0,0.6877347,0.0,0.6963954620189583,0.0,0.68806314,0.0,0.6482283831182719,1,0.38721305
47,2,3,3,4,1,0,40,0.0,0.0,0.9785013,0.0,0.978321510750068,0.0,0.98723614,0.0,0.9819824887897047,0,0.99979836
33,2,1,3,3,1,0,40,0.0,0.0,0.9471683,0.0,0.9538052207245584,0.0,0.9032661,0.0,0.8854128499678208,0,0.99946445
27,0,1,3,5,0,1,48,0.0,0.0,0.88204944,0.0,0.9170719146834627,0.0,0.89492685,0.0,0.9183808017119566,0,0.99204516
41,2,0,0,5,0,0,50,0.0,0.0,0.8898653,0.0,0.9135605355423961,0.0,0.8964849,0.0,0.8945505943192045,0,0.9994056
22,1,7,3,1,1,1,35,0.0,0.0,0.99639124,0.0,0.9878615556733356,0.0,0.99379086,0.0,0.9793966789580807,0,0.99997985
47,2,3,1,4,0,0,40,0.0,0.0,0.7688966,0.0,0.9138443536214936,0.0,0.6868992,0.0,0.6749041830305667,1,0.4344301
40,2,7,3,5,1,0,40,0.0,0.0,0.94781774,0.0,0.979006078896802,0.0,0.97235703,0.0,0.9666902958205786,0,0.99994755
47,2,3,1,0,1,1,48,1.0,0.0,0.62487465,0.0,0.5369761295973987,0.0,0.615684,0.0,0.6307793578535944,1,0.19971362
40,0,5,3,5,1,1,60,1.0,0.0,0.5317756,0.0,0.6539497299579937,0.0,0.6245873,0.0,0.5340963167363211,1,0.0031607794
21,1,7,3,1,1,1,50,0.0,0.0,0.9897604,0.0,0.9862786873646519,0.0,0.97801656,0.0,0.9725709701933425,0,0.99996734
25,3,1,3,3,1,1,80,0.0,0.0,0.8389152,0.0,0.7144408336723655,1.0,0.47754002,0.0,0.6585056864299643,1,0.44408235
31,1,7,3,1,0,0,40,0.0,0.0,0.9864264,0.0,0.9809820585378597,0.0,0.98499674,0.0,0.9795032374774746,0,0.9999665
20,2,7,3,0,1,0,40,0.0,0.0,0.99169225,0.0,0.9863696747648122,0.0,0.9936196,0.0,0.9894470222177112,0,0.99984217
37,2,6,1,0,1,1,85,0.0,0.0,0.8073557,0.0,0.7814610595717526,0.0,0.7509093,0.0,0.7723129182333668,0,0.78577274
25,2,3,3,0,0,1,40,0.0,0.0,0.9910045,0.0,0.9809641516465788,0.0,0.9884554,0.0,0.9894470222177112,0,0.9998006
57,2,1,1,5,1,1,40,1.0,1.0,0.18243355,1.0,0.19051458601971827,1.0,0.23427099,1.0,0.1553309870167453,1,5.503083e-07
40,0,7,1,5,1,0,40,1.0,0.0,0.6213375,0.0,0.575142595936996,1.0,0.46737468,1.0,0.4769050610291308,1,0.0039009547
69,1,3,0,1,1,0,35,0.0,0.0,0.94679207,0.0,0.9336010016937709,0.0,0.9614705,0.0,0.9291130241437223,0,0.9996772
39,0,1,1,5,0,0,40,0.0,1.0,0.43569762,1.0,0.493099855071236,1.0,0.3621614,1.0,0.4507808941807999,1,1.9357925e-05
35,2,3,1,0,0,1,40,0.0,0.0,0.8497198,0.0,0.8688433631403097,0.0,0.8261456,0.0,0.8514576748514968,0,0.9466285
47,2,1,0,0,1,1,51,1.0,0.0,0.72478664,0.0,0.6492744154943516,0.0,0.6323174,0.0,0.7267506659790599,0,0.86590606
18,3,6,3,4,1,0,4,0.0,0.0,0.999834,0.0,0.9880557044369239,0.0,0.9961261,0.0,0.9899697592334556,0,0.99985266
47,2,7,1,5,0,0,40,1.0,0.0,0.5761973,0.0,0.6355545844678344,1.0,0.41634017,1.0,0.3910368869865547,1,4.7527583e-06
18,2,6,3,4,1,1,20,0.0,0.0,0.99979645,0.0,0.9898680768219371,0.0,0.996955,0.0,0.9899697592334556,0,0.999838
44,2,1,1,0,1,1,50,1.0,1.0,0.33032858,1.0,0.3629962075148332,1.0,0.3477112,1.0,0.3949203415955459,1,4.518313e-06
42,2,1,1,2,1,0,55,0.0,1.0,0.2485261,1.0,0.3482530961559237,1.0,0.17957968,1.0,0.25112654326657147,1,5.509285e-07
28,3,1,3,5,1,1,50,0.0,0.0,0.82281864,0.0,0.7729171435374164,0.0,0.8283561,0.0,0.900154367526485,0,0.96680176
18,2,6,3,3,0,0,40,0.0,0.0,0.9993336,0.0,0.9872681222050609,0.0,0.99393946,0.0,0.9894470222177112,0,0.9998399
24,2,7,3,3,1,0,20,0.0,0.0,0.99647474,0.0,0.9837665346621081,0.0,0.99324864,0.0,0.9899697592334556,0,0.9998528
41,2,3,1,0,1,1,60,1.0,0.0,0.5773754,0.0,0.5583638512504092,0.0,0.5886065,0.0,0.6256856875894514,1,0.163143
27,2,3,0,4,1,1,30,0.0,0.0,0.9890622,0.0,0.9782659951756357,0.0,0.991555,0.0,0.9894498005651661,0,0.9998198
53,2,4,1,3,1,1,60,1.0,1.0,0.10043299,1.0,0.184844502663693,1.0,0.18036127,1.0,0.2487009792280781,1,4.6959e-07
17,0,6,3,4,1,0,40,0.0,0.0,0.99992996,0.0,0.9887761621903199,0.0,0.9917817,0.0,0.9819196185414328,0,0.9999093
51,0,3,1,0,0,1,60,0.0,0.0,0.6353435,0.0,0.6375191395100042,0.0,0.680793,0.0,0.6136343332161651,1,0.03230181
25,2,0,1,0,1,1,40,0.0,0.0,0.7759856,0.0,0.8499549233171033,0.0,0.7503321,0.0,0.7840499895875035,0,0.83820707
30,2,6,1,0,1,1,40,0.0,0.0,0.929851,0.0,0.9490137337493197,0.0,0.9560142,0.0,0.9453412262246254,0,0.9968213
63,2,7,1,2,1,1,40,0.0,1.0,0.30530405,1.0,0.3090255030859421,1.0,0.22459334,1.0,0.349270605942427,1,5.736847e-07
33,2,3,3,4,0,0,40,0.0,0.0,0.9880505,0.0,0.986884465763069,0.0,0.98936915,0.0,0.985643797636976,0,0.9998105
52,2,3,0,0,1,1,40,0.0,0.0,0.9416211,0.0,0.9254939534747835,0.0,0.9730796,0.0,0.9612239280784066,0,0.9997681
32,2,1,3,2,1,1,40,0.0,0.0,0.84554386,0.0,0.8778586814669221,0.0,0.8843915,0.0,0.8937196617195469,0,0.99987185
59,1,3,1,1,1,0,40,1.0,0.0,0.7646505,0.0,0.7103784121704777,0.0,0.67043686,0.0,0.7262037458123389,0,0.6290655
38,3,7,1,0,1,1,35,0.0,0.0,0.7855141,0.0,0.7258396322890216,0.0,0.8002627,0.0,0.7723129182333668,0,0.8058201
43,0,1,1,2,1,0,45,1.0,1.0,0.28891408,1.0,0.24636923870928729,1.0,0.3157074,1.0,0.3564343467073732,1,3.8053624e-06
32,2,7,1,0,1,1,84,1.0,1.0,0.4921618,1.0,0.4934907768227572,0.0,0.5050314,0.0,0.5055583302213683,1,0.0040628808
19,2,7,3,3,1,0,25,0.0,0.0,0.9979534,0.0,0.9857313578244267,0.0,0.9962474,0.0,0.9899697592334556,0,0.9998485
23,2,7,3,0,1,1,15,0.0,0.0,0.9976647,0.0,0.9901931163143916,0.0,0.99627197,0.0,0.9899697592334556,0,0.9998555
33,2,7,0,5,1,0,40,0.0,0.0,0.9491473,0.0,0.9663494757625954,0.0,0.97781825,0.0,0.9751989369346568,0,0.9999372
28,2,1,1,2,1,1,43,0.0,1.0,0.33299392,1.0,0.3218797569524887,1.0,0.31746066,1.0,0.3105166586336312,1,7.272082e-07
63,2,6,1,3,1,1,40,0.0,0.0,0.71078306,0.0,0.8160704762916929,0.0,0.7653357,0.0,0.7723129182333668,0,0.8005011
38,0,1,1,3,1,1,42,1.0,1.0,0.3730979,1.0,0.3541110694667142,1.0,0.21686083,1.0,0.30861273790403043,1,7.68611e-07
55,2,7,3,5,1,0,36,0.0,0.0,0.9464389,0.0,0.9453395189636596,0.0,0.94892144,0.0,0.9532241323194709,0,0.99998176
41,2,6,0,4,1,0,40,0.0,0.0,0.99230385,0.0,0.9790548862202382,0.0,0.9958578,0.0,0.9855313156610583,0,0.99981636
42,0,6,0,3,1,1,50,1.0,0.0,0.9697191,0.0,0.9290042049173391,0.0,0.9438995,0.0,0.9674314531237165,0,0.99998367
54,2,7,0,5,1,1,30,0.0,0.0,0.8811015,0.0,0.8958502381586674,0.0,0.9527895,0.0,0.9685524947872928,0,0.9999689
58,0,3,1,0,1,1,40,0.0,0.0,0.6289388,0.0,0.6013101762727058,0.0,0.5892508,0.0,0.6378445287575698,1,0.26913482
61,0,7,1,5,1,1,40,1.0,1.0,0.36837602,1.0,0.40286623740878824,1.0,0.33400226,1.0,0.33424489734491547,1,5.486766e-05
50,2,3,1,0,1,1,47,0.0,0.0,0.6103295,0.0,0.5284051385909796,0.0,0.6149205,0.0,0.6256856875894514,1,0.18002832
47,2,3,0,5,1,0,40,0.0,0.0,0.9339703,0.0,0.9701377634779749,0.0,0.9361261,0.0,0.9459310131176114,0,0.99960905
29,0,4,1,2,1,1,50,0.0,1.0,0.2509464,1.0,0.39916128014218266,1.0,0.21527064,1.0,0.24098269507264447,1,7.6673973e-07
19,0,6,3,0,0,1,20,0.0,0.0,0.9993639,0.0,0.9904752106354244,0.0,0.97011864,0.0,0.9805706330126938,0,0.9999801
31,2,7,1,0,1,1,40,0.0,0.0,0.73925734,0.0,0.7482009202155103,0.0,0.7409061,0.0,0.7392101445267152,0,0.78594625
29,2,3,1,4,1,0,40,0.0,0.0,0.8551627,0.0,0.8388027745124569,0.0,0.83892417,0.0,0.8596328077179846,0,0.9367844
51,2,7,0,5,1,0,50,1.0,0.0,0.86698294,0.0,0.9476053167495548,0.0,0.8759053,0.0,0.8739013897287682,0,0.9999038
28,2,1,3,5,1,1,40,0.0,0.0,0.8828028,0.0,0.9241618558518669,0.0,0.90709674,0.0,0.958591550653886,0,0.99975413
34,3,6,3,4,1,0,40,0.0,0.0,0.9949484,0.0,0.9852510741800966,0.0,0.98847175,0.0,0.9741092226075336,0,0.99980813
57,0,1,0,0,0,1,39,0.0,0.0,0.85614896,0.0,0.7730610442357145,0.0,0.97015756,0.0,0.9353925806829423,0,0.99983716
20,2,3,3,0,1,1,40,0.0,0.0,0.99500275,0.0,0.9839535596896772,0.0,0.98805225,0.0,0.9894470222177112,0,0.9997993
65,1,7,1,1,1,1,40,0.0,0.0,0.64201385,0.0,0.7331365472660976,0.0,0.68835115,0.0,0.5556443384356688,1,0.15692177
20,2,3,1,5,1,1,50,0.0,0.0,0.72603285,0.0,0.7705292924711669,0.0,0.7929397,0.0,0.7482725472891821,0,0.691858
64,3,5,1,2,1,1,9,1.0,1.0,0.26499695,1.0,0.41073206919772387,1.0,0.24076104,1.0,0.3095870247199901,1,5.750694e-07
27,2,3,3,0,1,1,28,0.0,0.0,0.99546593,0.0,0.9866882329304877,0.0,0.99211437,0.0,0.9899697592334556,0,0.99982125
35,0,7,1,4,1,1,50,0.0,0.0,0.522626,0.0,0.5211723763327258,0.0,0.5022607,1.0,0.48737344115460823,1,0.00085888384
23,2,0,3,4,1,0,40,0.0,0.0,0.9841431,0.0,0.9784185990892079,0.0,0.9900734,0.0,0.9855313156610583,0,0.9998179
30,2,7,1,0,1,1,40,0.0,0.0,0.7494171,0.0,0.7830580780233696,0.0,0.74758196,0.0,0.7617795959830724,0,0.8263304
34,2,1,1,2,1,1,40,1.0,1.0,0.32063663,1.0,0.2830369464366683,1.0,0.31652224,1.0,0.2691565412990162,1,7.124045e-07
44,3,1,1,2,1,1,80,0.0,1.0,0.25638473,1.0,0.3062564403928949,1.0,0.1775899,1.0,0.26895833661701096,1,6.3335506e-07
41,0,7,3,4,1,1,40,0.0,0.0,0.9443047,0.0,0.9459323691297976,0.0,0.98037714,0.0,0.9665468619466281,0,0.99999475
59,2,6,1,0,0,1,40,0.0,0.0,0.87322044,0.0,0.811850918132828,0.0,0.8633863,0.0,0.8602185813859967,0,0.95793456
34,2,3,1,3,1,1,50,0.0,0.0,0.56400394,0.0,0.5474803652419375,0.0,0.585973,0.0,0.6256856875894514,1,0.1765349
33,1,3,2,1,1,0,40,0.0,0.0,0.98160595,0.0,0.9746950253081547,0.0,0.9743965,0.0,0.9689507360178405,0,0.99995124
25,2,7,3,4,1,0,35,0.0,0.0,0.9925724,0.0,0.9882343072930436,0.0,0.99053174,0.0,0.9899180109183517,0,0.9998274
20,2,7,3,4,1,1,45,0.0,0.0,0.988621,0.0,0.9852275255300218,0.0,0.97769856,0.0,0.9818855534761866,0,0.99980253
30,3,3,0,0,1,1,40,0.0,0.0,0.97309124,0.0,0.9360022138380013,0.0,0.9227012,0.0,0.9487925727338911,0,0.99967766
31,3,2,3,2,1,1,40,0.0,0.0,0.83698833,0.0,0.7224536866008799,0.0,0.89403296,0.0,0.6048678671330051,1,0.17113103
43,2,6,1,0,1,1,35,0.0,0.0,0.92473644,0.0,0.9141574295494583,0.0,0.9603787,0.0,0.9395408527178754,0,0.9966337
66,3,6,4,0,1,1,50,0.0,0.0,0.9757671,0.0,0.9245568178930833,0.0,0.94844216,0.0,0.9230463230015542,0,0.99986327
34,2,7,3,2,1,0,40,0.0,0.0,0.9515355,0.0,0.9679247386135976,0.0,0.8754412,0.0,0.935887153954717,0,0.99996483
64,0,4,1,2,1,0,5,1.0,1.0,0.43555713,0.0,0.5558053319649376,1.0,0.27190858,1.0,0.37050354602014124,1,9.255668e-07
21,2,7,3,4,1,0,37,0.0,0.0,0.99440813,0.0,0.9882343072930436,0.0,0.9921234,0.0,0.9899153546152761,0,0.9998258
22,2,3,3,3,1,0,37,0.0,0.0,0.99673927,0.0,0.9879856195686837,0.0,0.99127996,0.0,0.9899697592334556,0,0.9998171
48,2,1,1,2,1,1,40,1.0,1.0,0.26150692,1.0,0.22219635801446658,1.0,0.25358552,1.0,0.17092371431072273,1,5.3431245e-07
39,0,1,0,4,1,1,40,1.0,0.0,0.8172867,0.0,0.8775555174316012,0.0,0.9615328,0.0,0.9225496742251145,0,0.99992895
28,2,0,3,5,0,0,40,0.0,0.0,0.96973705,0.0,0.9716149664554432,0.0,0.9648568,0.0,0.9679168581803899,0,0.99984014
42,2,1,1,4,0,1,72,1.0,1.0,0.2865811,1.0,0.2997955493264386,1.0,0.25957108,1.0,0.33255302882597426,1,5.063422e-07
37,2,7,0,5,0,0,35,0.0,0.0,0.9697529,0.0,0.9743364860800985,0.0,0.9848076,0.0,0.9760494327474076,0,0.99993896
47,0,3,1,5,1,1,40,1.0,0.0,0.51907134,1.0,0.4083427376658719,1.0,0.367181,1.0,0.4620425025662702,1,0.008083091
65,0,3,1,5,1,1,40,1.0,1.0,0.4616561,1.0,0.47483250383934683,0.0,0.5595374,0.0,0.5636976944096721,1,0.0006287583
46,2,6,0,0,0,1,43,0.0,0.0,0.9771617,0.0,0.9397049115891314,0.0,0.96259785,0.0,0.962546352739235,0,0.9997793
37,2,3,0,0,1,1,40,0.0,0.0,0.9605662,0.0,0.9466549997623791,0.0,0.9785448,0.0,0.979617072538832,0,0.99978083
39,2,3,1,3,1,1,44,1.0,0.0,0.5621209,0.0,0.5661601344470253,0.0,0.5691135,0.0,0.6208255784705304,1,0.17483939
40,3,7,1,0,1,1,60,0.0,0.0,0.56819034,0.0,0.7448765898184624,1.0,0.49130726,0.0,0.532611681533426,1,0.0022413875
36,2,6,2,0,1,0,40,0.0,0.0,0.99050236,0.0,0.9594327153425414,0.0,0.9863569,0.0,0.9887805545873848,0,0.99981385
28,0,1,3,2,1,1,40,0.0,0.0,0.90859884,0.0,0.9295476090465976,0.0,0.94368064,0.0,0.944195506103431,0,0.9999802
23,2,7,3,3,0,0,40,0.0,0.0,0.9923801,0.0,0.9826192844470857,0.0,0.99149734,0.0,0.9899697592334556,0,0.9998324
35,2,6,0,0,1,1,50,0.0,0.0,0.9764147,0.0,0.944748249765871,0.0,0.96347517,0.0,0.962546352739235,0,0.9997756
57,3,2,1,2,1,1,35,0.0,1.0,0.21680462,1.0,0.14395322750133221,1.0,0.15955722,1.0,0.13940292524871423,1,1.1787213e-06
51,0,2,1,2,1,1,40,1.0,1.0,0.16017038,1.0,0.13314381321021318,1.0,0.23472792,1.0,0.16318885734803423,1,1.219235e-05
24,2,0,3,4,1,1,45,0.0,0.0,0.9684544,0.0,0.9756845210603784,0.0,0.9768262,0.0,0.9762227786041682,0,0.9997092
40,2,0,1,0,0,1,40,1.0,0.0,0.71031415,0.0,0.6035744076972183,0.0,0.68105906,0.0,0.639052074019741,1,0.26129282
35,1,6,0,1,0,1,38,0.0,0.0,0.9936258,0.0,0.954476704412257,0.0,0.99194014,0.0,0.9796861305431934,0,0.99997807
59,2,4,1,4,1,1,40,0.0,1.0,0.18038571,1.0,0.29418214392467223,1.0,0.41005784,1.0,0.3386143339379373,1,3.877205e-06
22,2,3,0,0,1,1,40,0.0,0.0,0.98547244,0.0,0.9715455955518439,0.0,0.9815411,0.0,0.9859906533506766,0,0.999785
53,0,1,1,2,0,1,35,0.0,1.0,0.39257532,1.0,0.43074090978629187,1.0,0.22025204,1.0,0.2494129936613706,1,8.847393e-06
22,2,7,3,3,1,0,40,0.0,0.0,0.9917583,0.0,0.9844354263101734,0.0,0.9918605,0.0,0.9899697592334556,0,0.99983156
28,2,6,0,0,1,0,40,0.0,0.0,0.99416196,0.0,0.9768545523024604,0.0,0.9866542,0.0,0.9871365148297145,0,0.99982303
23,2,1,3,3,1,1,25,0.0,0.0,0.9819622,0.0,0.9662049484535036,0.0,0.98979664,0.0,0.9869783203852698,0,0.99981743
22,3,7,1,0,1,1,40,0.0,0.0,0.8418467,0.0,0.8391731404069762,0.0,0.82717586,0.0,0.8366582449429534,0,0.93444914
55,2,0,1,0,1,1,50,1.0,1.0,0.43751937,0.0,0.5028460335390339,1.0,0.43502283,1.0,0.4647016141912528,1,0.0013077497
57,2,1,1,2,1,1,50,1.0,1.0,0.19696993,1.0,0.22330450281793512,1.0,0.20157194,1.0,0.15346670980189103,1,5.2630617e-07
19,2,6,2,4,1,0,40,0.0,0.0,0.99748915,0.0,0.98651627023975,0.0,0.9954127,0.0,0.9894470222177112,0,0.9998198
18,1,7,3,1,1,1,25,0.0,0.0,0.9987559,0.0,0.9878615556733356,0.0,0.99352574,0.0,0.9796861305431934,0,0.99998105
32,2,0,3,4,1,0,60,0.0,0.0,0.94412386,0.0,0.9656769596099436,0.0,0.9305352,0.0,0.9246352969780695,0,0.99793124
62,2,1,1,5,1,1,50,1.0,1.0,0.119000435,1.0,0.1360773017472343,1.0,0.1890539,1.0,0.17734971812946598,1,6.111037e-07
39,0,7,1,5,1,1,50,0.0,1.0,0.3642339,1.0,0.3817381741371635,1.0,0.28602552,1.0,0.34281225323741304,1,6.0385068e-05
35,2,7,1,2,1,1,40,1.0,1.0,0.49337977,0.0,0.5238149981857566,0.0,0.5935354,1.0,0.48136613136942696,1,0.0018571862
52,2,1,1,5,1,1,40,1.0,1.0,0.19941854,1.0,0.1987651383086535,1.0,0.22604638,1.0,0.2118215428638438,1,5.3236187e-07
29,2,3,1,5,1,1,40,0.0,0.0,0.70350254,0.0,0.7415752753260509,0.0,0.755182,0.0,0.7277306171796802,0,0.6135699
65,2,3,0,5,1,0,59,0.0,0.0,0.85756075,0.0,0.8921786545705849,0.0,0.7918858,0.0,0.7484063509266825,0,0.7027427
32,2,7,2,5,0,0,40,0.0,0.0,0.9236742,0.0,0.9666624561277347,0.0,0.9618892,0.0,0.9671214387794419,0,0.99986327
21,2,3,3,4,1,1,40,0.0,0.0,0.9938897,0.0,0.9886988764482739,0.0,0.9876237,0.0,0.9894470222177112,0,0.99981624
21,2,3,3,0,0,1,40,0.0,0.0,0.99427474,0.0,0.9809641516465788,0.0,0.98820007,0.0,0.9894470222177112,0,0.9997998
31,2,1,3,5,1,0,50,0.0,0.0,0.85216486,0.0,0.8780075355139583,0.0,0.71927226,0.0,0.725419458819569,0,0.86556524
29,3,3,1,3,1,0,25,1.0,0.0,0.92707163,0.0,0.8661785545316486,0.0,0.86453956,0.0,0.8473773466813108,0,0.9602302
37,2,3,3,5,1,0,50,0.0,0.0,0.9561683,0.0,0.9708863028766274,0.0,0.9365294,0.0,0.9355644792704981,0,0.9995104
26,2,1,3,2,1,0,40,0.0,0.0,0.9130111,0.0,0.959631863734987,0.0,0.94251966,0.0,0.9548236128216758,0,0.99984324
23,2,6,3,0,0,1,40,1.0,0.0,0.9973628,0.0,0.9822667539092718,0.0,0.9926591,0.0,0.9894470222177112,0,0.99983835
19,2,7,3,5,1,0,40,0.0,0.0,0.98916256,0.0,0.9886839775798411,0.0,0.9887605,0.0,0.9822451591143219,0,0.9999181
58,0,6,1,0,1,1,40,0.0,0.0,0.870782,0.0,0.8983305820361368,0.0,0.8474397,0.0,0.8683791790066716,0,0.992547
19,2,7,3,3,0,0,40,0.0,0.0,0.9956991,0.0,0.9884616521641275,0.0,0.99197793,0.0,0.9899697592334556,0,0.9998301
30,3,3,0,4,1,0,40,0.0,0.0,0.9720842,0.0,0.9707072511220053,0.0,0.9713568,0.0,0.966065922937371,0,0.99974686
28,2,3,1,4,0,0,23,0.0,0.0,0.92700505,0.0,0.9486029338428431,0.0,0.96925867,0.0,0.9351220137114257,0,0.99573
59,2,3,1,0,1,1,40,1.0,0.0,0.66659474,0.0,0.6127228582420674,0.0,0.5989274,0.0,0.6307793578535944,1,0.22478507
23,2,3,0,5,1,0,40,0.0,0.0,0.9734329,0.0,0.9793001686602093,0.0,0.95723045,0.0,0.9768648242738701,0,0.9997774
57,2,3,0,5,1,0,45,0.0,0.0,0.8951383,0.0,0.9358600963660141,0.0,0.8924116,0.0,0.8741182745914475,0,0.99847907
45,2,6,0,0,1,1,40,0.0,0.0,0.9791763,0.0,0.9583636727720043,0.0,0.9844712,0.0,0.9810567097828234,0,0.9998111
31,2,3,1,0,1,1,48,1.0,0.0,0.74430895,0.0,0.7826350222188077,0.0,0.7321167,0.0,0.7492192642783739,0,0.75841135
43,2,0,1,4,1,1,40,0.0,0.0,0.5638844,0.0,0.5342987452214094,0.0,0.6719363,0.0,0.6137709509575481,1,0.15501139
35,0,1,1,0,1,1,40,1.0,1.0,0.4970129,0.0,0.5858685371468912,0.0,0.63831294,0.0,0.6693220771261194,1,0.00043256444
23,1,1,3,1,1,1,55,0.0,0.0,0.9551351,0.0,0.9527957167464599,0.0,0.92117447,0.0,0.9209561063400488,0,0.9933687
28,2,3,1,0,1,1,46,0.0,0.0,0.7761195,0.0,0.8322904103244841,0.0,0.7716737,0.0,0.7723129182333668,0,0.8195343
73,3,3,1,3,1,0,25,0.0,0.0,0.79571563,0.0,0.7396939896565488,0.0,0.6252114,0.0,0.6032148183164494,1,0.059288714
51,2,3,3,0,1,1,40,1.0,0.0,0.9670204,0.0,0.9714653950007333,0.0,0.9811668,0.0,0.9845920416709297,0,0.999785
22,2,3,3,4,1,1,40,0.0,0.0,0.99306566,0.0,0.9874881804369883,0.0,0.98768806,0.0,0.9894470222177112,0,0.99981624
42,2,3,3,0,0,0,38,0.0,0.0,0.9870306,0.0,0.9823119630252831,0.0,0.991005,0.0,0.9894470222177112,0,0.9998116
72,1,3,1,1,1,1,20,0.0,0.0,0.7426405,0.0,0.8410669726307429,0.0,0.87637025,0.0,0.8414695131265536,0,0.92141396
19,0,7,3,2,1,1,10,0.0,0.0,0.9964244,0.0,0.9838631491534017,0.0,0.9906481,0.0,0.945882668289945,0,0.99999833
21,2,7,3,3,1,0,22,0.0,0.0,0.9972392,0.0,0.9857313578244267,0.0,0.99552935,0.0,0.9899697592334556,0,0.99985147
73,3,3,1,0,1,1,40,0.0,0.0,0.6817289,0.0,0.7606078428183807,0.0,0.64138514,0.0,0.6032148183164494,1,0.051894106
35,2,1,1,3,0,1,50,0.0,1.0,0.36472952,1.0,0.31113901304793234,1.0,0.28307897,1.0,0.2547660488910811,1,4.956884e-07
34,2,2,3,2,1,1,50,1.0,0.0,0.6321636,0.0,0.7161734701681056,1.0,0.10246724,1.0,0.40429828586766037,1,1.845065e-05
21,2,7,1,4,1,1,40,0.0,0.0,0.8861719,0.0,0.9017766810293135,0.0,0.813001,0.0,0.7931498056313406,0,0.90553147
20,2,3,3,4,1,0,38,0.0,0.0,0.9967483,0.0,0.9900602327076536,0.0,0.99126226,0.0,0.9899697592334556,0,0.99982196
41,0,1,1,2,1,1,35,0.0,1.0,0.40583247,1.0,0.47525395122833325,1.0,0.45197755,1.0,0.4365748544879874,1,5.5808023e-06
18,0,3,3,5,1,1,40,0.0,0.0,0.99030435,0.0,0.9851898779584591,0.0,0.97991025,0.0,0.9699410371488052,0,0.9999616
26,2,1,3,4,0,0,35,0.0,0.0,0.9776598,0.0,0.9822371319089142,0.0,0.9714653,0.0,0.9822291735413189,0,0.9997681
17,2,6,3,4,1,0,30,0.0,0.0,0.9999813,0.0,0.9895623665544684,0.0,0.99571663,0.0,0.9894470222177112,0,0.99983
36,2,3,1,0,0,1,40,0.0,0.0,0.84513646,0.0,0.8487866258927241,0.0,0.8178208,0.0,0.8194254020385872,0,0.9386234
35,2,7,1,0,1,1,40,0.0,0.0,0.7014741,0.0,0.7336674494282687,0.0,0.70502913,0.0,0.7301202781336622,0,0.67219585
24,0,1,1,4,1,1,45,0.0,1.0,0.48266113,0.0,0.5036960787858418,0.0,0.5550745,1.0,0.4762998230116072,1,5.8366244e-05
31,2,7,0,5,1,0,45,0.0,0.0,0.931195,0.0,0.9545424780763593,0.0,0.95502704,0.0,0.9679168581803899,0,0.9999076
67,3,3,4,0,1,1,65,0.0,0.0,0.89371073,0.0,0.7661098195448062,0.0,0.7756583,0.0,0.8355749340007195,0,0.91288126
55,2,3,0,0,1,1,40,0.0,0.0,0.9374543,0.0,0.9324662020992969,0.0,0.9610489,0.0,0.9576898621258856,0,0.9997403
65,0,7,3,2,0,0,40,0.0,0.0,0.9029021,0.0,0.9516964616038112,0.0,0.80916697,0.0,0.8878664692419699,0,0.9907397
73,2,3,1,4,1,1,30,0.0,0.0,0.6941805,0.0,0.786989673001659,0.0,0.69557005,0.0,0.6307551497623776,1,0.19724391
70,1,1,0,1,1,0,7,0.0,0.0,0.94180274,0.0,0.88814410060859,0.0,0.8979875,0.0,0.8876512694933546,0,0.99111724
28,2,7,0,4,1,1,24,0.0,0.0,0.9881727,0.0,0.9746216974837623,0.0,0.99291277,0.0,0.9899153546152761,0,0.99982303
29,2,0,1,0,1,1,40,1.0,0.0,0.73154604,0.0,0.7724485334170815,0.0,0.7321863,0.0,0.7392101445267152,0,0.7560859
45,2,7,0,4,1,0,45,0.0,0.0,0.94137406,0.0,0.969523485951037,0.0,0.9712278,0.0,0.9751884553230167,0,0.99971193
31,0,1,3,4,0,1,48,0.0,0.0,0.9005319,0.0,0.8578854491286141,0.0,0.96374625,0.0,0.8836590722569488,0,0.99989915
37,2,6,1,0,1,1,50,0.0,0.0,0.8612784,0.0,0.8619044731595311,0.0,0.88044196,0.0,0.8683231364771653,0,0.9615803
43,2,0,2,3,1,0,45,0.0,0.0,0.8923891,0.0,0.9484342402499865,0.0,0.838424,0.0,0.8766932505464916,0,0.9891978
25,2,1,3,4,1,1,40,0.0,0.0,0.9559691,0.0,0.9745358074679369,0.0,0.96701413,0.0,0.9751884553230167,0,0.99938273
35,2,3,0,5,1,0,50,0.0,0.0,0.92108727,0.0,0.967792555084666,0.0,0.9276271,0.0,0.9355644792704981,0,0.9994518
90,2,1,3,2,0,1,40,0.0,0.0,0.7250521,0.0,0.7046934046078976,1.0,0.078026414,1.0,0.4610618972379483,1,2.0198979e-05
26,2,1,3,2,0,0,40,0.0,0.0,0.92882633,0.0,0.9462555172278654,0.0,0.94251966,0.0,0.9548236128216758,0,0.99984324
48,2,0,1,2,1,0,30,1.0,0.0,0.5090408,1.0,0.32056366554421833,0.0,0.6290417,0.0,0.514374907449451,1,0.0010337427
53,2,4,1,5,1,1,55,1.0,1.0,0.086551845,1.0,0.08768092644554859,1.0,0.18751657,1.0,0.15454031102952925,1,4.934509e-07
37,2,3,1,0,1,1,24,0.0,0.0,0.8948165,0.0,0.8699203456330359,0.0,0.91338366,0.0,0.8921162201540952,0,0.99216956
48,2,4,1,2,1,1,40,1.0,1.0,0.17857438,1.0,0.18321829748756835,1.0,0.33089155,1.0,0.23367884776334358,1,5.506496e-07
26,2,7,1,5,1,0,40,0.0,0.0,0.7302573,0.0,0.7868275739538872,0.0,0.6325661,0.0,0.6307551497623776,1,0.2509421
28,2,3,2,4,1,0,25,0.0,0.0,0.9896484,0.0,0.9855971099536037,0.0,0.9878467,0.0,0.9819724041374895,0,0.9998041
56,2,3,1,0,1,1,40,1.0,0.0,0.6809906,0.0,0.5964521145181706,0.0,0.615865,0.0,0.6350077258889693,1,0.25658777
47,3,7,1,0,1,1,30,0.0,0.0,0.7575704,0.0,0.7271599733026892,0.0,0.6845534,0.0,0.7192481148315453,0,0.60489684
54,2,0,1,3,1,1,45,0.0,1.0,0.29516828,1.0,0.28352223561412193,1.0,0.47040617,1.0,0.39024080126503946,1,9.378049e-06
24,2,1,3,0,0,0,40,0.0,0.0,0.9673631,0.0,0.947930450711379,0.0,0.95831674,0.0,0.951331347119149,0,0.99973553
26,2,3,0,0,1,0,40,0.0,0.0,0.98038703,0.0,0.9828262430002551,0.0,0.9810456,0.0,0.9859906533506766,0,0.9997842
41,3,3,1,4,1,0,20,0.0,0.0,0.8752118,0.0,0.816649707841214,0.0,0.86264086,0.0,0.8629398036197715,0,0.9596114
48,3,5,1,2,1,1,60,1.0,1.0,0.12204492,1.0,0.11990764524315223,1.0,0.1812616,1.0,0.10574121270027059,1,6.3172513e-07
61,2,6,0,4,1,1,40,0.0,0.0,0.97113293,0.0,0.9634642015521275,0.0,0.9942084,0.0,0.9819824887897047,0,0.9998128
20,2,3,3,0,0,1,40,0.0,0.0,0.9951719,0.0,0.9809641516465788,0.0,0.98805225,0.0,0.9894470222177112,0,0.9997993
49,3,3,1,0,1,1,40,1.0,0.0,0.75773156,0.0,0.7095340583885645,0.0,0.7001405,0.0,0.6792780906449511,1,0.46744382
56,2,6,1,0,1,1,36,0.0,0.0,0.89199394,0.0,0.8988428549574781,0.0,0.8958067,0.0,0.8932387922048165,0,0.9855138
49,2,7,0,4,1,1,40,0.0,0.0,0.9067273,0.0,0.9284544662815952,0.0,0.9850072,0.0,0.9751884553230167,0,0.999718
58,3,3,1,5,1,0,20,1.0,0.0,0.7597724,0.0,0.684208993185083,0.0,0.64868796,0.0,0.6236624557708759,1,0.16060188
52,2,3,3,5,1,0,40,0.0,0.0,0.95999366,0.0,0.9624109034642986,0.0,0.9532429,0.0,0.9669394559656131,0,0.9996425
58,0,3,1,4,1,1,40,0.0,0.0,0.56508446,0.0,0.6596099909228497,0.0,0.6389509,0.0,0.6248175265626701,1,0.10460365
24,2,1,3,5,1,0,45,0.0,0.0,0.9057825,0.0,0.9502673507464666,0.0,0.8814245,0.0,0.9315051234033208,0,0.99943227
23,2,0,3,0,1,1,50,0.0,0.0,0.9597091,0.0,0.9524034501650478,0.0,0.95162994,0.0,0.9438532442432891,0,0.9997477
45,3,0,1,2,1,1,50,1.0,1.0,0.35904753,1.0,0.3228720092464421,1.0,0.3210665,1.0,0.3394517981331826,1,6.3444384e-07
45,0,4,0,5,1,1,45,0.0,0.0,0.53527695,0.0,0.5051857780519393,0.0,0.8214576,0.0,0.7241040113289187,0,0.81342673
51,3,1,1,3,1,1,50,1.0,1.0,0.24878502,1.0,0.3308876482244376,1.0,0.23202091,1.0,0.2868011846148769,1,5.241333e-07
32,3,3,1,0,1,1,44,0.0,0.0,0.7935957,0.0,0.7975612159547356,0.0,0.67160875,0.0,0.7192481148315453,0,0.5880576
35,2,3,1,0,1,1,42,0.0,0.0,0.7389195,0.0,0.6815853881532925,0.0,0.7411943,0.0,0.7492192642783739,0,0.7542974
49,0,4,3,5,1,1,56,1.0,0.0,0.5525129,1.0,0.3794767803965926,0.0,0.6663035,0.0,0.5336133261317968,1,0.0030157908
57,0,7,1,2,0,1,40,0.0,1.0,0.45659715,1.0,0.26041195665682637,1.0,0.4289754,1.0,0.31660336440581627,1,2.8277758e-05
25,0,1,3,5,1,0,20,0.0,0.0,0.9775899,0.0,0.9816166307082066,0.0,0.9801633,0.0,0.9787385219036844,0,0.99997663
27,1,1,1,1,1,1,15,0.0,0.0,0.83811355,0.0,0.7953499934948539,0.0,0.837147,0.0,0.8983066032478816,0,0.80037403
50,2,1,0,3,0,1,40,0.0,0.0,0.68219936,0.0,0.5265273722914484,1.0,0.46295667,0.0,0.7328115043565047,0,0.99131036
27,2,0,1,0,1,1,40,0.0,0.0,0.754017,0.0,0.8294086400382729,0.0,0.7519558,0.0,0.7492192642783739,0,0.7854383
62,0,1,0,2,1,1,40,0.0,0.0,0.67951745,0.0,0.5971105475302778,1.0,0.4740327,0.0,0.7940100886659196,1,0.37529677
77,3,7,1,3,1,1,40,0.0,1.0,0.39802045,0.0,0.6356051060885515,1.0,0.3230092,1.0,0.31484490456538183,1,5.2867e-07
20,2,7,3,5,1,0,40,0.0,0.0,0.9867421,0.0,0.9886943595759126,0.0,0.98976564,0.0,0.9832932887117538,0,0.99992573
63,1,6,2,1,0,1,40,0.0,0.0,0.9860458,0.0,0.9445696148492633,0.0,0.9802304,0.0,0.9715842763131524,0,0.9999682
37,2,1,3,5,1,0,35,0.0,0.0,0.92823976,0.0,0.9582099628488046,0.0,0.9570575,0.0,0.9584849662702408,0,0.9998485
31,2,7,3,0,1,0,50,0.0,0.0,0.96521616,0.0,0.9721626619832756,0.0,0.9373139,0.0,0.9692341354505594,0,0.99977916
35,2,3,3,0,1,0,40,0.0,0.0,0.9835065,0.0,0.9832470837809065,0.0,0.98827726,0.0,0.9894470222177112,0,0.9998004
30,2,6,1,0,1,1,50,0.0,0.0,0.88992035,0.0,0.9128581490084925,0.0,0.89334047,0.0,0.8935579895761615,0,0.98684686
27,2,1,3,3,1,1,40,0.0,0.0,0.9281159,0.0,0.9361881198584813,0.0,0.9286415,0.0,0.9378024965416195,0,0.99954873
46,0,3,1,5,1,1,40,1.0,0.0,0.5254233,1.0,0.4373784003478466,1.0,0.40470493,1.0,0.4620425025662702,1,0.013704526
24,2,7,3,0,1,1,40,0.0,0.0,0.9867441,0.0,0.9771182333007605,0.0,0.9932948,0.0,0.9896973455652845,0,0.999841
41,0,3,1,5,1,1,40,1.0,0.0,0.56526196,0.0,0.5266606322986473,0.0,0.5181672,0.0,0.6170321034074666,1,0.07571216
34,3,3,1,0,1,1,45,0.0,0.0,0.77509546,0.0,0.7975612159547356,0.0,0.70895374,0.0,0.7192481148315453,0,0.5045772
59,3,1,1,5,1,1,40,1.0,1.0,0.26233268,1.0,0.2603460435725624,1.0,0.23521888,1.0,0.223543429045294,1,5.819581e-07
41,0,7,1,0,1,0,40,1.0,0.0,0.65527165,0.0,0.7997102964771076,0.0,0.63486433,0.0,0.657616557924701,0,0.6400666
53,2,3,4,0,1,1,40,1.0,0.0,0.9540992,0.0,0.9436513372801174,0.0,0.98002124,0.0,0.9776576885711066,0,0.99978274
24,2,6,1,4,0,0,5,0.0,0.0,0.9942893,0.0,0.9809869563527694,0.0,0.9488703,0.0,0.9777691744391055,0,0.99939024
45,2,6,1,3,1,1,40,1.0,0.0,0.81374395,0.0,0.8126236748976664,0.0,0.8918258,0.0,0.8683231364771653,0,0.9597786
55,2,7,1,5,1,0,40,1.0,1.0,0.4747132,1.0,0.4372562620421375,1.0,0.29607135,1.0,0.3280692226284435,1,6.913968e-07
48,0,1,3,5,1,0,35,0.0,0.0,0.9267611,0.0,0.9478490260256032,0.0,0.9141719,0.0,0.9138501685046143,0,0.9800392
39,2,1,1,0,1,1,40,0.0,1.0,0.44503534,0.0,0.5814017953587978,1.0,0.49557018,1.0,0.4949088791237174,1,0.002554324
27,2,7,3,0,1,1,45,0.0,0.0,0.96845806,0.0,0.9663391915840713,0.0,0.97004265,0.0,0.979291268642183,0,0.99980503
21,2,3,3,4,1,1,35,0.0,0.0,0.99690855,0.0,0.9892147211013109,0.0,0.9916565,0.0,0.989972401351476,0,0.99982315
18,1,6,3,1,1,1,25,0.0,0.0,0.9995671,0.0,0.9898837845570975,0.0,0.9815621,0.0,0.9785925934327934,0,0.9999932
40,3,1,1,2,1,1,60,0.0,1.0,0.27944398,1.0,0.2647553037126883,1.0,0.19269335,1.0,0.26224350379920314,1,7.4895974e-07
43,2,1,1,2,1,1,35,0.0,1.0,0.33247352,1.0,0.2823426985508032,1.0,0.3031087,0.0,0.6246836797213142,1,6.970135e-07
41,2,3,0,0,1,1,40,0.0,0.0,0.95497036,0.0,0.9426292258204813,0.0,0.97737896,0.0,0.971835930974618,0,0.9997794
33,2,3,1,4,1,0,25,0.0,0.0,0.91236866,0.0,0.878586287868474,0.0,0.94669676,0.0,0.8853141726879438,0,0.98790514
23,0,7,0,5,1,0,70,0.0,0.0,0.90097946,0.0,0.966673045352863,0.0,0.9485817,0.0,0.9450964340177668,0,0.99978584
51,2,7,1,0,1,1,40,0.0,0.0,0.5820668,0.0,0.5325199027935448,0.0,0.5258851,0.0,0.5309679499908395,1,0.07370731
47,2,0,0,0,0,1,40,0.0,0.0,0.92278904,0.0,0.9068452788177038,0.0,0.9514831,0.0,0.9328100980786628,0,0.9997373
35,2,3,3,0,1,1,40,0.0,0.0,0.98153263,0.0,0.9806113063845955,0.0,0.98827726,0.0,0.9894470222177112,0,0.9998004
61,2,6,1,0,1,1,40,0.0,0.0,0.8485658,0.0,0.8796252417902444,0.0,0.87071264,0.0,0.855862294285981,0,0.95452344
24,0,1,3,2,1,0,40,0.0,0.0,0.9417163,0.0,0.9676148049427813,0.0,0.9224504,0.0,0.9429648883443956,0,0.99998796
37,0,7,1,0,1,1,40,0.0,0.0,0.6452954,0.0,0.7734820414880318,0.0,0.77582073,0.0,0.7850829440085718,0,0.91130006
24,2,6,3,4,1,0,32,0.0,0.0,0.99884266,0.0,0.9887330865928362,0.0,0.99696904,0.0,0.9899697592334556,0,0.9998294
25,2,7,3,5,1,0,50,0.0,0.0,0.9587052,0.0,0.9776888363654366,0.0,0.96384114,0.0,0.9699410371488052,0,0.9999021
25,2,1,3,5,1,0,50,0.0,0.0,0.8862619,0.0,0.9431052272219769,0.0,0.8665489,0.0,0.891401130747935,0,0.99834776
44,2,0,0,2,1,0,40,1.0,0.0,0.87937117,0.0,0.8649335742576251,0.0,0.95717955,0.0,0.976598331993019,0,0.9998783
47,0,3,0,5,1,0,40,0.0,0.0,0.9354784,0.0,0.9397811186908305,0.0,0.9576369,0.0,0.9641107156004839,0,0.9999454
55,2,3,0,4,1,1,40,0.0,0.0,0.9303892,0.0,0.9498477435236867,0.0,0.9756264,0.0,0.9807530940507391,0,0.9997446
29,0,3,3,4,1,0,40,0.0,0.0,0.9862898,0.0,0.9788877518857629,0.0,0.9618689,0.0,0.9773710545919735,0,0.999783
22,2,6,3,0,1,1,30,0.0,0.0,0.9989509,0.0,0.9894128297988737,0.0,0.9958999,0.0,0.9899697592334556,0,0.9998529
21,2,0,1,4,1,0,50,0.0,0.0,0.7771606,0.0,0.7695392176631353,0.0,0.6247973,0.0,0.6440673257910199,1,0.45124218
41,2,0,2,4,1,1,40,0.0,0.0,0.9097885,0.0,0.9429939965800496,0.0,0.97100824,0.0,0.9737221412169127,0,0.9989613
28,0,7,1,5,1,0,40,0.0,0.0,0.70449394,0.0,0.8632871387401349,0.0,0.72408414,0.0,0.6348956616826334,1,0.2141712
49,3,7,0,5,1,0,32,0.0,0.0,0.93663424,0.0,0.9300546150639725,0.0,0.9684719,0.0,0.9742669971902017,0,0.9999676
57,3,7,1,5,1,0,60,0.0,1.0,0.35701585,0.0,0.546167052437642,1.0,0.22021097,1.0,0.223543429045294,1,6.764803e-07
46,2,3,0,0,1,1,30,0.0,0.0,0.9713735,0.0,0.9576555303496037,0.0,0.98894024,0.0,0.9894470222177112,0,0.9998043
52,2,1,1,5,1,1,50,0.0,1.0,0.13975966,1.0,0.12581720298624988,1.0,0.22611755,1.0,0.17734971812946598,1,5.5281316e-07
59,2,6,1,5,1,1,40,0.0,0.0,0.6704837,0.0,0.6057714339324526,0.0,0.750334,0.0,0.7723129182333668,0,0.7827716
26,2,7,1,0,0,1,40,0.0,0.0,0.82652104,0.0,0.853634735593625,0.0,0.80559343,0.0,0.8175495352625008,0,0.9008188
19,1,7,3,1,1,1,23,0.0,0.0,0.99842775,0.0,0.9878615556733356,0.0,0.9920525,0.0,0.979953371400512,0,0.99998057
18,3,7,3,0,1,0,35,0.0,0.0,0.9958794,0.0,0.9877620669528168,0.0,0.9882862,0.0,0.979291268642183,0,0.999899
35,2,0,3,4,1,0,65,0.0,0.0,0.9292895,0.0,0.9563090757302852,0.0,0.8852186,0.0,0.9273155516024805,0,0.996232
48,2,1,4,4,1,0,20,0.0,0.0,0.94159776,0.0,0.9453135202892496,0.0,0.9330444,0.0,0.9649807680320387,0,0.99948967
27,2,3,3,4,1,1,40,0.0,0.0,0.9890286,0.0,0.9849259303852966,0.0,0.9884705,0.0,0.985643797636976,0,0.99981457
36,2,3,1,0,1,1,48,1.0,0.0,0.70342016,0.0,0.668837694309637,0.0,0.7235199,0.0,0.7277306171796802,0,0.616093
45,2,3,1,0,1,1,40,0.0,0.0,0.74046123,0.0,0.6982123750476055,0.0,0.73359066,0.0,0.7392101445267152,0,0.72283393
59,0,7,4,4,1,0,40,0.0,0.0,0.90869176,0.0,0.9226940419099585,0.0,0.9959276,0.0,0.9634560761076658,0,0.99999404
23,2,7,3,5,0,1,22,0.0,0.0,0.9936224,0.0,0.9861842716541874,0.0,0.9825907,0.0,0.9838241508629151,0,0.9999286
40,2,3,0,0,1,1,35,0.0,0.0,0.9736479,0.0,0.9618774400225932,0.0,0.98907644,0.0,0.9894470222177112,0,0.9998041
59,2,5,1,0,0,1,50,1.0,1.0,0.22475511,1.0,0.22339557083473782,1.0,0.31487238,1.0,0.27793540799553174,1,5.831236e-07
23,2,1,3,4,1,0,30,0.0,0.0,0.98301107,0.0,0.985616068277962,0.0,0.9858276,0.0,0.9899153546152761,0,0.99977845
40,2,6,1,4,0,0,32,0.0,0.0,0.9623244,0.0,0.9498030158524843,0.0,0.9640391,0.0,0.9537885754562988,0,0.9963768
31,0,1,0,2,1,0,40,0.0,0.0,0.84347343,0.0,0.8980806756728202,0.0,0.95087117,0.0,0.948647666064163,0,0.99993074
42,2,1,3,2,1,0,38,1.0,0.0,0.8800917,0.0,0.9027885278036099,0.0,0.9199922,0.0,0.7862239915294345,0,0.99995697
21,2,3,1,0,1,1,40,0.0,0.0,0.90425265,0.0,0.9525233940135343,0.0,0.90709555,0.0,0.8993790597246465,0,0.9921228
26,2,0,1,0,1,1,40,1.0,0.0,0.7647076,0.0,0.8499549233171033,0.0,0.7504743,0.0,0.7793771376512151,0,0.807303
28,2,3,3,5,1,0,38,0.0,0.0,0.9888313,0.0,0.9887765163857948,0.0,0.9907649,0.0,0.9899697592334556,0,0.9998311
39,2,5,1,2,1,0,60,1.0,1.0,0.13198727,1.0,0.24027867885576804,1.0,0.1578713,1.0,0.17744382261453606,1,4.948972e-07
60,3,0,1,0,1,0,15,1.0,0.0,0.69113886,0.0,0.7816577509181855,0.0,0.60341036,0.0,0.6825579628145674,1,0.38849217
35,0,7,3,2,0,0,40,0.0,0.0,0.9588225,0.0,0.9763427012530377,0.0,0.9061868,0.0,0.947127155480131,0,0.9999976
39,3,5,1,2,1,1,60,1.0,1.0,0.13291246,1.0,0.12122015326857416,1.0,0.18372637,1.0,0.12624689963669178,1,6.458106e-07
17,1,6,3,1,1,0,35,0.0,0.0,0.9999738,0.0,0.9898140437513745,0.0,0.97227806,0.0,0.9765910865511349,0,0.9999938
52,2,3,1,0,1,0,40,0.0,0.0,0.7639134,0.0,0.8021977376960213,0.0,0.6340608,0.0,0.6758317012010681,1,0.32667392
23,2,1,3,5,1,0,30,0.0,0.0,0.97157377,0.0,0.978558159976304,0.0,0.96927196,0.0,0.9699410371488052,0,0.99990964
18,2,6,3,5,1,0,25,0.0,0.0,0.99929315,0.0,0.9894691164931376,0.0,0.9960113,0.0,0.9869783203852698,0,0.99987173
37,2,3,2,0,1,1,40,0.0,0.0,0.97297275,0.0,0.962895927627325,0.0,0.97669816,0.0,0.9790106714445793,0,0.9997533
42,2,7,1,0,1,1,40,0.0,0.0,0.6442833,0.0,0.6589721125139261,0.0,0.6732856,0.0,0.6440673257910199,1,0.307248
17,1,6,3,1,0,1,40,0.0,0.0,0.9999771,0.0,0.9911321065214295,0.0,0.9748562,0.0,0.9771621985385982,0,0.9999944
72,1,7,4,1,0,0,4,0.0,0.0,0.9776654,0.0,0.9711533395225788,0.0,0.9964277,0.0,0.9698978132266257,0,0.99981123
36,0,1,3,5,1,0,40,0.0,0.0,0.91458213,0.0,0.9370038647592488,0.0,0.870929,0.0,0.8901648121495584,0,0.98637354
67,1,6,1,1,1,1,3,0.0,0.0,0.9520016,0.0,0.8978017749030303,0.0,0.9893099,0.0,0.9720839470769872,0,0.9999503
29,3,3,3,0,1,1,50,1.0,0.0,0.9750418,0.0,0.9579196150311772,0.0,0.9140237,0.0,0.9209865280318135,0,0.99953914
53,0,4,0,2,1,0,50,0.0,0.0,0.69831955,0.0,0.7792226002054754,0.0,0.6213436,0.0,0.5883245470692606,1,0.0032986011
53,2,1,1,5,1,1,50,1.0,1.0,0.13697451,1.0,0.12581720298624988,1.0,0.22477573,1.0,0.17734971812946598,1,5.544732e-07
52,2,3,0,3,1,0,40,0.0,0.0,0.96093315,0.0,0.9563865814873992,0.0,0.9451723,0.0,0.9399400586432513,0,0.9996158
37,2,3,1,0,1,1,40,0.0,0.0,0.7887966,0.0,0.8164591072876566,0.0,0.8224476,0.0,0.8194254020385872,0,0.92583656
21,2,7,3,3,1,0,40,0.0,0.0,0.99262184,0.0,0.9844354263101734,0.0,0.9920095,0.0,0.9899697592334556,0,0.99983096
22,3,7,3,0,1,1,20,0.0,0.0,0.99610186,0.0,0.9815301555387556,0.0,0.9910376,0.0,0.9789038034107622,0,0.99992967
27,0,1,3,2,1,0,60,0.0,0.0,0.8739053,0.0,0.9190399131834049,0.0,0.9594112,0.0,0.9094210847665168,0,0.980161
33,2,1,3,2,1,0,45,1.0,0.0,0.8458886,0.0,0.8891654492264414,0.0,0.87393004,0.0,0.8225973157251385,0,0.99565256
24,2,1,3,3,1,1,47,0.0,0.0,0.91182864,0.0,0.8997076612970805,0.0,0.8962088,0.0,0.8812378829641399,0,0.9983015
39,2,1,0,5,1,1,40,0.0,0.0,0.7092128,0.0,0.6220038393314533,0.0,0.911723,0.0,0.8606006800649223,0,0.9995726
26,2,1,3,3,1,1,48,0.0,0.0,0.89121395,0.0,0.8653609024602006,0.0,0.8654339,0.0,0.860711207927932,0,0.99794036
27,2,3,1,0,1,1,45,1.0,0.0,0.79533905,0.0,0.8322904103244841,0.0,0.8112196,0.0,0.8194254020385872,0,0.92416227
19,2,7,3,4,1,0,4,0.0,0.0,0.99926174,0.0,0.9901094982485342,0.0,0.99090534,0.0,0.9899180109183517,0,0.9998281
29,3,7,1,5,1,1,45,1.0,0.0,0.5501072,0.0,0.5899437772959957,0.0,0.51788366,0.0,0.5057540755683947,1,0.00012131749
56,3,0,1,3,1,1,54,1.0,1.0,0.2916993,1.0,0.3801142703131144,1.0,0.4264319,1.0,0.3623463449421248,1,1.2932046e-06
40,2,2,1,2,1,0,30,1.0,1.0,0.23716694,1.0,0.26020281260177125,1.0,0.2772947,1.0,0.44003189710889357,1,1.025022e-06
30,2,3,3,3,1,0,40,0.0,0.0,0.99018586,0.0,0.9868184278440773,0.0,0.9885691,0.0,0.9899697592334556,0,0.999801
21,2,6,3,4,1,1,50,0.0,0.0,0.996611,0.0,0.9878210163904072,0.0,0.9947819,0.0,0.9894470222177112,0,0.99982387
51,2,1,1,0,1,1,40,0.0,1.0,0.37606114,1.0,0.4072803760021444,1.0,0.48301828,1.0,0.4612109306612001,1,3.8813778e-05
62,2,3,4,5,1,0,38,0.0,0.0,0.9251031,0.0,0.9450363479978932,0.0,0.9529148,0.0,0.9548790638767506,0,0.9996809
29,1,7,3,1,0,0,40,0.0,0.0,0.9876456,0.0,0.9818436722290799,0.0,0.98481625,0.0,0.9795032374774746,0,0.9999715
52,0,4,1,5,1,1,40,0.0,1.0,0.18848985,1.0,0.16098219640617895,1.0,0.25063616,1.0,0.23941960989722544,1,1.2810476e-06
24,2,7,3,4,0,0,30,0.0,0.0,0.99512887,0.0,0.9905940048705433,0.0,0.99072635,0.0,0.9899180109183517,0,0.9998286
52,0,1,1,4,1,1,40,0.0,1.0,0.36761492,1.0,0.34340905722703097,1.0,0.29993236,1.0,0.39635511908439536,1,6.849664e-07
36,3,1,0,3,1,1,60,0.0,0.0,0.6812771,0.0,0.5591460988573831,0.0,0.7310756,0.0,0.6936853589904078,0,0.7173626
41,2,4,1,5,1,1,45,1.0,1.0,0.13645566,1.0,0.10548581077138175,1.0,0.17057341,1.0,0.24785086385622002,1,4.3913843e-07
31,2,3,3,4,0,0,35,0.0,0.0,0.99377126,0.0,0.9886235849547719,0.0,0.99175906,0.0,0.989972401351476,0,0.9998222
33,2,6,3,3,1,1,43,0.0,0.0,0.98716885,0.0,0.9656831252576942,0.0,0.98625296,0.0,0.9833143256859315,0,0.99981755
50,2,6,2,5,0,0,47,0.0,0.0,0.9579962,0.0,0.9193705761659368,0.0,0.9515813,0.0,0.9491052503413379,0,0.99979085
68,2,6,1,0,0,1,44,0.0,0.0,0.8277546,0.0,0.7958944464559277,0.0,0.7535685,0.0,0.7723129182333668,0,0.78666615
49,3,2,1,2,1,0,35,1.0,1.0,0.22837758,1.0,0.21731416278339932,1.0,0.12937462,1.0,0.16954195652931225,1,1.0094494e-06
81,3,3,1,5,1,1,30,0.0,0.0,0.58582896,0.0,0.6891403217150572,0.0,0.56292313,0.0,0.5240524262074211,1,0.00027472826
42,2,4,3,5,1,1,40,1.0,0.0,0.7123749,0.0,0.8377282967332966,0.0,0.63340235,0.0,0.6596077438179113,1,0.14197148
39,2,3,0,0,1,1,40,0.0,0.0,0.95767426,0.0,0.9466549997623791,0.0,0.97793245,0.0,0.979617072538832,0,0.9997801
32,2,6,0,0,1,1,50,0.0,0.0,0.9791182,0.0,0.9508505980023305,0.0,0.96932274,0.0,0.9725090357374676,0,0.99978393
46,0,1,1,2,1,1,38,1.0,1.0,0.36943072,0.0,0.5627736958248624,1.0,0.36870223,1.0,0.38370390240988284,1,4.8035618e-06
47,2,6,1,0,1,1,40,0.0,0.0,0.87773407,0.0,0.8851238936130637,0.0,0.8787829,0.0,0.8741853458116003,0,0.9798489
50,2,1,2,3,1,1,40,1.0,0.0,0.7413312,0.0,0.7243857565526015,0.0,0.6829958,0.0,0.5280138761376757,1,0.09154639
44,2,1,3,5,1,0,37,0.0,0.0,0.9028418,0.0,0.926975934641884,0.0,0.9565804,0.0,0.9036814974216314,0,0.9997496
18,1,7,3,1,1,0,4,0.0,0.0,0.9989716,0.0,0.989546788629288,0.0,0.99072933,0.0,0.9791767902960989,0,0.9999894
35,2,3,0,0,1,1,40,0.0,0.0,0.96379507,0.0,0.9478048165425554,0.0,0.9791838,0.0,0.9887590475808739,0,0.99978167
57,3,4,3,0,1,1,20,0.0,0.0,0.89771086,0.0,0.9001727851686063,0.0,0.91109526,0.0,0.8583999425390169,0,0.99790645
35,3,3,1,4,1,1,60,0.0,0.0,0.6374885,0.0,0.7431453151430745,0.0,0.60135067,0.0,0.6081581843237006,1,0.17512321
28,3,3,1,0,1,1,50,0.0,0.0,0.7932164,0.0,0.7975612159547356,0.0,0.6715441,0.0,0.7192481148315453,0,0.54846704
30,2,3,3,0,1,1,40,0.0,0.0,0.9855619,0.0,0.9806113063845955,0.0,0.98855317,0.0,0.9894470222177112,0,0.999801
41,0,4,3,2,0,0,40,0.0,0.0,0.7950283,0.0,0.7200360333490059,0.0,0.88995606,0.0,0.8921534404410119,0,0.9677301
42,0,1,1,5,1,1,52,1.0,1.0,0.2334038,1.0,0.27145707704656574,1.0,0.30375248,1.0,0.24020186602776605,1,2.812143e-06
27,2,1,1,0,1,1,45,1.0,1.0,0.47152948,0.0,0.5964602886466923,0.0,0.50835156,0.0,0.5056248516003692,1,0.013352973
37,2,6,1,4,0,1,40,0.0,0.0,0.92537147,0.0,0.9125418578104602,0.0,0.9086956,0.0,0.916040866131305,0,0.9918671
45,2,7,1,0,1,1,40,1.0,0.0,0.6223489,0.0,0.6151284267507521,0.0,0.6087073,0.0,0.6342640684749676,1,0.22143923
43,2,3,1,4,0,1,60,0.0,0.0,0.6026476,0.0,0.6930671502310544,0.0,0.62370396,0.0,0.6017665545197425,1,0.1479635
64,2,3,4,5,1,0,30,0.0,0.0,0.93325245,0.0,0.946380685143648,0.0,0.9640078,0.0,0.9548790638767506,0,0.9997229
21,3,7,3,5,1,1,40,0.0,0.0,0.9805725,0.0,0.9748831691578735,0.0,0.97915184,0.0,0.9738979369648344,0,0.9999918
24,2,6,1,3,1,1,45,0.0,0.0,0.912273,0.0,0.8679569173723818,0.0,0.89663255,0.0,0.8935579895761615,0,0.98873186
67,2,1,1,2,1,1,40,1.0,1.0,0.22241491,1.0,0.226175592166996,1.0,0.21531284,1.0,0.1860761725776683,1,4.751752e-07
21,2,3,3,4,0,0,35,0.0,0.0,0.9966248,0.0,0.989829994579389,0.0,0.9916565,0.0,0.989972401351476,0,0.99982315
36,2,3,3,0,1,1,50,0.0,0.0,0.9655052,0.0,0.965331754638549,0.0,0.9492205,0.0,0.9548790638767506,0,0.9997131
36,2,3,0,5,1,0,38,0.0,0.0,0.9683034,0.0,0.9809890931727138,0.0,0.98406506,0.0,0.982991141078135,0,0.99981266
44,2,3,3,3,1,0,40,0.0,0.0,0.98205155,0.0,0.981652553961825,0.0,0.98223126,0.0,0.9868458066073523,0,0.9997826
25,2,1,3,2,1,0,40,0.0,0.0,0.91810876,0.0,0.9620275853192195,0.0,0.943397,0.0,0.9535120733010576,0,0.9998196
31,2,3,3,3,1,0,30,0.0,0.0,0.9947156,0.0,0.987498366064073,0.0,0.99079996,0.0,0.989972401351476,0,0.9998252
47,2,3,1,0,1,1,50,0.0,0.0,0.6011679,0.0,0.5369761295973987,0.0,0.60069466,0.0,0.6256856875894514,1,0.17365716
35,2,3,1,0,1,1,40,1.0,0.0,0.8028288,0.0,0.8285000847613533,0.0,0.8261456,0.0,0.8514576748514968,0,0.9466285
33,0,3,1,0,1,1,40,0.0,0.0,0.74938154,0.0,0.7620053727319418,0.0,0.8112961,0.0,0.7669591626878041,0,0.746367
50,2,2,1,2,0,1,37,1.0,1.0,0.21732521,1.0,0.24177282416222234,1.0,0.3087275,1.0,0.23359536879829634,1,6.2768e-07
62,2,3,3,0,1,1,40,0.0,0.0,0.95398855,0.0,0.9528461663707767,0.0,0.96635175,0.0,0.9548790638767506,0,0.99968934
70,3,1,0,5,1,0,55,0.0,0.0,0.7459702,0.0,0.7257484003435857,1.0,0.19587702,1.0,0.46831927677120155,1,0.00010335668
35,2,3,0,0,1,1,35,0.0,0.0,0.9783152,0.0,0.9679891646684597,0.0,0.9896774,0.0,0.9894470222177112,0,0.99980587
42,2,3,1,0,1,1,50,1.0,0.0,0.6387305,0.0,0.5845710517762918,0.0,0.62187135,0.0,0.6307793578535944,1,0.22514704
26,2,4,3,2,1,0,40,0.0,0.0,0.85037154,0.0,0.9361920254192682,0.0,0.8485054,0.0,0.801561808810174,0,0.9982382
38,2,7,1,2,1,1,40,0.0,1.0,0.4628132,1.0,0.4351543877266201,1.0,0.45904213,1.0,0.4944002142875735,1,0.0001405691
56,3,3,1,0,1,1,45,0.0,0.0,0.6610013,0.0,0.6799170155909319,0.0,0.55129695,0.0,0.6185299796820634,1,0.09959723
22,2,7,3,5,1,0,40,0.0,0.0,0.98277843,0.0,0.9876186580211032,0.0,0.99080294,0.0,0.9832932887117538,0,0.99993396
34,3,3,1,0,1,1,54,1.0,0.0,0.73453736,0.0,0.7520484065204575,0.0,0.69710994,0.0,0.6781807530069575,1,0.45963058
44,2,3,3,4,1,1,40,0.0,0.0,0.97357726,0.0,0.9807021634029636,0.0,0.9880562,0.0,0.9819824887897047,0,0.99980193
43,3,7,1,5,1,1,70,1.0,1.0,0.33665365,0.0,0.5599373939327453,1.0,0.2433039,1.0,0.2394304206241098,1,6.3451705e-07
23,2,6,1,0,0,0,30,0.0,0.0,0.98068637,0.0,0.9668315790756242,0.0,0.96195567,0.0,0.9760750157523282,0,0.99915886
51,2,0,1,5,1,1,50,1.0,1.0,0.24036872,1.0,0.21927224337417783,1.0,0.28434968,1.0,0.29206572765951433,1,5.084078e-07
30,2,1,3,5,1,1,42,0.0,0.0,0.8113724,0.0,0.8728755058904124,0.0,0.9249349,0.0,0.8490782222025292,0,0.999382
57,2,1,1,5,0,1,40,0.0,1.0,0.23979133,1.0,0.25845505266827107,1.0,0.23427099,1.0,0.1553309870167453,1,5.503083e-07
31,0,0,3,4,1,1,20,0.0,0.0,0.9833346,0.0,0.968443842635525,0.0,0.9708832,0.0,0.9769909975401823,0,0.99998045
43,2,3,1,0,0,1,40,1.0,0.0,0.81313974,0.0,0.7696269014406167,0.0,0.72584796,0.0,0.7492192642783739,0,0.76001495
45,2,7,1,0,1,1,40,0.0,0.0,0.6223489,0.0,0.6151284267507521,0.0,0.6087073,0.0,0.6342640684749676,1,0.22143923
40,2,1,0,4,1,1,45,0.0,0.0,0.75631356,0.0,0.7742931333164651,0.0,0.84568566,0.0,0.8525752202753648,0,0.9896367
45,2,7,1,0,1,1,40,1.0,0.0,0.6223489,0.0,0.6151284267507521,0.0,0.6087073,0.0,0.6342640684749676,1,0.22143923
20,1,7,3,1,1,0,40,0.0,0.0,0.9931251,0.0,0.9894550847293911,0.0,0.99337745,0.0,0.9793966789580807,0,0.99997985
23,2,7,3,3,1,0,40,0.0,0.0,0.9908821,0.0,0.9844354263101734,0.0,0.99149734,0.0,0.9899697592334556,0,0.9998324
44,0,6,0,0,1,1,40,0.0,0.0,0.9825167,0.0,0.9523907644045451,0.0,0.9344138,0.0,0.9751989369346568,0,0.99998224
39,3,3,1,3,1,1,70,0.0,1.0,0.46950275,1.0,0.4149345854339832,0.0,0.5157057,0.0,0.5276365388459907,1,0.0046972106
25,2,1,3,5,1,0,40,0.0,0.0,0.9336535,0.0,0.9728228899920904,0.0,0.93324596,0.0,0.958591550653886,0,0.9998067
23,2,7,3,5,1,1,20,0.0,0.0,0.99271065,0.0,0.988503561074891,0.0,0.98447365,0.0,0.9838241508629151,0,0.99992824
41,2,6,1,0,1,1,40,1.0,0.0,0.89450115,0.0,0.8986468241515649,0.0,0.899674,0.0,0.9024606956917652,0,0.9920521
28,2,3,3,0,1,1,40,0.0,0.0,0.98749864,0.0,0.9809641516465788,0.0,0.98853916,0.0,0.9894470222177112,0,0.999801
28,2,6,3,0,1,0,40,0.0,0.0,0.99617785,0.0,0.9824976579768007,0.0,0.9922262,0.0,0.9894470222177112,0,0.99983585
28,2,3,3,0,1,1,40,0.0,0.0,0.98749864,0.0,0.9809641516465788,0.0,0.98853916,0.0,0.9894470222177112,0,0.999801
28,2,3,1,5,1,0,40,0.0,0.0,0.7723304,0.0,0.6677107302248837,0.0,0.7842638,0.0,0.7492192642783739,0,0.6822579
24,2,3,3,5,1,0,40,0.0,0.0,0.98677415,0.0,0.9887801953392277,0.0,0.9897897,0.0,0.9899697592334556,0,0.99983096
25,2,1,3,0,1,1,30,0.0,0.0,0.977894,0.0,0.9719180555155116,0.0,0.9872219,0.0,0.984442045415811,0,0.99982125
56,2,1,1,5,1,1,50,1.0,1.0,0.12944645,1.0,0.12143120280358,1.0,0.21634245,1.0,0.17734971812946598,1,5.672423e-07
60,2,7,1,4,1,1,38,0.0,0.0,0.60827494,0.0,0.6610578862809803,1.0,0.4024315,0.0,0.5090159360718605,1,0.022990702
54,2,3,0,4,1,0,40,0.0,0.0,0.9483812,0.0,0.9527369124850327,0.0,0.97673225,0.0,0.9807530940507391,0,0.9997515
21,1,7,3,1,1,1,16,0.0,0.0,0.9981205,0.0,0.9888645188946411,0.0,0.9898508,0.0,0.9795846740159107,0,0.99998116
21,2,7,3,4,1,0,40,0.0,0.0,0.9900038,0.0,0.9869991576671626,0.0,0.9903869,0.0,0.9861709950891865,0,0.99982244
26,2,7,1,0,1,1,40,0.0,0.0,0.79148906,0.0,0.8629983488992554,0.0,0.80559343,0.0,0.8175495352625008,0,0.9008188
41,3,7,1,0,1,1,65,0.0,0.0,0.54088956,0.0,0.7756905253584412,0.0,0.5695377,0.0,0.5435123927493988,1,0.00013443502
30,2,2,3,2,1,1,60,0.0,0.0,0.6355084,0.0,0.6804242751645957,1.0,0.029678285,1.0,0.1967164509716336,1,2.9304024e-06
22,2,7,1,4,1,1,35,0.0,0.0,0.92958283,0.0,0.9200251238754744,0.0,0.918321,0.0,0.8970415072438969,0,0.96877533
42,2,1,1,5,1,1,40,1.0,1.0,0.25774908,1.0,0.19296494848668921,1.0,0.16101694,1.0,0.20861537804017338,1,4.6556158e-07
21,2,0,3,5,0,0,35,0.0,0.0,0.99144113,0.0,0.9869017357892245,0.0,0.9859052,0.0,0.9834043631465872,0,0.99985087
23,2,7,1,0,1,1,60,0.0,0.0,0.67201257,0.0,0.8331642594381591,0.0,0.6731386,0.0,0.6440673257910199,1,0.3890095
41,2,4,1,2,0,1,45,1.0,1.0,0.20452982,1.0,0.3012733067360641,1.0,0.28610408,1.0,0.20718051996112563,1,5.2886924e-07
55,2,6,1,0,1,1,48,0.0,0.0,0.8130845,0.0,0.8491619538797514,0.0,0.8904172,0.0,0.8241225765273592,0,0.9263404
24,2,0,3,5,1,0,40,0.0,0.0,0.96805036,0.0,0.9754611933308287,0.0,0.96734285,0.0,0.9699800296637174,0,0.9998258
22,2,3,3,4,1,1,40,0.0,0.0,0.99306566,0.0,0.9874881804369883,0.0,0.98768806,0.0,0.9894470222177112,0,0.99981624
64,0,2,1,2,1,1,50,1.0,1.0,0.12861133,1.0,0.13615094672214545,1.0,0.31781113,1.0,0.18017871356755466,1,1.1335608e-05
27,3,7,3,5,1,0,45,0.0,0.0,0.9585704,0.0,0.9706013321789764,0.0,0.9274338,0.0,0.9701669319384069,0,0.99997413
22,2,3,3,4,1,0,19,0.0,0.0,0.9980859,0.0,0.9899652668436111,0.0,0.9924227,0.0,0.989972401351476,0,0.9998264
35,2,6,1,0,1,1,84,0.0,0.0,0.8191047,0.0,0.7712956853729006,0.0,0.7540577,0.0,0.7723129182333668,0,0.804841
52,2,3,1,0,1,1,40,1.0,0.0,0.69907427,0.0,0.5802306822872195,0.0,0.6340608,0.0,0.6758317012010681,1,0.32667392
59,2,3,1,0,1,1,40,0.0,0.0,0.66659474,0.0,0.6127228582420674,0.0,0.5989274,0.0,0.6307793578535944,1,0.22478507
27,2,1,3,3,1,1,40,0.0,0.0,0.9281159,0.0,0.9361881198584813,0.0,0.9286415,0.0,0.9378024965416195,0,0.99954873
56,1,7,4,1,0,0,40,0.0,0.0,0.9541762,0.0,0.9559947119828455,0.0,0.9533621,0.0,0.9321510258346088,0,0.99521554
53,2,1,3,2,1,0,40,0.0,0.0,0.79713464,0.0,0.7942102785003949,0.0,0.6431329,0.0,0.6905609815480336,1,0.20873667
43,2,3,1,0,0,1,40,0.0,0.0,0.81313974,0.0,0.7696269014406167,0.0,0.72584796,0.0,0.7492192642783739,0,0.76001495
23,2,0,3,3,0,0,36,0.0,0.0,0.99416107,0.0,0.9759255541711395,0.0,0.9908334,0.0,0.9899697592334556,0,0.9998259
20,2,3,1,3,1,1,20,0.0,0.0,0.9600539,0.0,0.9432073407103518,0.0,0.9712683,0.0,0.9548152704142367,0,0.99656963
29,2,7,1,0,1,1,40,0.0,0.0,0.75918436,0.0,0.7830580780233696,0.0,0.7645214,0.0,0.7793771376512151,0,0.8616807
21,2,3,3,0,1,1,40,0.0,0.0,0.9940467,0.0,0.9839535596896772,0.0,0.98820007,0.0,0.9894470222177112,0,0.9997998
27,0,7,3,5,1,1,40,0.0,0.0,0.9573648,0.0,0.9672955905192464,0.0,0.9755825,0.0,0.971935889325716,0,0.99997807
55,2,0,0,5,1,0,40,0.0,0.0,0.86782813,0.0,0.927791347980118,0.0,0.90288615,0.0,0.9055863226092756,0,0.9997049
61,2,3,1,0,1,1,40,0.0,0.0,0.6560302,0.0,0.6855422383669117,0.0,0.6173782,0.0,0.6307793578535944,1,0.20206133
24,2,1,3,4,0,1,32,0.0,0.0,0.9862166,0.0,0.9801474009425538,0.0,0.9806919,0.0,0.9895925902909626,0,0.9997714
52,2,3,4,4,1,0,40,0.0,0.0,0.95524716,0.0,0.9540399852493288,0.0,0.9805452,0.0,0.9807530940507391,0,0.9997607
19,1,3,3,1,1,1,40,0.0,0.0,0.9964649,0.0,0.9882540268366943,0.0,0.9895151,0.0,0.9723972561813904,0,0.99998164
48,3,1,1,5,1,1,50,1.0,1.0,0.22380799,1.0,0.2756273107629179,1.0,0.22036743,1.0,0.24000866227860884,1,4.869649e-07
54,2,3,1,0,1,1,40,1.0,0.0,0.68967366,0.0,0.5649443162141652,0.0,0.63076127,0.0,0.6350077258889693,1,0.27573216
43,0,1,0,2,1,0,48,0.0,0.0,0.7737672,0.0,0.7944441868008072,0.0,0.88937986,0.0,0.8939416565958593,0,0.8842508
34,2,1,0,0,1,0,25,0.0,0.0,0.937795,0.0,0.9547712632524509,0.0,0.9595525,0.0,0.9711784593574729,0,0.99978966
58,0,3,1,5,0,1,40,1.0,0.0,0.55813503,0.0,0.5252989562001718,1.0,0.49831986,1.0,0.49775026998235283,1,0.0013744404
55,3,3,0,0,1,1,40,0.0,0.0,0.9466923,0.0,0.8813447348150893,0.0,0.92579025,0.0,0.9220277744011419,0,0.999148
35,2,3,2,0,0,0,48,0.0,0.0,0.95941526,0.0,0.9561695580264966,0.0,0.9507411,0.0,0.9442695024754441,0,0.9995265
30,0,4,1,2,1,1,40,1.0,1.0,0.30305344,1.0,0.49625033320910583,1.0,0.4118048,1.0,0.35429264975827324,1,1.2848075e-06
23,0,7,1,5,1,0,40,0.0,0.0,0.7561705,0.0,0.8935460066622416,0.0,0.89709157,0.0,0.8602400717525082,0,0.86235976
27,3,0,1,4,1,0,36,1.0,0.0,0.8136617,0.0,0.8122985455877412,0.0,0.75719786,0.0,0.7492192642783739,0,0.77816284
37,2,7,1,4,1,1,40,1.0,0.0,0.6861142,0.0,0.6676816622760429,0.0,0.6279303,0.0,0.6672581471724682,1,0.29144186
34,2,3,1,0,1,1,55,0.0,0.0,0.6661166,0.0,0.679012321207372,0.0,0.62845397,0.0,0.6436257656744688,1,0.37408176
20,1,7,3,1,1,0,12,0.0,0.0,0.99732417,0.0,0.98862073545169,0.0,0.99420804,0.0,0.9795846740159107,0,0.99998367
58,1,7,1,1,1,1,40,1.0,0.0,0.66674584,0.0,0.7225079243284238,0.0,0.6836965,0.0,0.5532127673594027,1,0.17958865
74,2,1,4,4,1,0,8,0.0,0.0,0.95333576,0.0,0.9463345128598611,0.0,0.9118986,0.0,0.9601399004406096,0,0.998128
28,2,1,3,3,1,0,40,0.0,0.0,0.9590307,0.0,0.9599206579752895,0.0,0.9234849,0.0,0.9321995195778161,0,0.9995204
71,3,4,1,3,1,1,40,1.0,1.0,0.23301363,1.0,0.24589936952904956,1.0,0.31936848,1.0,0.3487458964757474,1,5.6054387e-07
63,3,3,1,0,1,1,40,0.0,0.0,0.70372564,0.0,0.732058096017679,0.0,0.7072856,0.0,0.6419756771666179,1,0.26794943
58,3,3,1,0,1,1,60,0.0,0.0,0.5977272,0.0,0.5991171531507287,0.0,0.6175804,0.0,0.5410524529238965,1,0.025063697
38,2,6,1,0,1,1,40,1.0,0.0,0.90279776,0.0,0.9127937270184376,0.0,0.9104562,0.0,0.9024606956917652,0,0.9942859
18,1,7,3,1,0,0,24,0.0,0.0,0.99789274,0.0,0.9885775732058961,0.0,0.9936803,0.0,0.9796861305431934,0,0.9999813
22,1,3,3,1,0,1,45,0.0,0.0,0.99367946,0.0,0.9773463543513906,0.0,0.969035,0.0,0.970701909383601,0,0.999969
54,2,3,1,0,1,1,44,0.0,0.0,0.6108592,0.0,0.512816124235823,0.0,0.6013613,0.0,0.6256856875894514,1,0.16361335
31,2,3,1,0,1,1,50,0.0,0.0,0.7240161,0.0,0.7346500514733098,0.0,0.77381915,0.0,0.7492192642783739,0,0.7369651
53,0,0,1,2,1,1,40,1.0,1.0,0.36898315,1.0,0.43016233532056913,1.0,0.46842366,1.0,0.43565642080483447,1,5.194436e-06
36,2,1,1,5,0,1,45,1.0,1.0,0.2947234,1.0,0.21773984070677632,1.0,0.1662994,1.0,0.2014697187947484,1,4.7624954e-07
36,3,7,1,5,1,1,60,1.0,1.0,0.39992678,0.0,0.6330667489657802,1.0,0.43209428,1.0,0.381333568299713,1,1.6952289e-06
36,0,7,0,0,1,1,60,0.0,0.0,0.897862,0.0,0.9047978229932784,0.0,0.9631687,0.0,0.9701729887348746,0,0.99996674
52,2,3,1,0,1,1,40,0.0,0.0,0.69907427,0.0,0.5802306822872195,0.0,0.6340608,0.0,0.6758317012010681,1,0.32667392
56,0,4,0,5,1,0,40,0.0,0.0,0.73097456,0.0,0.6277885843851191,0.0,0.7681809,0.0,0.7088699923883004,0,0.76721483
59,1,3,1,1,1,1,16,0.0,0.0,0.79665637,0.0,0.8552862753176521,0.0,0.8873731,0.0,0.8453673392616912,0,0.9760415
41,2,6,1,4,1,0,32,0.0,0.0,0.95390356,0.0,0.9671877056525345,0.0,0.9651768,0.0,0.9477483303043119,0,0.9962613
21,2,7,3,2,1,1,10,0.0,0.0,0.995323,0.0,0.9814646080858056,0.0,0.91938365,0.0,0.9693438363382854,0,0.99990296
18,2,7,3,4,1,1,20,0.0,0.0,0.99899155,0.0,0.9905614437997973,0.0,0.9934617,0.0,0.9899697592334556,0,0.9998288
24,2,0,1,4,1,1,20,0.0,0.0,0.9089571,0.0,0.8542010266628602,0.0,0.90101504,0.0,0.8960101421112012,0,0.9700188
29,3,3,1,0,1,1,48,0.0,0.0,0.79835504,0.0,0.7975612159547356,0.0,0.6806823,0.0,0.7192481148315453,0,0.60349804
53,2,7,0,5,1,0,38,0.0,0.0,0.93302745,0.0,0.9671144425860874,0.0,0.9683929,0.0,0.9644692643756052,0,0.9999716
70,1,3,1,1,1,1,40,0.0,0.0,0.6767293,0.0,0.751456361101484,0.0,0.66129804,0.0,0.6652981709008329,0,0.526589
26,2,3,3,0,1,1,40,0.0,0.0,0.98936623,0.0,0.9828675849173878,0.0,0.98849034,0.0,0.9894470222177112,0,0.99980074
32,3,1,1,0,1,1,70,1.0,1.0,0.39947873,0.0,0.5460475557845216,1.0,0.46735,1.0,0.3846885538549717,1,2.1501894e-06
50,2,3,1,0,1,1,40,1.0,0.0,0.710691,0.0,0.627693206171709,0.0,0.66098297,0.0,0.6916737970963738,1,0.4375639
27,2,3,3,0,1,1,40,0.0,0.0,0.9884606,0.0,0.9809641516465788,0.0,0.9885181,0.0,0.9894470222177112,0,0.99980086
34,2,7,1,0,1,1,40,1.0,0.0,0.7106384,0.0,0.7336674494282687,0.0,0.69349873,0.0,0.7301202781336622,0,0.73095447
17,2,6,3,3,1,0,20,0.0,0.0,0.9999909,0.0,0.9889400705896604,0.0,0.99629074,0.0,0.9894470222177112,0,0.99984753
69,1,6,1,1,0,1,34,0.0,0.0,0.91410327,0.0,0.8522994761600927,0.0,0.88967603,0.0,0.8948096320972839,0,0.9979175
46,2,3,1,0,0,0,36,0.0,0.0,0.8523512,0.0,0.9151272413684128,0.0,0.81782204,0.0,0.8383824266280863,0,0.9376137
19,2,6,3,0,1,1,40,0.0,0.0,0.9987263,0.0,0.9876766207334186,0.0,0.99312866,0.0,0.9894470222177112,0,0.9998406
37,0,7,1,4,1,1,60,0.0,1.0,0.47334093,1.0,0.49802271638028917,0.0,0.5265187,1.0,0.42237353586082516,1,3.4316825e-05
32,2,3,3,0,1,1,50,0.0,0.0,0.9709013,0.0,0.967642382305294,0.0,0.96990997,0.0,0.9604807726352587,0,0.9997435
44,2,4,3,2,1,0,55,0.0,0.0,0.62810147,0.0,0.7193608849726885,0.0,0.52991927,0.0,0.5254803875137473,1,7.916378e-05
24,0,4,3,5,0,0,40,0.0,0.0,0.9319124,0.0,0.9456392226935404,0.0,0.73545897,0.0,0.9129434057439308,0,0.99592894
22,2,3,3,0,1,1,40,0.0,0.0,0.99313945,0.0,0.9833924674745405,0.0,0.9882902,0.0,0.9894470222177112,0,0.99980015
43,0,3,1,2,1,1,40,0.0,0.0,0.53429264,0.0,0.6668564156399046,0.0,0.63805795,0.0,0.5575135787642514,1,0.013127522
40,2,5,3,5,1,0,40,0.0,0.0,0.7610395,0.0,0.8447435693608286,0.0,0.9330397,0.0,0.8115524161769329,0,0.9972723
26,2,3,1,0,1,1,40,1.0,0.0,0.86434996,0.0,0.9245526407641094,0.0,0.8824911,0.0,0.8868368665865113,0,0.98454106
38,2,3,0,0,1,1,28,0.0,0.0,0.9799924,0.0,0.9683805674989664,0.0,0.9911402,0.0,0.9894470222177112,0,0.9998128
43,2,3,0,0,1,1,40,0.0,0.0,0.9524465,0.0,0.9372321625938771,0.0,0.97687125,0.0,0.9680756794968552,0,0.9997787
20,2,7,3,5,1,1,30,0.0,0.0,0.9936709,0.0,0.9886867353511172,0.0,0.98899484,0.0,0.9838241508629151,0,0.9999224
27,2,6,1,0,1,1,45,0.0,0.0,0.9152265,0.0,0.9373168264003154,0.0,0.8954218,0.0,0.9024606956917652,0,0.9940375
64,0,3,0,0,1,1,20,0.0,0.0,0.9436094,0.0,0.9447375302736429,0.0,0.98051625,0.0,0.9699410371488052,0,0.99996006
42,2,3,1,0,1,1,40,0.0,0.0,0.7583478,0.0,0.6982123750476055,0.0,0.7354886,0.0,0.7492192642783739,0,0.77361405
65,3,7,4,5,1,0,45,0.0,0.0,0.8371446,0.0,0.8532413039439831,0.0,0.87711596,0.0,0.8691628452714608,0,0.86841017
26,2,1,3,5,1,0,40,0.0,0.0,0.9292689,0.0,0.9701139807755281,0.0,0.92524517,0.0,0.958591550653886,0,0.99979216
35,2,7,0,3,1,0,35,0.0,0.0,0.97899985,0.0,0.9666752592830526,0.0,0.9915305,0.0,0.9899697592334556,0,0.9998301
63,1,1,1,1,1,1,54,1.0,0.0,0.5065087,1.0,0.4391896154493843,1.0,0.3580237,1.0,0.3484046242946658,1,3.7135032e-05
44,2,3,1,0,1,0,40,1.0,0.0,0.7869185,0.0,0.8186830313751631,0.0,0.7334559,0.0,0.7492192642783739,0,0.7448542
24,2,7,3,5,0,0,40,0.0,0.0,0.98223346,0.0,0.9850205492990751,0.0,0.98919463,0.0,0.979396889613158,0,0.99993587
43,2,7,1,3,1,1,50,1.0,1.0,0.40002626,1.0,0.330833968955182,1.0,0.40375406,1.0,0.4435272843602176,1,5.4778462e-05
20,2,7,3,5,1,1,25,0.0,0.0,0.9944605,0.0,0.9891483381986563,0.0,0.98929644,0.0,0.9838241508629151,0,0.9999192
33,2,0,1,2,1,1,40,1.0,1.0,0.46105778,1.0,0.3979797350604056,0.0,0.6505102,0.0,0.5197273029885814,1,0.0022286794
31,2,3,0,0,1,0,40,0.0,0.0,0.9749313,0.0,0.9793176301292184,0.0,0.9802386,0.0,0.9859906533506766,0,0.999783
47,2,3,2,3,1,0,52,0.0,0.0,0.94085735,0.0,0.9422241839720933,0.0,0.8932902,0.0,0.8692737827747841,0,0.9845167
23,2,6,3,0,1,1,35,0.0,0.0,0.998583,0.0,0.9879168486959994,0.0,0.9955604,0.0,0.9894470222177112,0,0.9998518
33,2,4,1,2,1,1,50,1.0,1.0,0.19583768,1.0,0.2494703143578404,1.0,0.28465474,1.0,0.2568115520129881,1,5.160325e-07
19,2,6,0,4,1,0,40,0.0,0.0,0.9979178,0.0,0.9827836348022673,0.0,0.99489254,0.0,0.9894470222177112,0,0.99982387
49,0,4,0,2,1,0,40,0.0,0.0,0.7313125,0.0,0.8391316991036365,0.0,0.7612648,0.0,0.7756387988440532,0,0.9235895
41,2,7,1,0,1,1,42,1.0,0.0,0.5762669,0.0,0.5478019317580515,0.0,0.5501603,0.0,0.6042154588723767,1,0.14360681
51,3,0,1,3,1,1,40,1.0,1.0,0.39610964,1.0,0.43617138157281476,0.0,0.5096885,0.0,0.5112693675733097,1,0.00017682114
27,2,1,1,5,1,1,55,1.0,1.0,0.2707516,1.0,0.32102683990354197,1.0,0.17431837,1.0,0.20861537804017338,1,4.7925204e-07
22,2,1,3,5,1,0,40,0.0,0.0,0.9481314,0.0,0.9746800506638542,0.0,0.94272894,0.0,0.9648402724570817,0,0.9998241
47,0,3,1,4,1,0,7,1.0,0.0,0.89863044,0.0,0.755795960005875,0.0,0.890816,0.0,0.8899013461777947,0,0.9836712
43,2,5,1,2,1,1,60,1.0,1.0,0.09677899,1.0,0.10613265519619774,1.0,0.17272472,1.0,0.16383426050030725,1,4.9953564e-07
23,2,7,3,0,1,1,45,0.0,0.0,0.97898287,0.0,0.9676840221441262,0.0,0.9794647,0.0,0.9834647734780037,0,0.99981266
57,0,6,1,4,1,1,40,0.0,0.0,0.7828955,0.0,0.8175606867545668,0.0,0.87606615,0.0,0.860370924265379,0,0.955266
38,2,3,3,3,1,0,40,0.0,0.0,0.9859413,0.0,0.984180995437165,0.0,0.986446,0.0,0.9894470222177112,0,0.9997949
35,2,3,0,5,1,0,45,0.0,0.0,0.932117,0.0,0.9739417269819608,0.0,0.93046427,0.0,0.9385314215647834,0,0.9995869
66,3,1,1,3,1,1,26,1.0,1.0,0.3660308,0.0,0.553065127092863,1.0,0.3199042,1.0,0.36520139621072145,1,5.6298256e-07
21,2,6,3,4,1,0,40,0.0,0.0,0.9983579,0.0,0.9884557016536647,0.0,0.99658686,0.0,0.9894470222177112,0,0.9998233
31,0,1,3,2,1,0,40,0.0,0.0,0.91527873,0.0,0.9570173955346749,0.0,0.9518365,0.0,0.9425084654442643,0,0.9998839
44,2,3,0,5,1,0,40,0.0,0.0,0.9390059,0.0,0.9714124265641113,0.0,0.93599874,0.0,0.9533127576907828,0,0.99963236
31,2,1,1,2,1,0,40,1.0,1.0,0.33523864,1.0,0.3374396663524498,1.0,0.39467317,1.0,0.4173370755761202,1,1.4247177e-06
35,2,0,1,0,1,1,40,0.0,0.0,0.6752453,0.0,0.6650841611002751,0.0,0.6776849,0.0,0.6440673257910199,1,0.4005243
24,2,0,3,0,1,1,40,0.0,0.0,0.9760023,0.0,0.9684750684184379,0.0,0.9838635,0.0,0.9748378131289205,0,0.99980944
36,0,3,3,0,0,1,40,0.0,0.0,0.97351974,0.0,0.973581549662672,0.0,0.96655387,0.0,0.9708836090229436,0,0.99994767
24,0,1,3,2,1,1,15,0.0,0.0,0.97853833,0.0,0.9527753519028461,0.0,0.9442337,0.0,0.9566847271960354,0,0.999997
17,2,6,3,0,1,1,12,0.0,0.0,0.99999535,0.0,0.9929011782440854,0.0,0.9961965,0.0,0.9896973455652845,0,0.99984765
38,2,3,0,4,1,1,32,0.0,0.0,0.9779413,0.0,0.9679881928739946,0.0,0.9923064,0.0,0.9855351098496185,0,0.9998166
29,2,4,3,3,1,1,50,1.0,0.0,0.7981995,0.0,0.8520073576947405,0.0,0.6732054,0.0,0.6820862490672703,0,0.6653398
45,2,1,1,0,1,1,60,0.0,1.0,0.30185497,1.0,0.30370270519610487,1.0,0.2962733,1.0,0.29172162637754173,1,5.700889e-07
55,2,1,1,5,1,1,45,1.0,1.0,0.14434981,1.0,0.1242673044386765,1.0,0.22967511,1.0,0.17734971812946598,1,5.520419e-07
25,2,3,1,3,1,1,52,0.0,0.0,0.65961766,0.0,0.6523699601998723,0.0,0.694762,0.0,0.6482283831182719,1,0.40899396
33,2,3,1,0,1,1,40,0.0,0.0,0.8164758,0.0,0.8260061073058818,0.0,0.8508402,0.0,0.8514576748514968,0,0.9541912
29,3,5,0,2,1,1,60,1.0,0.0,0.5903244,1.0,0.36666553509711586,0.0,0.6392613,0.0,0.6030242134112701,1,0.0027625586
21,2,3,3,3,1,0,30,0.0,0.0,0.99769765,0.0,0.9882848514025906,0.0,0.9915749,0.0,0.9899697592334556,0,0.9998223
20,2,7,3,0,1,1,20,0.0,0.0,0.99805796,0.0,0.9901931163143916,0.0,0.99648154,0.0,0.9899697592334556,0,0.99985456
58,1,6,1,1,1,1,16,0.0,0.0,0.9381427,0.0,0.9054033974264912,0.0,0.97747165,0.0,0.9517039641465257,0,0.9998481
66,2,3,1,3,1,1,50,0.0,1.0,0.30740756,0.0,0.5068040868728113,0.0,0.5044229,0.0,0.5127170834626593,1,0.0005434679
38,2,3,1,0,1,1,45,0.0,0.0,0.70261645,0.0,0.6311605117206847,0.0,0.7192164,0.0,0.7277306171796802,0,0.6063104
54,0,3,1,0,0,1,40,0.0,0.0,0.6949103,0.0,0.6900942491397017,0.0,0.7087854,0.0,0.6685263095257128,1,0.37952206
35,2,2,1,2,1,1,40,1.0,1.0,0.1950776,1.0,0.3245320207610757,1.0,0.18946862,1.0,0.1290784623939627,1,6.3405855e-07
28,2,6,3,0,1,0,40,0.0,0.0,0.99617785,0.0,0.9824976579768007,0.0,0.9922262,0.0,0.9894470222177112,0,0.99983585
34,2,0,0,5,0,1,40,0.0,0.0,0.89570343,0.0,0.8788598521003113,0.0,0.95377934,0.0,0.9616298239367893,0,0.9998275
32,2,1,1,2,1,1,40,0.0,1.0,0.3360005,1.0,0.3386936488673217,1.0,0.3940075,1.0,0.42537298284812397,1,1.249717e-06
40,2,7,3,3,1,0,40,0.0,0.0,0.976038,0.0,0.9747909313982747,0.0,0.9861153,0.0,0.9894470222177112,0,0.9998115
38,2,7,1,5,1,1,45,0.0,1.0,0.38026905,1.0,0.39786441637498693,1.0,0.40494078,1.0,0.3813035596881936,1,4.512108e-06
36,3,5,0,2,1,1,40,1.0,0.0,0.6408757,1.0,0.4042607316482939,0.0,0.8231104,0.0,0.9170592743342396,0,0.99990606
36,2,3,1,0,1,1,40,0.0,0.0,0.7958653,0.0,0.8164591072876566,0.0,0.8178208,0.0,0.8194254020385872,0,0.9386234
38,2,3,1,5,1,1,40,1.0,0.0,0.5930964,0.0,0.5751563699414703,0.0,0.5935888,0.0,0.6185780544893518,1,0.16094194
49,2,1,1,3,0,1,50,1.0,1.0,0.2739575,1.0,0.23030593156308532,1.0,0.22376484,1.0,0.2609246918618229,1,4.9436323e-07
35,2,7,3,3,1,1,48,0.0,0.0,0.93429583,0.0,0.942601176912686,0.0,0.939809,0.0,0.96662427975107,0,0.9997203
34,3,4,1,3,1,1,60,1.0,1.0,0.23812252,1.0,0.24270258470157113,1.0,0.45207262,1.0,0.3467267243812894,1,1.2974764e-06
18,2,6,3,3,1,1,20,0.0,0.0,0.99967486,0.0,0.9875781474494775,0.0,0.996698,0.0,0.9899697592334556,0,0.9998517
35,2,3,0,0,1,1,20,0.0,0.0,0.9861722,0.0,0.9771081387979472,0.0,0.99209976,0.0,0.9894470222177112,0,0.9998198
54,2,3,1,0,0,1,40,1.0,0.0,0.7620435,0.0,0.7629594671366072,0.0,0.63076127,0.0,0.6350077258889693,1,0.27573216
23,0,1,1,4,1,1,38,0.0,0.0,0.6550206,0.0,0.6546274079992609,0.0,0.56068045,0.0,0.6081581843237006,1,0.24410065
19,2,7,3,5,1,0,20,0.0,0.0,0.9963515,0.0,0.9888483270304173,0.0,0.99145573,0.0,0.9852089956246377,0,0.9999068
19,2,3,2,5,1,0,30,0.0,0.0,0.98778945,0.0,0.9863363048569153,0.0,0.98748726,0.0,0.9899697592334556,0,0.999808
51,0,2,0,5,1,0,45,1.0,0.0,0.61220753,0.0,0.7407764883713734,0.0,0.6188863,0.0,0.5044696778549664,1,0.00027218834
33,2,0,1,2,1,1,40,1.0,1.0,0.46105778,1.0,0.3979797350604056,0.0,0.6505102,0.0,0.5197273029885814,1,0.0022286794
31,2,6,1,0,1,1,40,0.0,0.0,0.9264126,0.0,0.9490137337493197,0.0,0.95308363,0.0,0.9351220137114257,0,0.99665415
28,2,1,3,5,0,1,35,0.0,0.0,0.9520558,0.0,0.9540492264843007,0.0,0.9647377,0.0,0.9669431947965386,0,0.9999118
34,2,4,1,5,1,1,40,1.0,1.0,0.21971142,1.0,0.17837282604957372,1.0,0.3607871,1.0,0.32017065041203396,1,3.4113307e-06
61,3,5,1,2,1,1,50,1.0,1.0,0.122193635,1.0,0.12641084412547565,1.0,0.1609385,1.0,0.17547727162142224,1,6.362343e-07
33,0,2,1,2,1,1,50,1.0,1.0,0.16909945,1.0,0.18641140222066743,1.0,0.2568798,1.0,0.20500402901410875,1,7.4180325e-06
54,0,7,1,4,1,1,40,1.0,1.0,0.48936534,1.0,0.41120003879984546,0.0,0.58008754,1.0,0.45370446650904395,1,5.2976273e-05
43,3,7,1,0,1,1,50,0.0,0.0,0.5882883,0.0,0.6557665509338029,0.0,0.64094126,0.0,0.532611681533426,1,0.012472721
43,2,6,1,0,1,1,45,0.0,0.0,0.85193825,0.0,0.8392773272933215,0.0,0.87147784,0.0,0.8683231364771653,0,0.961597
50,2,7,0,4,1,0,36,0.0,0.0,0.96569467,0.0,0.9703486957933787,0.0,0.9893807,0.0,0.9861709950891865,0,0.9997981
60,0,3,1,4,0,1,40,1.0,0.0,0.6463064,0.0,0.5675639442594078,0.0,0.6507442,0.0,0.6248175265626701,1,0.08671703
51,2,1,0,5,1,0,40,0.0,0.0,0.7810791,0.0,0.7713514403660067,0.0,0.62488836,0.0,0.6677175602892265,0,0.5223177
20,1,7,3,1,1,0,40,0.0,0.0,0.9931251,0.0,0.9894550847293911,0.0,0.99337745,0.0,0.9793966789580807,0,0.99997985
34,2,1,1,2,1,0,40,0.0,1.0,0.31092042,1.0,0.28501227638961446,1.0,0.31652224,1.0,0.2691565412990162,1,7.124045e-07
52,2,1,3,2,1,1,38,0.0,0.0,0.78470767,0.0,0.6976099522247585,0.0,0.9060737,0.0,0.8291926592803387,0,0.9997595
76,3,6,1,0,1,1,10,0.0,0.0,0.93247545,0.0,0.936025023446197,0.0,0.8837037,0.0,0.8854112943832189,0,0.99326926
41,2,5,1,2,1,1,65,1.0,1.0,0.097483516,1.0,0.13608341808375624,1.0,0.17794591,1.0,0.15706349895746685,1,4.987783e-07
39,2,1,0,3,1,1,60,0.0,0.0,0.5812802,1.0,0.4296440049497915,0.0,0.52446544,0.0,0.5658222501415,1,0.104798704
43,2,4,3,4,1,0,40,0.0,0.0,0.8706034,0.0,0.9406005359890534,0.0,0.8357161,0.0,0.8018154562211676,0,0.9433103
24,2,1,3,5,1,0,40,0.0,0.0,0.93828696,0.0,0.9770477219604385,0.0,0.9428138,0.0,0.9664435693132375,0,0.9998276
31,2,3,1,0,1,1,65,0.0,0.0,0.633623,0.0,0.7338572938773644,0.0,0.60831606,0.0,0.6359527871397217,1,0.2469083
39,2,5,1,2,1,1,45,1.0,1.0,0.12147826,1.0,0.15924595669237596,1.0,0.25281793,1.0,0.20199959310403504,1,5.218978e-07
34,2,1,1,2,1,1,50,1.0,1.0,0.2660222,1.0,0.29233832401907933,1.0,0.24936277,1.0,0.21111963895312047,1,5.5997e-07
42,2,0,1,2,1,1,40,1.0,1.0,0.3866157,1.0,0.3625727235489702,1.0,0.40797603,1.0,0.40513255099712053,1,6.3798594e-05
59,3,3,0,5,1,1,60,0.0,0.0,0.79451156,0.0,0.8049957683973492,0.0,0.9364563,0.0,0.8366647866551006,0,0.9634384
39,2,3,3,0,1,1,48,0.0,0.0,0.9648798,0.0,0.965331754638549,0.0,0.96244186,0.0,0.9548790638767506,0,0.99973196
24,2,3,3,0,1,0,25,0.0,0.0,0.99619234,0.0,0.9906609617404107,0.0,0.9921697,0.0,0.9899697592334556,0,0.9998211
50,3,6,3,4,0,0,15,0.0,0.0,0.99735975,0.0,0.9813952858769767,0.0,0.99492294,0.0,0.9871365148297145,0,0.99982697
37,2,7,1,0,1,1,40,0.0,0.0,0.6844278,0.0,0.6755118515967254,0.0,0.70754004,0.0,0.6749041830305667,0,0.584974
28,2,0,3,3,1,0,60,0.0,0.0,0.9482157,0.0,0.9412216828377771,0.0,0.81345457,0.0,0.8888304919723844,0,0.99848443
22,2,7,3,3,1,1,8,0.0,0.0,0.99846673,0.0,0.9835911320165287,0.0,0.98778784,0.0,0.9899697592334556,0,0.9998307
30,2,3,3,0,1,1,40,0.0,0.0,0.9855619,0.0,0.9806113063845955,0.0,0.98855317,0.0,0.9894470222177112,0,0.999801
57,3,7,1,2,1,1,40,0.0,1.0,0.42083102,1.0,0.4285625025887717,1.0,0.3725387,1.0,0.30912542642677976,1,7.1890327e-07
35,3,3,1,0,1,1,60,1.0,0.0,0.7016539,0.0,0.7614114736990609,0.0,0.6815715,0.0,0.6786464485789183,1,0.40427962
34,2,0,1,5,1,0,40,1.0,0.0,0.55568147,1.0,0.4533241930955796,0.0,0.50384367,0.0,0.5276608930042939,1,0.009514344
32,2,7,0,5,1,0,38,0.0,0.0,0.9656347,0.0,0.971191890503523,0.0,0.98803586,0.0,0.9751989369346568,0,0.9999391
34,2,3,0,0,1,1,50,0.0,0.0,0.9387058,0.0,0.9383801191073659,0.0,0.9418782,0.0,0.9487925727338911,0,0.99967194
33,2,6,3,0,1,1,65,0.0,0.0,0.98339885,0.0,0.9566823219354397,0.0,0.9596036,0.0,0.962546352739235,0,0.9997614
44,2,3,1,0,0,1,40,0.0,0.0,0.8083254,0.0,0.7866592009135136,0.0,0.7334559,0.0,0.7492192642783739,0,0.7448542
40,2,7,1,5,1,0,35,1.0,0.0,0.6864885,0.0,0.5421846707877656,0.0,0.50531185,0.0,0.5309679499908395,1,0.04993253
62,2,3,1,0,1,1,40,1.0,0.0,0.6510742,0.0,0.6911592743793038,0.0,0.63195336,0.0,0.6307793578535944,1,0.19155411
27,2,7,3,4,1,0,40,0.0,0.0,0.98427576,0.0,0.9866687213841626,0.0,0.9857174,0.0,0.9861709950891865,0,0.9998074
43,2,3,0,0,1,0,50,0.0,0.0,0.9353101,0.0,0.9486950007887831,0.0,0.9392227,0.0,0.930597877403704,0,0.9995697
35,3,7,1,3,1,1,50,1.0,0.0,0.50967795,0.0,0.5626794038813127,1.0,0.4566847,0.0,0.5232965240677613,1,0.0002110126
32,1,0,3,1,1,1,40,0.0,0.0,0.97125816,0.0,0.9600901648176771,0.0,0.97910714,0.0,0.970718545184542,0,0.999943
28,0,6,1,0,0,1,40,1.0,0.0,0.9512527,0.0,0.8839122455078173,0.0,0.86073935,0.0,0.9353137321519372,0,0.9991823
24,2,7,3,4,1,0,37,0.0,0.0,0.9924993,0.0,0.9882343072930436,0.0,0.9907768,0.0,0.9899153546152761,0,0.9998271
40,2,3,1,0,1,1,35,0.0,0.0,0.8500123,0.0,0.8343629347123909,0.0,0.85420495,0.0,0.8672695912119168,0,0.963304
44,2,3,1,4,0,0,40,0.0,0.0,0.7803387,0.0,0.93335340444251,0.0,0.68879807,0.0,0.7139814048788509,0,0.52397245
65,0,7,1,0,0,1,40,1.0,0.0,0.6002875,0.0,0.6735730077531761,0.0,0.51049244,0.0,0.5648689397800994,1,0.00037123516
37,2,1,1,2,1,1,55,1.0,1.0,0.24097031,1.0,0.242920185711621,1.0,0.1930772,1.0,0.25112654326657147,1,5.666162e-07
60,1,6,1,1,1,1,30,1.0,0.0,0.9251987,0.0,0.9004173938913768,0.0,0.96314377,0.0,0.9313112287038761,0,0.9996464
26,2,0,2,4,0,1,40,0.0,0.0,0.95183027,0.0,0.9556694531196327,0.0,0.9376616,0.0,0.9753793356871238,0,0.99947673
26,2,6,3,0,1,1,40,0.0,0.0,0.9962303,0.0,0.9780355070678147,0.0,0.99239004,0.0,0.9894470222177112,0,0.9998368
42,2,6,3,0,0,1,40,0.0,0.0,0.9914212,0.0,0.9706089770052181,0.0,0.99070054,0.0,0.9871365148297145,0,0.9998258
36,2,3,1,0,1,1,40,0.0,0.0,0.7958653,0.0,0.8164591072876566,0.0,0.8178208,0.0,0.8194254020385872,0,0.9386234
49,2,7,0,5,1,0,40,0.0,0.0,0.9153675,0.0,0.9664194193685425,0.0,0.95325726,0.0,0.9666253125645782,0,0.9999465
33,0,7,1,4,1,1,45,0.0,0.0,0.5645038,0.0,0.5691557860045184,0.0,0.5706407,0.0,0.5543559924471098,1,0.025623532
22,2,7,3,5,1,0,40,0.0,0.0,0.98277843,0.0,0.9876186580211032,0.0,0.99080294,0.0,0.9832932887117538,0,0.99993396
56,2,3,1,0,1,1,40,1.0,0.0,0.6809906,0.0,0.5964521145181706,0.0,0.615865,0.0,0.6350077258889693,1,0.25658777
35,0,7,0,5,1,0,15,0.0,0.0,0.97569513,0.0,0.9663574315240923,0.0,0.98966235,0.0,0.960965737621485,0,0.99998915
50,3,7,0,4,1,1,40,0.0,0.0,0.8946916,0.0,0.8418198003219086,0.0,0.9415271,0.0,0.9328912669047524,0,0.9998332
46,2,3,1,0,0,1,40,1.0,0.0,0.7989323,0.0,0.7629594671366072,0.0,0.72430074,0.0,0.7277306171796802,0,0.6935551
46,3,4,0,3,1,1,60,1.0,0.0,0.5430228,1.0,0.37836031680402726,1.0,0.21577138,1.0,0.4750827907515892,1,0.007803837
38,2,1,3,4,1,0,45,0.0,0.0,0.90583897,0.0,0.9491794161419802,0.0,0.698573,0.0,0.8637418181565404,0,0.9913191
31,2,3,1,4,1,1,65,0.0,0.0,0.60129535,0.0,0.6970232493781076,0.0,0.68590856,0.0,0.6355626975876217,1,0.23825812
64,2,3,0,0,1,0,40,0.0,0.0,0.9356037,0.0,0.9450326959125755,0.0,0.9201418,0.0,0.9399400586432513,0,0.99961853
33,2,3,0,0,1,0,40,0.0,0.0,0.97267413,0.0,0.9776458727465354,0.0,0.97976536,0.0,0.9859906533506766,0,0.9997824
28,2,3,3,0,1,1,45,0.0,0.0,0.97969574,0.0,0.9789391582440541,0.0,0.98006606,0.0,0.9859906533506766,0,0.9997812
32,2,3,3,0,1,1,40,0.0,0.0,0.98393226,0.0,0.9806113063845955,0.0,0.9885155,0.0,0.9894470222177112,0,0.999801
48,3,1,1,5,1,0,25,1.0,1.0,0.47522247,1.0,0.47153695154844455,1.0,0.4118001,1.0,0.3301858808513174,1,9.670836e-07
35,2,0,1,0,1,0,44,0.0,0.0,0.6079012,0.0,0.7093740307834409,0.0,0.66740227,0.0,0.6355626975876217,1,0.23096076
26,2,3,3,0,0,0,40,0.0,0.0,0.99137914,0.0,0.9785427130897937,0.0,0.98849034,0.0,0.9894470222177112,0,0.99980074
52,2,3,0,0,1,1,40,0.0,0.0,0.9416211,0.0,0.9254939534747835,0.0,0.9730796,0.0,0.9612239280784066,0,0.9997681
38,2,7,1,0,1,1,60,1.0,0.0,0.5098429,0.0,0.5061687137564393,0.0,0.5454117,0.0,0.5554211259909252,1,0.02028286
25,2,6,1,0,1,1,40,0.0,0.0,0.948379,0.0,0.9552442829977221,0.0,0.9612544,0.0,0.9453412262246254,0,0.9972366
37,2,4,1,4,1,1,60,1.0,1.0,0.17810309,1.0,0.2983802545216444,1.0,0.26731145,1.0,0.3743331125395516,1,6.1318005e-06
30,2,0,3,3,1,1,40,0.0,0.0,0.95160204,0.0,0.9614456373973777,0.0,0.9858684,0.0,0.9717418261400433,0,0.99978787
48,2,1,3,2,1,0,45,0.0,0.0,0.76769227,0.0,0.8072235613905002,0.0,0.72198725,0.0,0.6279966400632119,1,0.0002786113
53,2,3,1,0,1,1,40,0.0,0.0,0.694502,0.0,0.5649443162141652,0.0,0.6339659,0.0,0.667714424362824,1,0.29097065
62,3,3,3,4,1,0,6,0.0,0.0,0.99297845,0.0,0.9649924824499935,0.0,0.99015176,0.0,0.9855313156610583,0,0.9998031
33,0,1,1,2,0,1,40,0.0,1.0,0.4349308,0.0,0.5159689261684524,1.0,0.37245548,1.0,0.4892479434574558,1,2.3915982e-06
52,2,7,1,5,1,1,60,0.0,1.0,0.2102201,1.0,0.21007227750854873,1.0,0.23382443,1.0,0.23838806060951578,1,5.546625e-07
41,2,7,0,4,0,0,36,0.0,0.0,0.97713435,0.0,0.9816362440096509,0.0,0.99011505,0.0,0.9861709950891865,0,0.99981576
22,2,3,3,0,1,1,40,0.0,0.0,0.99313945,0.0,0.9833924674745405,0.0,0.9882902,0.0,0.9894470222177112,0,0.99980015
61,2,3,0,5,0,0,35,0.0,0.0,0.94597256,0.0,0.9560914355447234,0.0,0.9556591,0.0,0.9533127576907828,0,0.9996898
41,0,7,1,5,1,1,40,0.0,1.0,0.45721877,1.0,0.4442572824756905,1.0,0.4441545,1.0,0.4769050610291308,1,0.0034087384
48,0,7,1,4,1,1,40,1.0,0.0,0.5221998,1.0,0.4169897696723601,1.0,0.44472665,1.0,0.48068221785813414,1,0.0015165067
29,2,3,1,3,1,1,50,0.0,0.0,0.62555766,0.0,0.6086499492701004,0.0,0.64071214,0.0,0.6405991659943102,1,0.26672906
51,3,0,1,5,1,1,40,0.0,1.0,0.38296485,1.0,0.4674540518927225,1.0,0.44466025,1.0,0.4811453126335421,1,6.355488e-06
34,2,6,1,0,1,1,40,0.0,0.0,0.9162012,0.0,0.9178588247684079,0.0,0.9354317,0.0,0.9283194095621534,0,0.9957879
47,2,3,1,5,1,1,49,1.0,1.0,0.3969776,1.0,0.39367964587246684,1.0,0.48292983,0.0,0.5416101856000661,1,0.0031299568
66,3,0,1,2,1,1,50,0.0,1.0,0.2932229,1.0,0.38363141624925134,1.0,0.18363684,1.0,0.2659091905042741,1,6.601458e-07
27,0,1,1,4,0,0,48,0.0,0.0,0.5358412,0.0,0.6576373751754356,1.0,0.3752318,1.0,0.4720852826318943,1,1.4095867e-05
29,2,7,1,5,0,0,40,0.0,0.0,0.72817016,0.0,0.8113653346407356,0.0,0.59785616,0.0,0.566742125015939,1,0.10603653
64,2,6,1,0,1,1,40,0.0,0.0,0.84297043,0.0,0.8672285572287282,0.0,0.8856909,0.0,0.8489331161565628,0,0.9461191
44,2,1,1,2,1,1,45,1.0,1.0,0.23743087,1.0,0.22219635801446658,1.0,0.23473209,1.0,0.18409668940547397,1,5.870843e-07
21,2,7,3,5,1,0,40,0.0,0.0,0.98461205,0.0,0.9882136757050661,0.0,0.99054104,0.0,0.9832932887117538,0,0.9999305
49,2,6,3,0,0,1,35,0.0,0.0,0.99332625,0.0,0.9769611228281234,0.0,0.9964323,0.0,0.9894470222177112,0,0.9998454
22,2,1,3,5,1,0,10,0.0,0.0,0.98876643,0.0,0.9853079806731326,0.0,0.9849811,0.0,0.9826670851997054,0,0.99989045
22,1,7,2,1,1,0,25,0.0,0.0,0.99039555,0.0,0.9809538354229479,0.0,0.99434686,0.0,0.979953371400512,0,0.99997985
43,2,7,0,5,1,0,44,0.0,0.0,0.9066397,0.0,0.9508914403247384,0.0,0.9496791,0.0,0.9594516550179601,0,0.99988747
33,2,0,0,3,1,1,40,0.0,0.0,0.9136466,0.0,0.9304075496406881,0.0,0.9580966,0.0,0.9399400586432513,0,0.99974865
48,2,1,1,5,1,1,40,1.0,1.0,0.21864009,1.0,0.19296494848668921,1.0,0.18561602,1.0,0.18276888373293265,1,4.97807e-07
40,3,3,1,0,1,1,32,0.0,0.0,0.86232233,0.0,0.8016766699320756,0.0,0.8530854,0.0,0.8337343108406846,0,0.94996005
75,1,3,1,1,1,0,14,0.0,0.0,0.81711286,0.0,0.9168729404356496,0.0,0.85450387,0.0,0.8725622215595743,0,0.9361078
38,2,6,0,0,1,1,40,0.0,0.0,0.98380893,0.0,0.9608923483410847,0.0,0.9855867,0.0,0.9810567097828234,0,0.99981743
43,2,1,1,2,1,1,50,1.0,1.0,0.22841018,1.0,0.22570850216884597,1.0,0.20380265,1.0,0.25112654326657147,1,5.706095e-07
61,2,3,1,5,1,1,3,0.0,0.0,0.81436783,0.0,0.7190106317728296,0.0,0.69657433,0.0,0.732664461398389,0,0.7288281
69,2,3,1,3,1,1,24,0.0,0.0,0.60392356,0.0,0.7829940897411848,0.0,0.60118014,0.0,0.6061164878581301,1,0.149846
34,2,7,1,5,1,1,40,0.0,0.0,0.55254865,0.0,0.5620415940312239,0.0,0.5148519,0.0,0.5090930257142975,1,0.01091467
45,2,7,1,5,1,1,40,0.0,1.0,0.4177091,1.0,0.4622350731990118,0.0,0.55679715,1.0,0.4299803673093259,1,1.0462696e-05
33,2,3,1,5,1,0,35,1.0,0.0,0.8151306,0.0,0.8066786483237878,0.0,0.72322357,0.0,0.7492192642783739,0,0.76054907
27,0,7,3,5,0,0,40,0.0,0.0,0.97791654,0.0,0.9854305864027191,0.0,0.9755825,0.0,0.971935889325716,0,0.99997807
47,0,0,1,4,1,1,48,1.0,1.0,0.42356944,1.0,0.45863361434829575,0.0,0.6291181,1.0,0.46253486105156605,1,7.345175e-05
41,0,3,1,0,1,1,60,0.0,0.0,0.6058166,0.0,0.7401038457852452,0.0,0.6797294,0.0,0.5964386636063148,1,0.113466024
21,2,7,3,0,1,1,20,0.0,0.0,0.99765724,0.0,0.9901931163143916,0.0,0.9964467,0.0,0.9899697592334556,0,0.99985504
34,2,3,1,0,1,1,40,0.0,0.0,0.8096643,0.0,0.8260061073058818,0.0,0.8393725,0.0,0.8514576748514968,0,0.9512808
51,2,1,1,5,1,1,45,1.0,1.0,0.1560018,1.0,0.12581720298624988,1.0,0.23198062,1.0,0.1678503809471763,1,5.5494087e-07
42,0,7,0,4,1,0,40,0.0,0.0,0.9468191,0.0,0.9542441529703688,0.0,0.9540915,0.0,0.9762861961855488,0,0.9999919
52,2,3,0,3,1,1,40,0.0,0.0,0.89620864,0.0,0.8529279729727105,0.0,0.9451723,0.0,0.9399400586432513,0,0.9996158
29,2,3,1,0,1,1,40,0.0,0.0,0.8429209,0.0,0.8530644548181698,0.0,0.8668237,0.0,0.8700664057474417,0,0.9651129
26,2,0,3,2,1,0,36,0.0,0.0,0.9639418,0.0,0.9614067438925611,0.0,0.9805364,0.0,0.976598331993019,0,0.99988997
50,2,1,1,3,1,1,40,1.0,1.0,0.25309712,1.0,0.2872751259941543,1.0,0.31254113,1.0,0.3057159428033732,1,4.991357e-07
39,1,6,1,1,1,1,40,0.0,0.0,0.9311671,0.0,0.8840499232980933,0.0,0.9698674,0.0,0.9427891433570187,0,0.99978334
34,2,1,3,3,1,0,40,0.0,0.0,0.9447654,0.0,0.9482516276121208,0.0,0.901408,0.0,0.8876861314250206,0,0.9994374
22,2,1,3,5,0,0,10,0.0,0.0,0.98993033,0.0,0.9818657081225179,0.0,0.9849811,0.0,0.9826670851997054,0,0.99989045
22,2,7,3,3,1,0,20,0.0,0.0,0.9971785,0.0,0.9857313578244267,0.0,0.9946478,0.0,0.9899697592334556,0,0.9998522
48,2,1,1,5,1,1,45,1.0,1.0,0.16711223,1.0,0.12732101387179673,1.0,0.22560859,1.0,0.16759315798725005,1,5.475719e-07
56,3,1,1,5,1,1,40,1.0,1.0,0.27008528,1.0,0.25600551480043177,1.0,0.24501455,1.0,0.2357899352784968,1,6.1522564e-07
52,3,3,1,5,1,1,45,1.0,1.0,0.46592933,1.0,0.4783461024402018,0.0,0.6205175,1.0,0.4748298619770456,1,0.0011898873
41,2,3,3,4,1,1,40,0.0,0.0,0.9763643,0.0,0.9829394407192079,0.0,0.988648,0.0,0.9819824887897047,0,0.99980396
49,2,3,1,0,1,1,40,0.0,0.0,0.7164618,0.0,0.6568296298807168,0.0,0.69563603,0.0,0.705391284429306,0,0.51187533
18,2,6,3,5,1,0,15,0.0,0.0,0.9995492,0.0,0.9896177376477788,0.0,0.9960447,0.0,0.9899697592334556,0,0.9998808
29,2,3,3,5,0,0,40,0.0,0.0,0.9844121,0.0,0.9879401848147991,0.0,0.9892922,0.0,0.9855729607798328,0,0.99982953
66,2,3,3,5,0,0,40,0.0,0.0,0.953606,0.0,0.9665019660293676,0.0,0.9495881,0.0,0.9117918806092142,0,0.99920076
28,2,7,2,0,0,1,40,0.0,0.0,0.97170955,0.0,0.9593059700295792,0.0,0.98833466,0.0,0.9855313156610583,0,0.99981993
48,2,1,1,2,1,1,45,1.0,1.0,0.22570884,1.0,0.22219635801446658,1.0,0.2330299,1.0,0.1831987890163519,1,5.7906817e-07
57,2,3,2,0,1,1,40,0.0,0.0,0.9547233,0.0,0.9391469488699314,0.0,0.92666113,0.0,0.9399400586432513,0,0.9995326
27,2,7,1,4,1,1,40,0.0,0.0,0.80990183,0.0,0.7915963945241864,0.0,0.7362091,0.0,0.7820546846119028,0,0.7853257
45,2,1,1,2,1,1,40,1.0,1.0,0.27148026,1.0,0.22219635801446658,1.0,0.21629256,1.0,0.21282889277308592,1,5.2800647e-07
31,2,1,3,2,0,1,40,0.0,0.0,0.87909734,0.0,0.8626169856284066,0.0,0.8820677,0.0,0.9013232919211047,0,0.99988353
31,2,6,1,0,0,1,40,0.0,0.0,0.942887,0.0,0.929813682319565,0.0,0.95308363,0.0,0.9351220137114257,0,0.99665415
60,0,7,1,5,1,1,40,1.0,1.0,0.3722241,1.0,0.4063263880489417,1.0,0.27934134,1.0,0.35759723297206714,1,6.0680155e-05
24,2,3,3,0,1,1,48,0.0,0.0,0.98367935,0.0,0.9794783872309457,0.0,0.9791423,0.0,0.9822797689092981,0,0.99977905
51,0,3,1,5,1,0,40,0.0,0.0,0.6364192,0.0,0.5501010260986189,1.0,0.38932592,1.0,0.4875495790704092,1,0.0035095683
30,3,6,3,0,0,1,40,0.0,0.0,0.99437946,0.0,0.9614132696234033,0.0,0.97072345,0.0,0.9763721807900696,0,0.99987316
52,0,6,1,0,1,1,40,0.0,0.0,0.8796081,0.0,0.8617856650419811,0.0,0.84591687,0.0,0.8805343630420809,0,0.9959592
53,2,7,1,0,1,1,66,0.0,1.0,0.39838868,1.0,0.41329052842063807,0.0,0.5554143,1.0,0.4296799141820814,1,1.2236381e-05
41,3,4,1,3,1,0,35,1.0,1.0,0.46492934,0.0,0.6050456205513055,1.0,0.4172243,1.0,0.4579708721741488,1,9.633712e-05
17,0,6,3,5,1,0,15,0.0,0.0,0.99997395,0.0,0.9912289673713769,0.0,0.96503127,0.0,0.9798773771687426,0,0.9999838
26,2,3,3,0,1,1,40,0.0,0.0,0.98936623,0.0,0.9828675849173878,0.0,0.98849034,0.0,0.9894470222177112,0,0.99980074
26,2,3,3,0,1,1,40,0.0,0.0,0.98936623,0.0,0.9828675849173878,0.0,0.98849034,0.0,0.9894470222177112,0,0.99980074
29,2,3,3,2,1,0,50,0.0,0.0,0.96151316,0.0,0.9520347393872792,0.0,0.98792475,0.0,0.9612485867523343,0,0.99986935
37,2,3,3,0,1,1,40,0.0,0.0,0.9799618,0.0,0.9750964937827985,0.0,0.9878758,0.0,0.9894470222177112,0,0.9997993
22,2,1,3,2,1,1,40,0.0,0.0,0.9276708,0.0,0.9375323443806655,0.0,0.9293673,0.0,0.937116948877734,0,0.9997687
42,2,3,4,4,1,0,40,0.0,0.0,0.96276593,0.0,0.9595028690930044,0.0,0.9856264,0.0,0.9821267314608476,0,0.9997892
25,2,6,3,0,1,1,40,0.0,0.0,0.99658936,0.0,0.9792740072697205,0.0,0.99247444,0.0,0.9894470222177112,0,0.9998373
31,2,1,3,4,1,1,40,0.0,0.0,0.93102777,0.0,0.9637172019358887,0.0,0.9691987,0.0,0.9532515708476583,0,0.9991603
35,2,7,1,2,1,1,50,1.0,1.0,0.38169026,1.0,0.3193743651334434,0.0,0.522241,1.0,0.40693646387238613,1,2.4568292e-06
42,0,4,3,2,1,1,70,0.0,0.0,0.64835083,0.0,0.6215576342217002,0.0,0.5357499,0.0,0.6634889685241756,1,0.00011326018
23,2,7,3,2,1,1,10,0.0,0.0,0.99364233,0.0,0.9802348155725717,0.0,0.9150734,0.0,0.9693438363382854,0,0.9999038
38,0,5,1,2,0,1,40,1.0,1.0,0.2259978,1.0,0.17154704813165522,1.0,0.33201373,1.0,0.08758410167927777,1,3.3589463e-06
20,3,6,3,0,1,1,40,0.0,0.0,0.99815756,0.0,0.981625697231423,0.0,0.9759932,0.0,0.979291268642183,0,0.9998764
25,0,0,3,5,0,0,38,0.0,0.0,0.97858787,0.0,0.9599791927855859,0.0,0.9828136,0.0,0.9783967821341897,0,0.9999765
51,0,3,0,4,1,1,40,0.0,0.0,0.90792006,0.0,0.9308332411724125,0.0,0.92943186,0.0,0.9491052503413379,0,0.9995066
36,0,1,3,2,1,1,50,0.0,0.0,0.8010068,0.0,0.8461469659787816,0.0,0.7979089,0.0,0.9020607549308682,0,0.86009216
26,2,1,3,4,1,0,40,0.0,0.0,0.9569638,0.0,0.9771484031332415,0.0,0.96885645,0.0,0.971160855632983,0,0.9992951
27,2,6,1,5,1,0,40,0.0,0.0,0.9134244,0.0,0.9340584978065465,0.0,0.8532339,0.0,0.9026221289101081,0,0.99425226
46,2,3,1,4,1,1,35,0.0,0.0,0.7975983,0.0,0.7313597773449362,0.0,0.75516355,0.0,0.7833487299375664,0,0.7935143
71,3,3,4,5,1,0,35,0.0,0.0,0.9250121,0.0,0.848861197421386,0.0,0.92710125,0.0,0.8764769317196244,0,0.99936825
41,2,7,1,2,1,0,32,1.0,0.0,0.58900964,0.0,0.6481079763237596,1.0,0.43126464,1.0,0.4645205783247801,1,0.0074387197
42,2,7,0,5,1,1,40,0.0,0.0,0.8629266,0.0,0.8887877702505416,0.0,0.96203285,0.0,0.9748208407418906,0,0.9999409
45,2,6,1,0,1,1,38,0.0,0.0,0.91445196,0.0,0.9161070156036974,0.0,0.9397581,0.0,0.9197104163046225,0,0.99530905
21,1,7,3,1,1,1,20,0.0,0.0,0.99785346,0.0,0.9888645188946411,0.0,0.98992753,0.0,0.979953371400512,0,0.99998057
72,1,7,1,1,1,1,3,0.0,0.0,0.813713,0.0,0.8223147272048549,0.0,0.8158691,0.0,0.7245577508755092,1,0.43346548
24,2,3,1,0,1,1,60,1.0,0.0,0.75087816,0.0,0.7658033499275934,0.0,0.75268465,0.0,0.7492192642783739,0,0.74986255
47,2,1,1,5,0,0,35,1.0,1.0,0.45586348,1.0,0.3985863995264931,1.0,0.31979585,1.0,0.25779639873270477,1,5.47866e-07
49,2,3,0,0,1,1,40,0.0,0.0,0.94564176,0.0,0.9259706529781654,0.0,0.9754121,0.0,0.9628967349272821,0,0.9997756
44,2,1,1,3,1,1,40,1.0,1.0,0.2857079,1.0,0.2872751259941543,1.0,0.30518997,1.0,0.29707543602830844,1,8.1897525e-07
35,2,6,1,0,1,1,40,0.0,0.0,0.91277534,0.0,0.91453698579652,0.0,0.92849326,0.0,0.9220296735239675,0,0.99544466
57,3,3,1,0,0,1,40,0.0,0.0,0.7765676,0.0,0.7010385482895833,0.0,0.67241335,0.0,0.688730893433606,1,0.3678766
49,1,1,1,1,1,1,60,1.0,0.0,0.5290276,1.0,0.4574761275410656,1.0,0.45240456,1.0,0.3638146120771397,1,8.5691296e-05
19,2,7,3,5,1,0,16,0.0,0.0,0.9969637,0.0,0.9888483270304173,0.0,0.99042165,0.0,0.9852089956246377,0,0.9999001
27,2,5,3,2,1,0,45,0.0,0.0,0.7471126,0.0,0.7969008437536592,1.0,0.31728786,0.0,0.6399752678427635,0,0.97114235
41,2,6,1,0,1,1,60,0.0,0.0,0.82304776,0.0,0.7590597786705712,0.0,0.875688,0.0,0.8340187964200334,0,0.9455769
38,3,3,0,0,1,1,50,0.0,0.0,0.9432874,0.0,0.9062908215096916,0.0,0.9234805,0.0,0.8985250233550862,0,0.99896526
44,0,7,1,5,1,1,55,1.0,1.0,0.3239839,1.0,0.3290784480417579,1.0,0.39168507,1.0,0.3670305685416514,1,2.3146828e-05
19,2,3,3,3,1,1,45,0.0,0.0,0.9916816,0.0,0.981576844881499,0.0,0.98198164,0.0,0.9868458066073523,0,0.99977916
42,1,3,2,1,1,1,40,0.0,0.0,0.9708718,0.0,0.9540952944911346,0.0,0.96147555,0.0,0.953569050069884,0,0.99983585
22,0,1,3,2,1,0,20,0.0,0.0,0.97783536,0.0,0.9554184811490257,0.0,0.94561046,0.0,0.9566847271960354,0,0.9999962
22,0,1,3,2,1,1,10,0.0,0.0,0.9859399,0.0,0.9480090356954436,0.0,0.9386599,0.0,0.9583770162892058,0,0.9999964
39,2,3,0,5,1,1,40,1.0,0.0,0.9179247,0.0,0.939087070953654,0.0,0.94213766,0.0,0.9548790638767506,0,0.9996815
23,2,1,3,4,1,0,30,0.0,0.0,0.98301107,0.0,0.985616068277962,0.0,0.9858276,0.0,0.9899153546152761,0,0.99977845
51,2,0,2,2,1,0,40,0.0,0.0,0.7640583,0.0,0.8298330681189872,0.0,0.89790183,0.0,0.905415987100892,0,0.99851984
43,2,1,1,3,1,1,45,1.0,1.0,0.24025977,1.0,0.24081649608773947,1.0,0.26521325,1.0,0.2631364648384249,1,5.012197e-07
17,2,6,3,4,1,1,25,0.0,0.0,0.99999213,0.0,0.991450652916462,0.0,0.9959061,0.0,0.9894470222177112,0,0.9998319
37,2,3,0,5,1,0,40,0.0,0.0,0.9510952,0.0,0.9753080173131911,0.0,0.94544685,0.0,0.9548790638767506,0,0.999711
39,2,0,1,0,1,1,60,1.0,1.0,0.4944129,0.0,0.6889680850684701,0.0,0.55642617,0.0,0.5344571152278956,1,0.0154427085
25,2,1,3,2,1,1,20,0.0,0.0,0.95989555,0.0,0.9485583345774389,0.0,0.94810873,0.0,0.9772745376680484,0,0.999874
48,2,3,1,0,1,1,43,0.0,0.0,0.64795655,0.0,0.5862857957561238,0.0,0.5997784,0.0,0.6307793578535944,1,0.2155563
29,0,0,1,4,1,1,42,1.0,0.0,0.58082926,0.0,0.5681546526001273,0.0,0.5733105,0.0,0.6081581843237006,1,0.17687212
49,3,0,1,0,1,1,40,1.0,0.0,0.5944555,0.0,0.6705249268569464,0.0,0.5627162,0.0,0.6081581843237006,1,0.050085727
37,3,3,3,0,1,1,50,0.0,0.0,0.964509,0.0,0.9411231820670678,0.0,0.91358244,0.0,0.9139785076295719,0,0.9990694
43,2,1,1,2,1,1,55,1.0,1.0,0.22036624,1.0,0.22570850216884597,1.0,0.17846197,1.0,0.25112654326657147,1,5.481268e-07
21,2,3,1,0,0,1,40,0.0,0.0,0.9204339,0.0,0.9600202373635666,0.0,0.90709555,0.0,0.8993790597246465,0,0.9921228
29,2,1,1,5,1,1,40,1.0,1.0,0.39018548,1.0,0.4087193282414382,1.0,0.2737308,1.0,0.29065034088184694,1,2.0342138e-06
20,2,7,3,4,1,0,25,0.0,0.0,0.9966881,0.0,0.9894253245275266,0.0,0.99231434,0.0,0.9899153546152761,0,0.9998276
21,2,6,3,0,1,1,48,0.0,0.0,0.99648076,0.0,0.9746850971204951,0.0,0.98611313,0.0,0.9871365148297145,0,0.9998215
60,2,6,0,4,0,0,40,0.0,0.0,0.9863352,0.0,0.9789346709595375,0.0,0.9943272,0.0,0.9819824887897047,0,0.999813
30,2,1,1,4,1,1,40,0.0,0.0,0.5086025,1.0,0.48924538275183893,1.0,0.41538543,1.0,0.4792283754185419,1,0.01455261
64,2,6,1,0,1,1,40,0.0,0.0,0.84297043,0.0,0.8672285572287282,0.0,0.8856909,0.0,0.8489331161565628,0,0.9461191
35,1,7,3,1,0,0,40,0.0,0.0,0.98396754,0.0,0.9715394953179844,0.0,0.98411894,0.0,0.9740848001074967,0,0.9999527
28,2,1,1,5,1,1,45,0.0,1.0,0.312894,1.0,0.401195781533912,1.0,0.1970318,1.0,0.2397493498619453,1,5.0228823e-07
27,1,0,1,1,1,1,20,0.0,0.0,0.8731102,0.0,0.8547002761679982,0.0,0.9071034,0.0,0.9482057248911446,0,0.99782217
26,2,7,1,3,1,1,40,0.0,0.0,0.7680845,0.0,0.7017540809276277,0.0,0.6577503,0.0,0.6513853538817844,1,0.4952794
17,2,6,3,4,1,0,10,0.0,0.0,0.9999916,0.0,0.9903164954447732,0.0,0.9966202,0.0,0.9899697592334556,0,0.9998394
56,3,3,1,4,1,1,50,1.0,0.0,0.5909277,0.0,0.7060622151076126,0.0,0.6103156,0.0,0.532611681533426,1,0.019179842
45,2,4,1,5,1,1,50,1.0,1.0,0.111223936,1.0,0.0862545274757387,1.0,0.16989887,1.0,0.2090141473626843,1,4.713353e-07
74,1,3,1,1,1,1,6,0.0,0.0,0.79120827,0.0,0.9048913210945808,0.0,0.9208398,0.0,0.8663349690888218,0,0.9687797
22,2,7,3,4,1,1,25,0.0,0.0,0.99723256,0.0,0.9891460854193236,0.0,0.99123144,0.0,0.9899180109183517,0,0.99982905
19,2,6,3,0,1,1,40,0.0,0.0,0.9987263,0.0,0.9876766207334186,0.0,0.99312866,0.0,0.9894470222177112,0,0.9998406
56,2,3,1,0,1,1,40,0.0,0.0,0.6809906,0.0,0.5964521145181706,0.0,0.615865,0.0,0.6350077258889693,1,0.25658777
52,0,3,1,0,1,1,40,0.0,0.0,0.6489327,0.0,0.5877141315327213,0.0,0.6808233,0.0,0.6685263095257128,1,0.4131401
54,3,3,1,0,1,1,52,1.0,0.0,0.63121593,0.0,0.6340447815833625,0.0,0.62822765,0.0,0.6032148183164494,1,0.06247176
23,2,6,3,0,1,1,46,0.0,0.0,0.99541855,0.0,0.9726709419897043,0.0,0.9858372,0.0,0.9871365148297145,0,0.9998211
32,3,1,3,5,1,1,55,0.0,0.0,0.7671299,0.0,0.6465636618638506,0.0,0.5688627,0.0,0.7770991965483235,0,0.7783707
39,2,6,1,0,1,1,40,0.0,0.0,0.8998034,0.0,0.9139957616140242,0.0,0.90513384,0.0,0.9024606956917652,0,0.99368966
42,0,7,1,4,0,1,40,1.0,0.0,0.625069,0.0,0.6132406844544036,1.0,0.46483988,0.0,0.5289615278703337,1,0.021837344
41,2,7,0,5,1,0,40,0.0,0.0,0.93272984,0.0,0.965318867658455,0.0,0.96642065,0.0,0.9748208407418906,0,0.99994075
49,0,0,1,0,1,1,40,0.0,0.0,0.5435574,0.0,0.5324184658147331,1.0,0.32254213,0.0,0.5300332329676167,1,0.017098345
20,0,7,3,5,1,0,25,0.0,0.0,0.9938247,0.0,0.9867381433229954,0.0,0.9843978,0.0,0.9587839502378624,0,0.9999932
18,2,6,3,4,1,0,30,0.0,0.0,0.999572,0.0,0.9897582726096436,0.0,0.99687445,0.0,0.9899697592334556,0,0.9998361
39,0,7,0,5,0,0,40,0.0,0.0,0.9289485,0.0,0.9660713983448436,0.0,0.97078586,0.0,0.9616577831048533,0,0.99996245
19,2,3,3,0,1,1,35,0.0,0.0,0.99802065,0.0,0.9909925709319289,0.0,0.9915801,0.0,0.9894470222177112,0,0.999814
36,2,3,1,0,1,1,40,0.0,0.0,0.7958653,0.0,0.8164591072876566,0.0,0.8178208,0.0,0.8194254020385872,0,0.9386234
47,3,3,1,5,1,1,80,1.0,1.0,0.380696,1.0,0.41808729537906086,0.0,0.53885716,0.0,0.5366988077414936,1,1.8355284e-05
44,2,1,1,2,1,1,50,1.0,1.0,0.22526526,1.0,0.22570850216884597,1.0,0.20352674,1.0,0.25112654326657147,1,5.685084e-07
59,2,6,1,0,1,1,40,0.0,0.0,0.85241914,0.0,0.884467268672753,0.0,0.8633863,0.0,0.8602185813859967,0,0.95793456
61,2,3,1,2,1,1,30,0.0,0.0,0.52489215,0.0,0.6622124471560491,1.0,0.44268125,0.0,0.5208804928326358,1,0.017571442
27,2,3,1,0,1,1,40,0.0,0.0,0.85672677,0.0,0.8999878471181937,0.0,0.86851865,0.0,0.8831974987593281,0,0.9807011
40,2,1,1,2,1,1,40,1.0,1.0,0.2899214,1.0,0.23795348890643908,1.0,0.19122857,1.0,0.24897083871612624,1,5.4105885e-07
41,0,4,0,2,1,1,35,0.0,0.0,0.76315296,0.0,0.6783954589814438,0.0,0.86479425,0.0,0.8911360722859463,0,0.998432
40,2,3,1,4,1,1,40,0.0,0.0,0.74364614,0.0,0.7307047183204866,0.0,0.72671986,0.0,0.7493249640383775,0,0.6424294
21,2,3,3,4,1,0,25,0.0,0.0,0.9975543,0.0,0.9895574510436048,0.0,0.99225134,0.0,0.989972401351476,0,0.99982506
52,1,6,1,1,1,1,40,0.0,0.0,0.91640913,0.0,0.8780234111252102,0.0,0.9622786,0.0,0.8878429786816706,0,0.9991192
61,0,6,4,4,1,0,32,1.0,0.0,0.9839722,0.0,0.9456645309918372,0.0,0.9669243,0.0,0.979568160064048,0,0.99997854
24,2,3,3,4,1,0,25,0.0,0.0,0.99680454,0.0,0.9892801625417981,0.0,0.9922098,0.0,0.989972401351476,0,0.99982494
23,2,3,3,5,1,0,40,0.0,0.0,0.98783344,0.0,0.9887801953392277,0.0,0.98981935,0.0,0.9899697592334556,0,0.99983084
40,2,6,1,4,1,1,40,0.0,0.0,0.910433,0.0,0.924621163266995,0.0,0.8939994,0.0,0.9074356026692267,0,0.9899076
18,2,6,3,0,1,1,27,0.0,0.0,0.9996269,0.0,0.9903767673876359,0.0,0.99586284,0.0,0.9899697592334556,0,0.9998528
28,2,1,1,3,1,1,40,1.0,1.0,0.47000104,1.0,0.36475121422752244,1.0,0.43429953,1.0,0.4647016141912528,1,0.001143138
47,2,0,1,4,1,1,26,0.0,0.0,0.6885013,0.0,0.6520212656052803,0.0,0.65477455,0.0,0.6594626480676056,1,0.36364093
27,2,3,1,0,1,1,40,0.0,0.0,0.85672677,0.0,0.8999878471181937,0.0,0.86851865,0.0,0.8831974987593281,0,0.9807011
40,2,1,1,5,1,1,40,1.0,1.0,0.27228796,1.0,0.20037442662527505,1.0,0.1778025,1.0,0.22995439362978276,1,4.6704915e-07
18,1,7,3,1,1,1,4,0.0,0.0,0.9995163,0.0,0.9895861059881081,0.0,0.99072933,0.0,0.9791767902960989,0,0.9999894
50,2,3,1,2,1,1,40,1.0,1.0,0.4791569,1.0,0.43366698898574607,0.0,0.60120773,0.0,0.5277608128365854,1,0.008836766
39,3,1,1,3,1,1,40,0.0,1.0,0.36538523,1.0,0.35461651936791483,1.0,0.31941533,1.0,0.35681122634267914,1,2.6472774e-06
36,2,1,3,5,1,0,17,0.0,0.0,0.95972854,0.0,0.9698278833167747,0.0,0.969388,0.0,0.9751989369346568,0,0.99993074
36,2,6,1,3,1,1,50,1.0,0.0,0.8074502,0.0,0.823306716083678,0.0,0.8817794,0.0,0.8340187964200334,0,0.9396982
47,2,3,2,5,1,0,37,0.0,0.0,0.9517525,0.0,0.9691706967093471,0.0,0.9621231,0.0,0.9548790638767506,0,0.9996878
50,2,7,1,4,1,1,40,1.0,0.0,0.5689758,0.0,0.5497100471410661,1.0,0.44818622,0.0,0.5247010748807674,1,0.0290471
36,3,1,3,0,1,1,40,0.0,0.0,0.92345977,0.0,0.883369654984227,0.0,0.88054574,0.0,0.9020942644162847,0,0.99979407
29,2,3,1,5,1,0,20,0.0,0.0,0.87949824,0.0,0.9420698575339234,0.0,0.8497766,0.0,0.8665396820648339,0,0.95687914
52,3,3,3,2,1,1,50,0.0,0.0,0.9045091,0.0,0.8336669462118648,0.0,0.8822111,0.0,0.9370252769899512,0,0.9979538
34,2,7,1,4,1,1,42,0.0,0.0,0.629938,0.0,0.6787018980641182,0.0,0.64739954,0.0,0.646717427696337,1,0.17928122
40,2,0,3,5,1,0,40,0.0,0.0,0.924213,0.0,0.9469931516648052,0.0,0.96762395,0.0,0.9616298239367893,0,0.99983907
51,3,7,0,0,1,1,8,1.0,0.0,0.975343,0.0,0.9152394895993456,0.0,0.9639813,0.0,0.9786148790620204,0,0.9999771
17,0,6,3,0,1,1,40,0.0,0.0,0.9999636,0.0,0.9919537393550826,0.0,0.9917957,0.0,0.978938213000923,0,0.99996173
34,2,3,1,5,1,1,50,0.0,1.0,0.49696636,1.0,0.44287109213794884,0.0,0.59856427,0.0,0.5494164969838116,1,0.035397604
34,2,3,3,0,1,1,40,0.0,0.0,0.98231584,0.0,0.9806113063845955,0.0,0.98839164,0.0,0.9894470222177112,0,0.9998006
59,2,3,1,3,1,1,40,0.0,1.0,0.46500224,0.0,0.6336928232375562,0.0,0.5448028,0.0,0.5494164969838116,1,0.0391735
47,2,7,0,5,1,1,60,0.0,0.0,0.6777879,0.0,0.6958530563827636,0.0,0.85118294,0.0,0.8264969389563737,0,0.9996182
45,2,7,1,5,1,1,40,1.0,1.0,0.4177091,1.0,0.4622350731990118,0.0,0.55679715,1.0,0.4299803673093259,1,1.0462696e-05
27,2,6,1,0,1,1,42,0.0,0.0,0.9200175,0.0,0.9373168264003154,0.0,0.9114151,0.0,0.910074763532419,0,0.99511045
34,2,0,1,0,1,1,44,0.0,0.0,0.62586313,0.0,0.6336820613135641,0.0,0.67022717,0.0,0.6355626975876217,1,0.23568782
32,2,3,3,0,1,1,35,0.0,0.0,0.99157655,0.0,0.9854244677282997,0.0,0.99181676,0.0,0.9899697592334556,0,0.99981755
45,2,7,1,0,1,1,55,0.0,1.0,0.47908396,1.0,0.4644663746361848,1.0,0.48218817,0.0,0.5066765613926025,1,0.0050307857
25,2,6,1,0,1,1,40,0.0,0.0,0.948379,0.0,0.9552442829977221,0.0,0.9612544,0.0,0.9453412262246254,0,0.9972366
49,2,7,3,0,1,1,40,0.0,0.0,0.94613,0.0,0.9498000249753081,0.0,0.9778236,0.0,0.979291268642183,0,0.9998344
38,2,7,3,5,0,0,40,0.0,0.0,0.96252507,0.0,0.9774286518372615,0.0,0.97524136,0.0,0.9688868498661263,0,0.99994254
35,3,6,1,0,1,1,30,0.0,0.0,0.9543517,0.0,0.8919980510867295,0.0,0.9183254,0.0,0.9233597851160676,0,0.9982522
48,2,0,0,5,1,0,40,0.0,0.0,0.888953,0.0,0.9428477330650278,0.0,0.882324,0.0,0.9172973729142074,0,0.9997142
42,2,3,2,0,1,1,40,0.0,0.0,0.9686901,0.0,0.960222981492277,0.0,0.97484004,0.0,0.9790106714445793,0,0.9997284
37,2,3,3,0,1,1,40,0.0,0.0,0.9799618,0.0,0.9750964937827985,0.0,0.9878758,0.0,0.9894470222177112,0,0.9997993
31,3,7,1,5,0,0,70,0.0,1.0,0.4403348,0.0,0.5665270522800193,1.0,0.4767651,1.0,0.381333568299713,1,1.4569927e-06
43,0,0,1,5,1,1,40,0.0,1.0,0.4042881,1.0,0.39578630147928096,1.0,0.24983001,1.0,0.4938334962713754,1,0.00044793007
43,2,1,1,3,1,1,40,1.0,1.0,0.29186922,1.0,0.2872751259941543,1.0,0.35771006,1.0,0.3554358387459394,1,1.1337813e-06
35,2,3,1,4,1,1,55,0.0,0.0,0.62583524,0.0,0.6764630442050259,0.0,0.7004123,0.0,0.639052074019741,1,0.2584806
33,2,1,1,5,1,0,32,1.0,1.0,0.4857136,0.0,0.6085007589792798,1.0,0.3951043,1.0,0.42405131667499196,1,1.5904647e-05
31,2,1,1,5,1,0,35,1.0,1.0,0.49429446,0.0,0.644176043416489,1.0,0.45857733,1.0,0.4359037058378924,1,2.7505508e-05
53,2,3,1,0,1,1,40,0.0,0.0,0.694502,0.0,0.5649443162141652,0.0,0.6339659,0.0,0.667714424362824,1,0.29097065
30,2,3,1,0,1,1,40,1.0,0.0,0.836466,0.0,0.8434280307692079,0.0,0.8648797,0.0,0.8559665601920637,0,0.95947266
35,2,1,3,3,1,0,40,0.0,0.0,0.9422971,0.0,0.9457499277054648,0.0,0.90275383,0.0,0.8876861314250206,0,0.99936885
61,0,3,4,2,1,0,40,0.0,0.0,0.8895001,0.0,0.9108189067445758,0.0,0.99306864,0.0,0.9566497738895586,0,0.9999814
36,2,1,1,3,1,1,40,1.0,1.0,0.3532141,1.0,0.299959973262533,1.0,0.35929012,1.0,0.36663286981898513,1,1.5258993e-05
48,2,3,2,5,1,0,40,0.0,0.0,0.9306511,0.0,0.9484194497643578,0.0,0.9174775,0.0,0.8912079960027571,0,0.9982843
43,2,2,1,2,1,0,40,0.0,1.0,0.17452282,1.0,0.1738063247937699,1.0,0.1882543,1.0,0.17143158273647707,1,5.036543e-07
21,1,7,3,1,1,1,75,0.0,0.0,0.98097366,0.0,0.9716564085122638,0.0,0.86171997,0.0,0.9493445167803818,0,0.99944407
24,1,3,2,1,0,0,37,0.0,0.0,0.9870851,0.0,0.9745561574076346,0.0,0.9904761,0.0,0.9734089732933623,0,0.999984
27,2,1,3,0,0,1,40,0.0,0.0,0.9551074,0.0,0.941209404865585,0.0,0.956285,0.0,0.9496483812269406,0,0.9997166
25,0,7,1,0,1,1,40,0.0,0.0,0.7633813,0.0,0.8463152273871276,0.0,0.8228966,0.0,0.8574428529504253,0,0.9727006
23,2,7,3,4,1,0,24,0.0,0.0,0.99559814,0.0,0.9891948436477785,0.0,0.99084574,0.0,0.9899180109183517,0,0.9998293
34,2,1,3,2,1,0,40,0.0,0.0,0.8770933,0.0,0.9199821741802671,0.0,0.8911331,0.0,0.8638418539836716,0,0.99987805
34,3,1,0,3,1,0,40,0.0,0.0,0.8912681,0.0,0.9059719020728736,0.0,0.87875485,0.0,0.8478156776176664,0,0.9995697
22,0,7,3,5,1,0,40,0.0,0.0,0.98221135,0.0,0.9836437996688138,0.0,0.97680974,0.0,0.9787385219036844,0,0.9999728
27,2,6,3,4,1,1,40,0.0,0.0,0.99703854,0.0,0.9885603942490044,0.0,0.99674636,0.0,0.9894470222177112,0,0.99982005
26,2,3,3,0,1,1,25,0.0,0.0,0.9960757,0.0,0.9866882329304877,0.0,0.9921653,0.0,0.9899697592334556,0,0.9998217
38,3,7,0,0,1,1,40,0.0,0.0,0.9432601,0.0,0.911704657907306,0.0,0.97052383,0.0,0.9699410371488052,0,0.99995637
43,0,3,1,5,0,1,40,0.0,0.0,0.6113975,0.0,0.6514555132401676,1.0,0.49037558,0.0,0.5926312559001505,1,0.04254839
30,0,3,2,5,1,0,40,0.0,0.0,0.9524667,0.0,0.9515048967532493,0.0,0.9553435,0.0,0.9548034712724923,0,0.99986815
44,0,0,1,0,1,1,40,1.0,0.0,0.57304156,0.0,0.5693243741336018,0.0,0.5278374,0.0,0.5291325395813822,1,0.10804825
90,3,1,1,2,1,1,50,0.0,1.0,0.40922898,0.0,0.502815570975608,1.0,0.20312268,1.0,0.16513893323767825,1,3.22797e-06
50,2,3,1,3,1,1,48,0.0,1.0,0.42001092,1.0,0.44821114354993064,0.0,0.62612474,0.0,0.5500257430521103,1,0.023656718
63,3,6,1,0,1,1,60,1.0,0.0,0.828035,0.0,0.8186389443263986,0.0,0.7331424,0.0,0.7389106722418046,0,0.6204422
32,0,1,1,2,1,0,45,0.0,1.0,0.32051492,1.0,0.309483913580455,1.0,0.26728314,1.0,0.3560079415924764,1,2.4140065e-06
41,2,0,1,0,1,1,40,0.0,0.0,0.6294605,0.0,0.6333503683950866,0.0,0.6776016,0.0,0.639052074019741,1,0.24351333
32,2,7,1,0,1,1,45,1.0,0.0,0.6359059,0.0,0.664044901820807,0.0,0.6754097,0.0,0.6440673257910199,1,0.35499495
42,3,5,1,2,1,1,50,1.0,1.0,0.13675648,1.0,0.12141322939635735,1.0,0.18273127,1.0,0.14056312801210946,1,6.367794e-07
27,3,3,3,4,1,1,30,0.0,0.0,0.9930642,0.0,0.9779717042105314,0.0,0.9907697,0.0,0.9894470222177112,0,0.99981016
42,0,4,0,2,1,0,38,0.0,0.0,0.78314584,0.0,0.8666281334045624,0.0,0.92259693,0.0,0.8739742825967236,0,0.99484056
42,2,7,3,4,1,0,40,1.0,0.0,0.97173023,0.0,0.9802402581251553,0.0,0.98366946,0.0,0.9825042133068398,0,0.9997503
19,2,3,3,4,0,0,40,0.0,0.0,0.9955307,0.0,0.9901268502280858,0.0,0.987575,0.0,0.9894470222177112,0,0.9998159
30,2,7,3,0,1,1,40,0.0,0.0,0.97665715,0.0,0.9707418936488321,0.0,0.992018,0.0,0.9863018384576443,0,0.9998394
42,3,5,1,2,1,1,60,1.0,1.0,0.12797838,1.0,0.10910423885457832,1.0,0.18545389,1.0,0.1124884375658124,1,6.390858e-07
48,2,2,1,2,0,1,40,1.0,1.0,0.1792326,1.0,0.2097350229192786,1.0,0.16751164,1.0,0.15384017125010752,1,4.2800065e-07
25,2,3,2,0,1,1,40,0.0,0.0,0.98443973,0.0,0.9735126003842316,0.0,0.9822363,0.0,0.9868458066073523,0,0.99978083
76,0,6,1,4,1,1,30,0.0,0.0,0.79249495,0.0,0.8824607309238783,0.0,0.89176506,0.0,0.8742116939119089,0,0.9667636
43,2,6,2,4,0,0,40,0.0,0.0,0.990613,0.0,0.9721823931939064,0.0,0.99556875,0.0,0.9855313156610583,0,0.99981695
51,2,3,1,0,1,0,40,0.0,0.0,0.76655173,0.0,0.8021977376960213,0.0,0.64312047,0.0,0.6802250298160285,1,0.3973566
42,2,3,1,0,0,1,40,0.0,0.0,0.8179569,0.0,0.7655840352627812,0.0,0.7354886,0.0,0.7492192642783739,0,0.77361405
48,0,1,0,5,1,0,40,0.0,0.0,0.8363554,0.0,0.8521128533048595,0.0,0.84711754,0.0,0.8786952805411097,0,0.93121994
22,1,1,3,1,0,0,15,0.0,0.0,0.9927575,0.0,0.981472872704219,0.0,0.99274105,0.0,0.9793966789580807,0,0.9999784
55,0,1,3,2,1,0,40,0.0,0.0,0.84303373,0.0,0.8521302292279347,0.0,0.72423464,0.0,0.7276723034173493,0,0.59105647
24,2,7,1,0,1,1,50,1.0,0.0,0.6992388,0.0,0.8418966015279532,0.0,0.68926775,0.0,0.6943729175455341,0,0.53386134
31,2,3,1,0,1,1,38,0.0,0.0,0.8836934,0.0,0.8543159573469481,0.0,0.9073515,0.0,0.8899013461777947,0,0.99094945
19,2,3,0,4,1,0,40,0.0,0.0,0.98883486,0.0,0.9830044857386989,0.0,0.9853032,0.0,0.9821220594613431,0,0.99980086
25,2,0,3,0,1,1,26,0.0,0.0,0.9885872,0.0,0.9750307964664668,0.0,0.9927723,0.0,0.9899697592334556,0,0.99983966
48,2,7,2,4,1,0,25,0.0,0.0,0.9756859,0.0,0.9782498553453972,0.0,0.972994,0.0,0.9797417567139075,0,0.9996774
21,2,7,3,4,0,0,40,1.0,0.0,0.9918893,0.0,0.9900818931930989,0.0,0.9903869,0.0,0.9861709950891865,0,0.99982244
25,2,1,3,3,0,1,44,0.0,0.0,0.92822087,0.0,0.9238171329526529,0.0,0.8945119,0.0,0.8821506798754244,0,0.9986191
23,2,3,1,3,1,1,40,0.0,0.0,0.84963644,0.0,0.8632712883564017,0.0,0.85449094,0.0,0.8473866822678692,0,0.9500686
58,3,3,1,5,1,1,40,1.0,0.0,0.5269015,1.0,0.468743649181097,0.0,0.71800023,0.0,0.5575135787642514,1,0.0032927713
58,0,6,1,0,1,1,40,0.0,0.0,0.870782,0.0,0.8983305820361368,0.0,0.8474397,0.0,0.8683791790066716,0,0.992547
20,3,3,3,0,1,1,40,0.0,0.0,0.99306154,0.0,0.9806594672811078,0.0,0.97620666,0.0,0.9774684570901804,0,0.9997689
37,3,3,1,4,1,1,42,0.0,0.0,0.7113625,0.0,0.7330184344081807,0.0,0.65437126,0.0,0.6825579628145674,1,0.37796083
49,2,6,1,0,0,1,38,0.0,0.0,0.9226866,0.0,0.9009944508953637,0.0,0.909565,0.0,0.9024606956917652,0,0.9928348
31,2,1,1,2,1,1,50,0.0,1.0,0.28666353,1.0,0.3135592278700694,1.0,0.27418453,1.0,0.24372868577800622,1,5.474587e-07
35,2,0,3,5,0,0,40,0.0,0.0,0.95390666,0.0,0.9508667129301445,0.0,0.9646574,0.0,0.9669431947965386,0,0.9998691
38,2,7,1,0,1,1,40,0.0,0.0,0.6762936,0.0,0.6755118515967254,0.0,0.7036349,0.0,0.6749041830305667,0,0.5325438
19,2,7,3,4,1,0,25,0.0,0.0,0.99725085,0.0,0.9894253245275266,0.0,0.9931148,0.0,0.9899153546152761,0,0.9998267
50,3,0,1,0,1,1,40,1.0,0.0,0.5895548,0.0,0.6705249268569464,0.0,0.54238975,0.0,0.5988754903042048,1,0.03909514
28,2,7,3,4,1,0,40,0.0,0.0,0.9834372,0.0,0.9866687213841626,0.0,0.98508954,0.0,0.9861709950891865,0,0.99980384
44,2,7,1,0,1,1,40,0.0,0.0,0.62956595,0.0,0.6502940194674255,0.0,0.6201444,0.0,0.639052074019741,1,0.24313544
46,2,3,0,0,1,1,38,0.0,0.0,0.9649644,0.0,0.9576555303496037,0.0,0.98482144,0.0,0.9894470222177112,0,0.9997937
32,2,1,1,5,1,1,45,1.0,1.0,0.27282023,1.0,0.27321714618721116,1.0,0.16641074,1.0,0.20861537804017338,1,4.6995598e-07
34,2,6,1,0,1,1,35,0.0,0.0,0.94465077,0.0,0.9519783733533023,0.0,0.96614075,0.0,0.9604385455021107,0,0.99781066
59,3,3,1,5,1,1,52,1.0,1.0,0.4029016,1.0,0.4795898849143835,0.0,0.57466185,1.0,0.49140145327399876,1,2.877051e-05
72,1,3,4,1,1,0,8,0.0,0.0,0.9801872,0.0,0.9646179766329934,0.0,0.9909255,0.0,0.9748607534223949,0,0.99995923
27,2,3,2,0,1,1,40,0.0,0.0,0.9824504,0.0,0.9684698763178264,0.0,0.98140824,0.0,0.9868458066073523,0,0.99977905
42,2,0,0,4,1,0,40,0.0,0.0,0.9532007,0.0,0.9486653821888115,0.0,0.9804487,0.0,0.9789618306765586,0,0.9997631
21,2,3,3,0,1,0,40,0.0,0.0,0.9937436,0.0,0.990142568839308,0.0,0.98820007,0.0,0.9894470222177112,0,0.9997998
80,2,4,4,2,1,0,10,0.0,0.0,0.7563244,0.0,0.8510277111603927,0.0,0.67123294,0.0,0.6817984935187271,1,0.021669077
32,2,4,1,2,1,1,40,1.0,1.0,0.26583034,1.0,0.25108834057474994,1.0,0.2482441,1.0,0.334957656426046,1,3.5114874e-06
28,2,7,3,0,0,1,40,0.0,0.0,0.9837126,0.0,0.9703540405382767,0.0,0.9923408,0.0,0.9894470222177112,0,0.9998392
19,1,7,3,1,1,0,25,0.0,0.0,0.99660397,0.0,0.9894550847293911,0.0,0.9919496,0.0,0.979953371400512,0,0.99998045
31,2,7,0,0,1,1,40,0.0,0.0,0.9539527,0.0,0.9466490831745041,0.0,0.98659176,0.0,0.9810567097828234,0,0.9998179
21,2,3,3,3,1,1,44,0.0,0.0,0.98821527,0.0,0.9806675362004604,0.0,0.98302996,0.0,0.9868458066073523,0,0.9997811
36,2,3,0,0,1,1,43,0.0,0.0,0.9463104,0.0,0.9486980402856585,0.0,0.9676232,0.0,0.951331347119149,0,0.999747
27,2,1,3,5,1,1,40,0.0,0.0,0.8909325,0.0,0.9357815323319116,0.0,0.91670746,0.0,0.958591550653886,0,0.9997794
53,2,6,3,0,0,1,40,0.0,0.0,0.98794824,0.0,0.9668234387430175,0.0,0.99029344,0.0,0.9810567097828234,0,0.999814
23,2,1,3,2,1,1,50,0.0,0.0,0.86452353,0.0,0.8401157276953386,0.0,0.9263943,0.0,0.9212527546363469,0,0.9996929
30,2,3,3,0,1,1,40,0.0,0.0,0.9855619,0.0,0.9806113063845955,0.0,0.98855317,0.0,0.9894470222177112,0,0.999801
34,2,7,1,0,1,1,54,0.0,0.0,0.5657397,0.0,0.6330057910318485,0.0,0.5564946,0.0,0.5911909408704666,1,0.11583227
40,1,0,1,1,1,1,15,0.0,0.0,0.8000889,0.0,0.5473999579916471,0.0,0.8974128,0.0,0.873590616647689,0,0.971753
33,2,3,1,0,1,1,50,0.0,0.0,0.70672894,0.0,0.7045007161584207,0.0,0.7333578,0.0,0.7277306171796802,0,0.6373022
28,1,3,1,1,1,0,17,0.0,0.0,0.9237463,0.0,0.9176209968122672,0.0,0.9383242,0.0,0.9374060807721772,0,0.9998016
24,0,0,1,4,1,1,50,0.0,0.0,0.6244432,0.0,0.5093468634993822,0.0,0.57982135,0.0,0.6133429734334821,1,0.2486697
28,2,3,3,2,0,0,40,0.0,0.0,0.97990626,0.0,0.9747695800765577,0.0,0.98720556,0.0,0.9780690399421169,0,0.9998741
27,2,3,1,0,1,1,40,0.0,0.0,0.85672677,0.0,0.8999878471181937,0.0,0.86851865,0.0,0.8831974987593281,0,0.9807011
25,2,7,3,4,0,0,40,0.0,0.0,0.9882874,0.0,0.9896595863312343,0.0,0.98708874,0.0,0.9861709950891865,0,0.9998141
34,0,4,3,2,1,1,35,0.0,0.0,0.8882472,0.0,0.8723912420055202,0.0,0.8849786,0.0,0.9245201513741873,0,0.9999399
40,2,7,1,4,1,0,40,0.0,0.0,0.7276418,0.0,0.6854733013460729,0.0,0.64002097,0.0,0.646717427696337,1,0.20443058
34,2,3,2,0,0,1,20,0.0,0.0,0.9898798,0.0,0.9701868160052792,0.0,0.9900097,0.0,0.9894470222177112,0,0.99980754
27,2,1,3,3,1,1,46,1.0,0.0,0.8839452,0.0,0.8597611027028887,0.0,0.863292,0.0,0.8653232256435475,0,0.9978369
30,2,7,1,2,1,1,25,1.0,0.0,0.71621597,0.0,0.7121676299722997,0.0,0.8018869,1.0,0.4249316756812044,1,0.42900997
61,2,5,1,0,1,1,5,1.0,1.0,0.44842732,0.0,0.5513133839173381,0.0,0.57330173,1.0,0.4708529254802283,1,0.0050309454
52,2,1,1,2,1,1,38,1.0,1.0,0.2868901,1.0,0.2537237523697453,1.0,0.16232687,1.0,0.23959747306686463,1,5.162309e-07
43,0,1,1,0,1,1,40,0.0,1.0,0.4572891,1.0,0.48470498876392243,0.0,0.54141104,0.0,0.5710710741326389,1,2.3922277e-05
25,2,6,1,0,1,1,40,0.0,0.0,0.948379,0.0,0.9552442829977221,0.0,0.9612544,0.0,0.9453412262246254,0,0.9972366
34,0,7,1,4,1,0,40,0.0,0.0,0.74661535,0.0,0.8161340522390096,0.0,0.580688,0.0,0.6599450650621201,1,0.38013688
22,0,7,3,0,1,1,25,0.0,0.0,0.99404746,0.0,0.9850025332887703,0.0,0.9679537,0.0,0.9645738137262967,0,0.9999943
24,3,3,3,4,1,1,30,0.0,0.0,0.9944221,0.0,0.9791287458593914,0.0,0.99091583,0.0,0.9894470222177112,0,0.9998104
51,2,1,2,3,1,1,40,0.0,0.0,0.7357602,0.0,0.7243857565526015,0.0,0.55946904,0.0,0.5217684065292577,1,0.04520775
33,2,6,1,0,1,1,40,0.0,0.0,0.91966933,0.0,0.9371518337358417,0.0,0.9424785,0.0,0.9283194095621534,0,0.99612904
19,2,6,3,0,0,0,52,0.0,0.0,0.99751335,0.0,0.981320333167715,0.0,0.98377043,0.0,0.9871365148297145,0,0.99981683
36,3,3,1,0,1,1,45,0.0,0.0,0.76268166,0.0,0.7692143176055393,0.0,0.7045461,0.0,0.6792780906449511,1,0.48040178
43,2,3,1,0,1,1,99,1.0,1.0,0.41614527,0.0,0.5994906283064252,1.0,0.4065839,1.0,0.41510109936094475,1,4.839883e-05
19,1,7,3,1,1,0,15,0.0,0.0,0.9975241,0.0,0.9894550847293911,0.0,0.99450386,0.0,0.9795846740159107,0,0.9999831
21,1,7,1,1,1,0,40,0.0,0.0,0.894574,0.0,0.916785913172144,0.0,0.92563426,0.0,0.9335112349214235,0,0.9868051
35,2,7,3,4,1,0,65,0.0,0.0,0.94688195,0.0,0.9628189867619238,0.0,0.92804354,0.0,0.9284759147062678,0,0.99789834
33,2,3,3,0,1,1,40,1.0,0.0,0.98312974,0.0,0.9806113063845955,0.0,0.98846805,0.0,0.9894470222177112,0,0.99980086
24,2,1,3,3,1,1,40,0.0,0.0,0.9469983,0.0,0.940303600579432,0.0,0.9390681,0.0,0.9432751515728501,0,0.99959224
32,2,4,1,5,1,0,40,0.0,1.0,0.30744648,1.0,0.3962578197421135,1.0,0.3664341,1.0,0.34383722649610327,1,4.244919e-06
20,2,7,3,5,0,0,24,0.0,0.0,0.9956351,0.0,0.9907679703664632,0.0,0.989332,0.0,0.9838241508629151,0,0.9999174
53,2,4,0,2,1,0,38,0.0,0.0,0.65767634,0.0,0.7958348994580828,0.0,0.80765843,0.0,0.744106493175972,0,0.62148094
35,2,0,1,5,1,1,40,1.0,1.0,0.48609388,0.0,0.5502032136138819,0.0,0.5472951,0.0,0.533685068957484,1,0.0063298997
63,2,4,0,5,1,0,40,1.0,0.0,0.6208466,0.0,0.7222504870001145,0.0,0.59132034,1.0,0.42132224010796426,1,0.0034868189
53,2,4,1,2,0,1,40,1.0,1.0,0.19226933,1.0,0.2758202989023115,1.0,0.30779392,1.0,0.22105757826747308,1,5.4956257e-07
39,0,6,0,5,1,0,40,0.0,0.0,0.9819704,0.0,0.9722014373847038,0.0,0.9714025,0.0,0.97472630903764,0,0.9999919
49,2,3,1,0,1,1,45,1.0,0.0,0.6285631,0.0,0.5284051385909796,0.0,0.6133009,0.0,0.6307793578535944,1,0.20035407
25,2,0,3,5,1,1,40,0.0,0.0,0.9527573,0.0,0.9788817160678842,0.0,0.96628684,0.0,0.9683456433050346,0,0.9998288
36,3,4,1,0,1,1,70,0.0,1.0,0.38678324,1.0,0.4855354437060907,1.0,0.36279207,1.0,0.37207608463055264,1,6.0301413e-06
29,2,3,3,5,1,0,40,0.0,0.0,0.9821449,0.0,0.9884944991623766,0.0,0.9892922,0.0,0.9855729607798328,0,0.99982953
65,1,3,1,1,0,1,40,0.0,0.0,0.7128377,0.0,0.7596932480652338,0.0,0.64888614,0.0,0.6641538797413258,0,0.5275641
47,2,3,1,0,1,1,40,0.0,0.0,0.7275405,0.0,0.6622684713512601,0.0,0.71150386,0.0,0.7277306171796802,0,0.65423334
61,2,3,1,5,1,1,40,0.0,1.0,0.42229098,1.0,0.39268481462614335,1.0,0.45586246,0.0,0.5416101856000661,1,0.0029782136
44,2,3,3,0,1,1,50,0.0,0.0,0.9532653,0.0,0.956574954095238,0.0,0.93946534,0.0,0.9399400586432513,0,0.9996307
54,2,6,1,3,1,1,51,0.0,0.0,0.65093744,0.0,0.6672741195343593,0.0,0.7666799,0.0,0.7492192642783739,0,0.77637935
24,2,3,1,0,1,1,40,0.0,0.0,0.87976366,0.0,0.9423561131619395,0.0,0.9008807,0.0,0.8899013461777947,0,0.98962384
44,0,7,0,4,1,0,40,0.0,0.0,0.9446762,0.0,0.9542441529703688,0.0,0.9592544,0.0,0.9762861961855488,0,0.9999926
26,3,3,1,5,1,1,40,0.0,0.0,0.7238071,0.0,0.7299818066089785,0.0,0.71548843,0.0,0.724995034244779,0,0.52763885
33,2,4,1,2,1,1,45,0.0,1.0,0.21168125,1.0,0.2528054923241141,1.0,0.2823516,1.0,0.26460227996398666,1,5.422971e-07
70,0,1,3,5,1,1,40,0.0,0.0,0.71399534,0.0,0.7331125741781367,0.0,0.5350182,0.0,0.6458134998009928,1,0.035008874
54,2,7,1,3,1,1,50,1.0,1.0,0.306485,1.0,0.33971343712578517,1.0,0.47486418,1.0,0.40009374337554193,1,1.6452565e-06
19,2,3,3,0,1,1,35,0.0,0.0,0.99802065,0.0,0.9909925709319289,0.0,0.9915801,0.0,0.9894470222177112,0,0.999814
38,2,1,1,2,1,0,40,1.0,1.0,0.28637218,1.0,0.2663787519945533,1.0,0.2568639,1.0,0.24897083871612624,1,5.8006634e-07
54,2,1,3,4,1,0,50,0.0,0.0,0.85052174,0.0,0.8981582174623879,0.0,0.52712226,0.0,0.5197372136352845,1,0.17938846
57,2,6,1,0,1,1,40,0.0,0.0,0.85619366,0.0,0.8964591871098017,0.0,0.859725,0.0,0.8624689573016632,0,0.960658
46,0,0,1,4,1,1,50,1.0,1.0,0.41953003,1.0,0.42790118004752187,0.0,0.5864248,1.0,0.4656061875665797,1,4.892362e-05
37,0,4,1,2,1,1,60,1.0,1.0,0.20200908,1.0,0.3077680715001232,1.0,0.21715522,1.0,0.22258622037827225,1,9.1475147e-07
29,2,3,1,4,1,1,40,0.0,0.0,0.8231684,0.0,0.8482889625632507,0.0,0.83892417,0.0,0.8596328077179846,0,0.9367844
38,2,0,0,5,1,0,16,0.0,0.0,0.9641064,0.0,0.9460292365731225,0.0,0.98205537,0.0,0.9813274393655729,0,0.9998779
35,3,3,1,5,1,1,50,1.0,0.0,0.5356596,0.0,0.6112074750479526,1.0,0.45195043,0.0,0.5434820805983384,1,0.017313858
20,1,3,3,1,1,1,32,0.0,0.0,0.9973455,0.0,0.9882540268366943,0.0,0.9943715,0.0,0.9795951611855672,0,0.9999883
34,2,6,3,4,0,0,40,0.0,0.0,0.9963448,0.0,0.9880829495693769,0.0,0.99663335,0.0,0.9894470222177112,0,0.99981874
31,2,6,3,0,1,1,40,0.0,0.0,0.99431497,0.0,0.9736224890139612,0.0,0.9919826,0.0,0.9894470222177112,0,0.9998343
51,2,4,1,5,1,1,60,1.0,1.0,0.08446109,1.0,0.0862545274757387,1.0,0.19424826,1.0,0.16771159914641298,1,4.9821494e-07
31,2,3,3,5,1,1,40,0.0,0.0,0.9687658,0.0,0.978679386371758,0.0,0.98819697,0.0,0.9798704697182886,0,0.9998259
19,2,3,3,4,1,1,40,0.0,0.0,0.9957589,0.0,0.9892147211013109,0.0,0.987575,0.0,0.9894470222177112,0,0.9998159
36,2,0,1,2,1,1,40,0.0,1.0,0.43313783,1.0,0.3738453131702779,0.0,0.5921584,0.0,0.5090201843505189,1,0.0013971067
38,2,7,4,5,0,0,40,0.0,0.0,0.90398467,0.0,0.9317824565491328,0.0,0.9776058,0.0,0.9649972208524737,0,0.99994206
27,3,7,1,4,1,1,40,0.0,0.0,0.7621097,0.0,0.7775651826809842,0.0,0.696076,0.0,0.7277306171796802,0,0.6897274
80,3,3,1,0,1,1,20,0.0,0.0,0.8024808,0.0,0.8271944701755056,0.0,0.70315886,0.0,0.688730893433606,1,0.3711702
31,2,1,4,3,1,0,40,0.0,0.0,0.890803,0.0,0.9012691286871647,0.0,0.8897468,0.0,0.9137847359640205,0,0.9990939
52,2,2,1,5,1,1,38,1.0,1.0,0.13882405,1.0,0.1580991036360785,1.0,0.19244164,1.0,0.165099667024449,1,5.326193e-07
36,2,3,1,0,1,1,50,0.0,0.0,0.6828108,0.0,0.6670014219840698,0.0,0.65765715,0.0,0.6905995531522752,1,0.43816707
31,0,1,0,2,1,0,40,0.0,0.0,0.84347343,0.0,0.8980806756728202,0.0,0.95087117,0.0,0.948647666064163,0,0.99993074
53,3,3,1,5,0,1,45,1.0,0.0,0.54017943,1.0,0.3725246560765877,0.0,0.619558,0.0,0.538256925505819,1,0.000901664
36,2,5,0,2,1,1,45,1.0,0.0,0.5035895,1.0,0.2531070959351981,0.0,0.7133981,0.0,0.6064125699773226,1,0.08925362
23,2,1,3,4,1,1,40,0.0,0.0,0.96420527,0.0,0.9745358074679369,0.0,0.96822035,0.0,0.9751884553230167,0,0.9995766
38,2,6,1,5,1,0,32,0.0,0.0,0.9207608,0.0,0.9400662466970375,0.0,0.8872861,0.0,0.9245775108302102,0,0.9957158
26,2,7,0,5,1,0,38,0.0,0.0,0.97426134,0.0,0.9738845990642732,0.0,0.9914114,0.0,0.9796631529947727,0,0.9999317
27,2,1,3,2,1,0,60,0.0,0.0,0.83664954,0.0,0.895232428801163,0.0,0.5709522,0.0,0.6979548263961309,1,0.49029538
35,2,1,1,5,1,1,55,1.0,1.0,0.20514941,1.0,0.14746761891313542,1.0,0.19062555,1.0,0.16490532514368594,1,4.9704084e-07
59,0,7,1,4,1,1,42,0.0,1.0,0.42322886,1.0,0.3685473716167761,0.0,0.51168084,0.0,0.5219950622791989,1,5.9273193e-06
46,2,7,1,4,1,0,40,0.0,0.0,0.6878177,0.0,0.6094311353849983,0.0,0.6296785,0.0,0.555637040229347,1,0.09192856
57,0,1,1,2,1,1,40,1.0,1.0,0.29523993,1.0,0.30722733314057227,1.0,0.17627698,1.0,0.19818118820051633,1,5.9759045e-06
27,2,6,0,0,1,1,40,0.0,0.0,0.9911842,0.0,0.9670279573597771,0.0,0.9867631,0.0,0.9871365148297145,0,0.9998235
45,2,7,1,3,1,1,45,0.0,1.0,0.42195004,1.0,0.385256672223952,1.0,0.48719436,1.0,0.4743959971651627,1,0.000105453095
38,2,5,1,2,1,1,90,1.0,1.0,0.09881681,1.0,0.1883019846551468,1.0,0.18193251,1.0,0.1458893379013333,1,4.846322e-07
33,2,3,1,0,1,1,46,0.0,0.0,0.7311962,0.0,0.7099476540318899,0.0,0.7567151,0.0,0.7492192642783739,0,0.7482113
38,2,1,0,5,1,1,40,0.0,0.0,0.7159685,0.0,0.6220038393314533,0.0,0.9002451,0.0,0.8708849361825408,0,0.9995759
40,2,3,0,3,1,0,40,0.0,0.0,0.97267294,0.0,0.9630003595527756,0.0,0.9760434,0.0,0.9808173172732457,0,0.9997553
37,2,3,1,5,1,1,55,0.0,1.0,0.4275325,1.0,0.35895886924792375,0.0,0.502855,0.0,0.5276365388459907,1,0.0072067985
40,2,0,1,0,0,1,40,0.0,0.0,0.71031415,0.0,0.6035744076972183,0.0,0.68105906,0.0,0.639052074019741,1,0.26129282
36,2,7,1,3,1,1,45,0.0,0.0,0.5263138,1.0,0.45258969458208254,1.0,0.3909486,1.0,0.4948423564123673,1,0.0093691405
37,3,3,1,0,1,1,60,1.0,0.0,0.6874747,0.0,0.7566626436447506,0.0,0.6944916,0.0,0.6786464485789183,1,0.3346573
20,2,3,3,5,1,0,40,0.0,0.0,0.9912332,0.0,0.9895188432916793,0.0,0.9899927,0.0,0.9899697592334556,0,0.9998299
23,2,3,3,3,1,1,60,0.0,0.0,0.9704127,0.0,0.9702569870319135,0.0,0.95604146,0.0,0.960798103784999,0,0.99951077
39,2,6,1,0,1,1,40,0.0,0.0,0.8998034,0.0,0.9139957616140242,0.0,0.90513384,0.0,0.9024606956917652,0,0.99368966
23,2,7,1,0,1,1,40,0.0,0.0,0.8328184,0.0,0.921172692690751,0.0,0.8967001,0.0,0.86795448433508,0,0.9471407
22,2,3,3,4,1,0,45,0.0,0.0,0.9897207,0.0,0.9890832800513647,0.0,0.98222184,0.0,0.9821220594613431,0,0.99979347
47,2,3,0,4,1,0,32,0.0,0.0,0.97356844,0.0,0.9678857628163247,0.0,0.99278903,0.0,0.9855313156610583,0,0.9998147
39,2,1,1,0,1,1,40,1.0,1.0,0.44503534,0.0,0.5814017953587978,1.0,0.49557018,1.0,0.4949088791237174,1,0.002554324
20,2,7,3,4,1,0,40,0.0,0.0,0.9912047,0.0,0.9869991576671626,0.0,0.99129367,0.0,0.9862453190923,0,0.9998235
28,1,7,3,1,1,0,40,0.0,0.0,0.9864866,0.0,0.9851207495388286,0.0,0.9861465,0.0,0.9795032374774746,0,0.9999722
54,2,7,1,4,1,1,40,1.0,0.0,0.5399393,1.0,0.496262325599681,1.0,0.38925314,1.0,0.45604828693542354,1,0.017618347
28,3,1,3,4,1,1,40,0.0,0.0,0.9349427,0.0,0.9518579431168342,0.0,0.90369433,0.0,0.900198492882328,0,0.9990829
49,2,6,1,0,1,1,40,0.0,0.0,0.8726162,0.0,0.8897193575031812,0.0,0.86427104,0.0,0.8741853458116003,0,0.9760548
35,2,1,1,3,1,1,60,1.0,1.0,0.2406621,1.0,0.2352410101969944,1.0,0.22256613,1.0,0.2687230012185151,1,4.8477455e-07
34,2,6,0,4,1,0,70,0.0,0.0,0.98498756,0.0,0.9686207967486496,0.0,0.9854856,0.0,0.976298516080039,0,0.9997863
36,2,0,1,5,1,1,44,1.0,1.0,0.37918967,1.0,0.41659887300830356,1.0,0.37285316,1.0,0.4287424044659518,1,7.791916e-05
39,2,3,3,2,1,1,50,0.0,0.0,0.8981152,0.0,0.8977033356695899,0.0,0.9882148,0.0,0.9610445269773005,0,0.99981004
44,2,3,1,0,1,1,40,0.0,0.0,0.74653363,0.0,0.6982123750476055,0.0,0.7334559,0.0,0.7492192642783739,0,0.7448542
53,3,6,1,0,1,1,99,0.0,0.0,0.79143727,0.0,0.6846326156321733,0.0,0.6008244,0.0,0.6081581843237006,1,0.033994995
32,2,3,1,5,1,1,40,1.0,0.0,0.66095984,0.0,0.7155170960037516,0.0,0.66737735,0.0,0.6749041830305667,1,0.44250268
66,2,7,1,3,1,1,40,1.0,1.0,0.36141342,0.0,0.5484455888042582,1.0,0.46643668,1.0,0.4420758587798779,1,1.5466386e-06
76,0,3,1,4,1,1,15,0.0,0.0,0.6940482,0.0,0.6901695008394269,0.0,0.7089237,0.0,0.6599450650621201,1,0.34594637
18,2,3,3,3,1,0,40,0.0,0.0,0.9971824,0.0,0.9873369160601398,0.0,0.9890518,0.0,0.9899697592334556,0,0.9998023
79,2,6,4,4,1,0,30,0.0,0.0,0.9890779,0.0,0.9598363365396598,0.0,0.9930822,0.0,0.9857576644282615,0,0.9998129
43,0,1,1,0,1,1,53,0.0,1.0,0.37629884,1.0,0.30823359636516934,1.0,0.43193352,1.0,0.3275272729395595,1,1.781525e-06
18,2,7,3,4,1,0,24,0.0,0.0,0.9979986,0.0,0.9894253245275266,0.0,0.9936247,0.0,0.9899697592334556,0,0.9998275
30,2,3,3,0,0,1,40,0.0,0.0,0.9874242,0.0,0.9803307431213788,0.0,0.98855317,0.0,0.9894470222177112,0,0.999801
46,2,0,1,3,1,1,50,0.0,1.0,0.33258963,1.0,0.3644269978308944,1.0,0.34095037,1.0,0.4415248864598833,1,3.8397182e-05
68,2,4,1,2,1,1,18,0.0,1.0,0.20856875,1.0,0.3106584472126366,1.0,0.37128824,1.0,0.27045564391353594,1,5.5278787e-07
20,0,7,1,4,1,1,40,0.0,0.0,0.8359257,0.0,0.8703387827136444,0.0,0.83642566,0.0,0.8483574272088473,0,0.94187117
31,2,3,1,0,1,0,45,0.0,0.0,0.7822952,0.0,0.868093590263662,0.0,0.73834383,0.0,0.7674614178348953,0,0.7752385
28,2,0,3,3,1,0,40,0.0,0.0,0.97837514,0.0,0.9524522780547084,0.0,0.9866319,0.0,0.9717418261400433,0,0.99979454
21,2,6,3,4,0,1,25,0.0,0.0,0.9995272,0.0,0.9901114908698263,0.0,0.9970593,0.0,0.9899697592334556,0,0.9998337
29,2,1,3,4,1,1,40,0.0,0.0,0.93981296,0.0,0.9695243349341125,0.0,0.97091806,0.0,0.9724373020790884,0,0.99919933
46,2,6,1,0,1,1,45,0.0,0.0,0.84279287,0.0,0.8415703304104906,0.0,0.86803675,0.0,0.8641396707942296,0,0.9588415
44,2,6,1,5,1,1,40,1.0,0.0,0.7488204,0.0,0.7257577613519572,0.0,0.8457246,0.0,0.8791806962338681,0,0.9589548
52,2,6,1,0,0,0,30,0.0,0.0,0.9463908,0.0,0.9153356214146224,0.0,0.92448527,0.0,0.9024606956917652,0,0.9941251
46,2,1,1,3,1,1,40,1.0,1.0,0.27410346,1.0,0.2872751259941543,1.0,0.33352315,1.0,0.3187875486300572,1,5.486817e-07
20,2,3,3,0,1,1,40,0.0,0.0,0.99500275,0.0,0.9839535596896772,0.0,0.98805225,0.0,0.9894470222177112,0,0.9997993
38,2,0,1,0,1,1,50,0.0,0.0,0.5512245,0.0,0.5687784757820769,0.0,0.53370845,0.0,0.5494164969838116,1,0.09761455
53,2,7,1,0,1,1,36,1.0,0.0,0.66812086,0.0,0.6566338174198794,0.0,0.6479889,0.0,0.6440673257910199,1,0.25516135
39,2,4,1,5,1,1,40,1.0,1.0,0.19018078,1.0,0.16110726938144027,1.0,0.32150722,1.0,0.31594287297775314,1,1.5302912e-06
41,0,3,1,0,0,1,40,0.0,0.0,0.75247943,0.0,0.8089467354013941,0.0,0.72719383,0.0,0.7092627686365778,0,0.52681595
49,0,0,1,5,1,1,60,1.0,1.0,0.27540618,1.0,0.3151158730714194,1.0,0.41597444,1.0,0.3151130338713153,1,2.5814097e-06
23,2,3,3,0,1,1,40,0.0,0.0,0.9921758,0.0,0.9833924674745405,0.0,0.988359,0.0,0.9894470222177112,0,0.99980026
27,2,7,3,0,0,1,40,0.0,0.0,0.98509485,0.0,0.9735548049699491,0.0,0.99256957,0.0,0.9896973455652845,0,0.9998392
28,2,7,0,5,1,0,40,0.0,0.0,0.9590565,0.0,0.9706393639306945,0.0,0.9756803,0.0,0.9751989369346568,0,0.99992895
31,2,1,0,4,0,1,70,1.0,0.0,0.7719509,0.0,0.605817018574965,0.0,0.86204326,0.0,0.7250817237181287,0,0.8568302
27,2,3,1,0,1,1,40,0.0,0.0,0.85672677,0.0,0.8999878471181937,0.0,0.86851865,0.0,0.8831974987593281,0,0.9807011
60,2,4,1,5,1,1,60,1.0,1.0,0.07515395,1.0,0.0878186101458387,1.0,0.20670044,1.0,0.15756740035217243,1,5.146068e-07
41,2,1,1,5,1,1,40,1.0,1.0,0.26487523,1.0,0.20037442662527505,1.0,0.16750866,1.0,0.22995439362978276,1,4.6536098e-07
49,0,4,2,2,1,0,70,0.0,0.0,0.6528108,0.0,0.6666352296292599,1.0,0.4825852,1.0,0.3622339852638692,1,6.764288e-06
31,3,6,1,2,1,1,60,0.0,0.0,0.7777676,0.0,0.5929450235550675,0.0,0.7672603,0.0,0.7894562332794721,0,0.84655565
32,2,0,1,0,1,1,40,0.0,0.0,0.7023995,0.0,0.6916270147099104,0.0,0.7067194,0.0,0.6749041830305667,0,0.5843594
21,2,7,3,4,1,0,25,0.0,0.0,0.9961935,0.0,0.9894253245275266,0.0,0.99167645,0.0,0.9899180109183517,0,0.99982846
25,2,7,1,5,1,0,40,0.0,0.0,0.7442696,0.0,0.8042169775380359,0.0,0.6373104,0.0,0.639052074019741,1,0.292421
35,2,0,0,4,1,0,35,0.0,0.0,0.975258,0.0,0.9517752675589047,0.0,0.9950273,0.0,0.9854531904165189,0,0.9998221
61,2,7,0,5,1,0,43,0.0,0.0,0.8633293,0.0,0.9338448416544116,0.0,0.9076699,0.0,0.8603645027893948,0,0.99990344
25,2,3,1,0,1,1,40,0.0,0.0,0.87211096,0.0,0.9318686271174813,0.0,0.8936713,0.0,0.8899013461777947,0,0.987663
37,0,7,2,4,0,1,52,0.0,0.0,0.88187987,0.0,0.9182568535953801,0.0,0.9814915,0.0,0.9210202066902233,0,0.9999368
26,2,6,3,4,1,1,40,0.0,0.0,0.9972843,0.0,0.9884448353406249,0.0,0.99674034,0.0,0.9894470222177112,0,0.9998204
33,2,0,3,2,1,0,40,0.0,0.0,0.91722935,0.0,0.924786490314535,0.0,0.97602654,0.0,0.976598331993019,0,0.99987817
39,0,1,4,2,0,0,10,0.0,0.0,0.8891458,0.0,0.8933487065211394,0.0,0.9221708,0.0,0.9466130428241152,0,0.9999976
31,2,6,1,3,1,1,40,0.0,0.0,0.89386964,0.0,0.8747711678673262,0.0,0.90780544,0.0,0.9074356026692267,0,0.99176687
46,2,0,4,4,1,0,40,0.0,0.0,0.9228317,0.0,0.9111249337547666,0.0,0.9201816,0.0,0.9751948935011537,0,0.9996001
72,2,3,1,3,1,1,12,0.0,0.0,0.69459295,0.0,0.7966956848750939,0.0,0.6415609,0.0,0.6354539160678161,1,0.216137
84,2,3,4,4,1,0,13,0.0,0.0,0.97197056,0.0,0.9518324806338415,0.0,0.973109,0.0,0.9796128076111075,0,0.99964345
19,2,6,3,0,1,1,55,0.0,0.0,0.9970359,0.0,0.9775579910024135,0.0,0.9832912,0.0,0.9821736694673323,0,0.99981564
32,2,3,1,5,1,0,48,0.0,0.0,0.6479317,0.0,0.6039229871934989,0.0,0.5999836,0.0,0.6032148183164494,1,0.07925466
50,0,3,0,4,1,0,49,0.0,0.0,0.9163665,0.0,0.9304507278205514,0.0,0.9493346,0.0,0.9036792411067164,0,0.9990128
19,2,7,3,5,1,0,15,0.0,0.0,0.997207,0.0,0.9881859369406609,0.0,0.9898619,0.0,0.9852089956246377,0,0.9998975
28,2,3,1,0,0,1,40,0.0,0.0,0.8814038,0.0,0.9268913456235383,0.0,0.8635098,0.0,0.8737517909641446,0,0.97557324
22,0,1,3,2,1,0,12,0.0,0.0,0.98377854,0.0,0.9603815678211257,0.0,0.93926084,0.0,0.9583770162892058,0,0.9999962
65,2,3,4,3,1,0,40,0.0,0.0,0.94291854,0.0,0.9153821611328158,0.0,0.91391987,0.0,0.9295362278750814,0,0.999015
24,2,0,3,2,0,1,20,0.0,0.0,0.9854454,0.0,0.9449007120796168,0.0,0.9690988,0.0,0.976598331993019,0,0.9998808
23,2,7,1,5,1,1,40,0.0,0.0,0.7501923,0.0,0.7041278939234408,0.0,0.6510788,0.0,0.6440673257910199,1,0.36866644
67,1,3,4,1,1,1,3,0.0,0.0,0.9778204,0.0,0.9582981264727145,0.0,0.98440915,0.0,0.9791331111871493,0,0.99997056
45,2,0,1,3,1,1,50,1.0,1.0,0.34257662,1.0,0.3644269978308944,1.0,0.37057823,1.0,0.4612109306612001,1,5.2689193e-05
42,0,4,1,2,1,0,38,1.0,1.0,0.28747326,1.0,0.29584489819459725,1.0,0.3443519,1.0,0.2547215577927062,1,7.753629e-07
20,2,7,3,4,1,0,10,0.0,0.0,0.998463,0.0,0.9898656524435036,0.0,0.9915489,0.0,0.9899180109183517,0,0.99983025
75,0,3,0,5,1,0,20,0.0,0.0,0.941359,0.0,0.8872283849164,0.0,0.9743405,0.0,0.9703240316338179,0,0.999907
20,2,3,3,3,1,0,25,0.0,0.0,0.9982311,0.0,0.9884477409420563,0.0,0.9917868,0.0,0.9899697592334556,0,0.9998241
32,2,7,1,0,1,1,50,0.0,0.0,0.6018479,0.0,0.6425956276131823,0.0,0.6579211,0.0,0.6307551497623776,1,0.21918176
49,0,7,1,5,1,1,46,0.0,1.0,0.33916146,1.0,0.3535346599993977,1.0,0.4132632,1.0,0.3793024110007811,1,3.511037e-05
29,2,7,1,5,0,1,40,0.0,0.0,0.66261935,0.0,0.5867851311025737,0.0,0.59785616,0.0,0.566742125015939,1,0.10603653
41,0,7,0,5,1,0,40,0.0,0.0,0.9157667,0.0,0.9615561864651536,0.0,0.9671762,0.0,0.9590826510785776,0,0.9999502
26,2,7,3,3,1,1,40,0.0,0.0,0.9819721,0.0,0.9727131223793574,0.0,0.9905857,0.0,0.9899697592334556,0,0.99983895
35,2,3,1,0,1,1,40,0.0,0.0,0.8028288,0.0,0.8285000847613533,0.0,0.8261456,0.0,0.8514576748514968,0,0.9466285
28,2,7,0,5,1,0,40,0.0,0.0,0.9590565,0.0,0.9706393639306945,0.0,0.9756803,0.0,0.9751989369346568,0,0.99992895
30,3,7,1,5,1,1,36,1.0,0.0,0.6894343,0.0,0.6396250033736032,0.0,0.7036979,0.0,0.6274254046322787,1,0.18130144
24,0,7,1,2,1,1,40,0.0,0.0,0.6297908,0.0,0.7116925292171394,0.0,0.87250376,0.0,0.8103718659898637,1,0.4003937
56,3,4,0,5,1,1,60,1.0,1.0,0.464001,1.0,0.29313862573787497,1.0,0.3550141,1.0,0.44396176918660823,1,0.0005611307
58,2,6,1,4,1,1,38,0.0,0.0,0.89167905,0.0,0.9175605758886215,0.0,0.88211954,0.0,0.8810845634740132,0,0.9687837
57,0,3,1,5,1,1,40,1.0,1.0,0.48389047,1.0,0.43357302345745696,1.0,0.44825268,1.0,0.4888215357025103,1,0.0015507917
48,3,7,3,5,1,1,40,0.0,0.0,0.89515936,0.0,0.8769978923435758,0.0,0.9569132,0.0,0.9673359690784963,0,0.99995124
39,2,1,0,5,1,1,40,0.0,0.0,0.7092128,0.0,0.6220038393314533,0.0,0.911723,0.0,0.8606006800649223,0,0.9995726
49,3,1,1,3,1,1,40,1.0,1.0,0.3105744,1.0,0.36384081969787385,1.0,0.3393638,1.0,0.3661201634570893,1,6.995788e-07
20,2,7,3,0,1,0,6,0.0,0.0,0.9985016,0.0,0.9895623381632688,0.0,0.99567944,0.0,0.9899697592334556,0,0.99985194
35,2,1,1,2,1,1,50,1.0,1.0,0.2603718,1.0,0.29233832401907933,1.0,0.23914564,1.0,0.1847753928145912,1,5.717774e-07
33,3,1,1,0,1,1,35,0.0,0.0,0.6179868,0.0,0.6966944865995142,0.0,0.55559945,0.0,0.6081581843237006,1,0.09473706
38,2,0,3,2,1,0,39,0.0,0.0,0.9292824,0.0,0.9104800260828385,0.0,0.96781987,0.0,0.976598331993019,0,0.9998684
43,2,7,1,3,1,1,45,0.0,1.0,0.44301134,1.0,0.385256672223952,0.0,0.5194758,1.0,0.495106849812479,1,0.0003572612
20,2,7,3,5,1,0,15,0.0,0.0,0.99652153,0.0,0.9881859369406609,0.0,0.9877499,0.0,0.9852089956246377,0,0.9999093
34,3,0,1,5,1,0,36,0.0,0.0,0.6046953,1.0,0.4452621067574849,0.0,0.58432126,0.0,0.6032148183164494,1,0.03642346
70,3,4,1,5,0,1,40,0.0,1.0,0.21796846,1.0,0.2547368748009068,1.0,0.19572246,1.0,0.23107891918586632,1,5.6766163e-07
39,2,4,1,0,1,1,40,0.0,1.0,0.37837386,0.0,0.5609472140573957,1.0,0.44898134,0.0,0.5204808450377907,1,0.0021240532
31,2,1,0,5,1,0,50,1.0,0.0,0.7817055,0.0,0.803142949300428,0.0,0.76168776,0.0,0.7167336101291035,0,0.92762834
37,2,7,1,0,1,1,40,0.0,0.0,0.6844278,0.0,0.6755118515967254,0.0,0.70754004,0.0,0.6749041830305667,0,0.584974
59,2,3,1,2,0,0,38,0.0,0.0,0.62132233,0.0,0.694749401349041,0.0,0.54014474,0.0,0.5208804928326358,1,0.008915495
25,0,1,3,2,1,0,40,0.0,0.0,0.93746185,0.0,0.9683726391886027,0.0,0.93067575,0.0,0.9429648883443956,0,0.99998534
24,2,3,3,3,0,0,20,0.0,0.0,0.9977398,0.0,0.990434895442194,0.0,0.9915889,0.0,0.9899697592334556,0,0.99983096
35,2,3,1,0,1,1,40,0.0,0.0,0.8028288,0.0,0.8285000847613533,0.0,0.8261456,0.0,0.8514576748514968,0,0.9466285
52,2,3,1,5,1,1,48,0.0,1.0,0.36720842,1.0,0.39232133055428065,0.0,0.5024426,0.0,0.5277608128365854,1,0.0015151631
68,3,7,1,4,1,1,30,0.0,0.0,0.5912154,0.0,0.6342763835121307,0.0,0.5726447,0.0,0.5510038835949682,1,0.0039345226
64,2,7,1,3,1,1,40,0.0,1.0,0.3708356,0.0,0.5484455888042582,0.0,0.51338816,1.0,0.4553367168441457,1,2.0683517e-06
51,3,1,1,4,0,1,40,1.0,1.0,0.41617233,1.0,0.3320612103996663,1.0,0.35050774,1.0,0.4334448673904294,1,3.0766046e-06
46,2,1,1,5,1,1,40,1.0,1.0,0.23080379,1.0,0.19296494848668921,1.0,0.16123015,1.0,0.17035406263797914,1,4.7815087e-07
68,2,2,0,2,1,0,40,0.0,0.0,0.54398763,0.0,0.6632915226440637,0.0,0.65059334,0.0,0.7621184454278264,1,3.118296e-05
37,2,3,3,4,1,0,40,0.0,0.0,0.9849312,0.0,0.9867255092681785,0.0,0.9892265,0.0,0.9855313156610583,0,0.99980694
46,1,1,0,1,1,0,8,0.0,0.0,0.95835906,0.0,0.9248196937199636,0.0,0.96960664,0.0,0.969936544881794,0,0.9998392
19,2,3,3,4,1,1,40,0.0,0.0,0.9957589,0.0,0.9892147211013109,0.0,0.987575,0.0,0.9894470222177112,0,0.9998159
50,2,3,1,0,1,1,50,1.0,0.0,0.58313847,1.0,0.4855897371337351,0.0,0.5749426,0.0,0.6032148183164494,1,0.14206137
55,2,6,1,0,0,1,45,0.0,0.0,0.85088485,0.0,0.8230936975153726,0.0,0.8881095,0.0,0.8489331161565628,0,0.9392192
47,2,3,3,0,1,1,40,0.0,0.0,0.97123075,0.0,0.9720633758437274,0.0,0.98250574,0.0,0.9855313156610583,0,0.999788
41,0,1,1,2,0,0,48,1.0,1.0,0.3551057,1.0,0.314912854757163,1.0,0.319723,1.0,0.3472031989537082,1,3.8379453e-06
43,0,7,3,5,1,1,40,0.0,0.0,0.89728063,0.0,0.9547300278109774,0.0,0.97139835,0.0,0.964390432273275,0,0.9999267
67,2,3,4,3,1,0,18,0.0,0.0,0.97434086,0.0,0.9027588594163309,0.0,0.9865142,0.0,0.9819824887897047,0,0.9997851
39,3,7,1,0,1,1,80,0.0,0.0,0.5226712,0.0,0.7206571226101921,1.0,0.49966723,0.0,0.5449768226484989,1,3.1531003e-05
31,2,3,1,0,1,1,40,0.0,0.0,0.8297204,0.0,0.8260061073058818,0.0,0.8615097,0.0,0.8514576748514968,0,0.9572957
38,2,3,3,5,1,0,40,0.0,0.0,0.9736763,0.0,0.9850099581727656,0.0,0.9728369,0.0,0.9779969550780536,0,0.9997789
41,2,3,1,0,1,1,40,1.0,0.0,0.7643594,0.0,0.6982123750476055,0.0,0.7459028,0.0,0.7492192642783739,0,0.7818397
41,3,0,1,2,1,0,15,1.0,0.0,0.614596,0.0,0.6155770068079414,0.0,0.6530828,0.0,0.6172903396947447,1,0.11573112
25,2,3,3,0,1,1,75,0.0,0.0,0.96443236,0.0,0.9540035397716836,0.0,0.9383697,0.0,0.9328100980786628,0,0.9995316
34,1,3,1,1,1,1,80,0.0,0.0,0.7293906,0.0,0.7418230318233233,0.0,0.580068,0.0,0.6998933096664888,1,0.47176012
35,2,3,3,0,1,1,40,0.0,0.0,0.98153263,0.0,0.9806113063845955,0.0,0.98827726,0.0,0.9894470222177112,0,0.9998004
47,2,7,1,4,1,1,60,0.0,1.0,0.3864364,1.0,0.40821411041136246,1.0,0.3665462,1.0,0.45403670090877923,1,0.000114571725
51,2,3,1,0,1,1,40,1.0,0.0,0.70439434,0.0,0.6563174083121924,0.0,0.64312047,0.0,0.6802250298160285,1,0.3973566
32,2,3,1,0,1,1,40,0.0,0.0,0.8232053,0.0,0.8260061073058818,0.0,0.85792804,0.0,0.8514576748514968,0,0.9559918
38,2,1,1,5,1,1,50,1.0,1.0,0.20316452,1.0,0.14222461371865358,1.0,0.18654674,1.0,0.16490532514368594,1,4.945104e-07
26,2,3,1,0,1,1,45,0.0,0.0,0.8058129,0.0,0.8543948338155426,0.0,0.8123399,0.0,0.8292707393216092,0,0.9361413
24,2,1,1,2,1,0,40,0.0,1.0,0.425143,0.0,0.5169921406081894,1.0,0.4146142,0.0,0.5260952938111516,1,1.3833347e-05
40,2,0,0,0,1,0,40,0.0,0.0,0.9439901,0.0,0.9322182574335016,0.0,0.96203536,0.0,0.9507184036565034,0,0.99975234
49,2,3,1,5,1,1,40,1.0,1.0,0.49684978,1.0,0.4614334513597965,0.0,0.6297456,0.0,0.5494164969838116,1,0.028333876
50,2,6,1,0,1,1,48,0.0,0.0,0.82527304,0.0,0.8460986559503363,0.0,0.875926,0.0,0.8602185813859967,0,0.9510886
72,1,6,0,1,1,1,30,0.0,0.0,0.9836981,0.0,0.9611425590858357,0.0,0.9908523,0.0,0.9738240412643921,0,0.99997544
33,2,0,3,0,1,1,40,0.0,0.0,0.9529073,0.0,0.9550710830253111,0.0,0.9831256,0.0,0.9656893005661829,0,0.999803
47,3,3,1,5,1,0,35,0.0,0.0,0.7299621,0.0,0.8101758560469154,0.0,0.663108,0.0,0.6236624557708759,1,0.19028653
45,2,3,0,5,1,0,40,0.0,0.0,0.9372448,0.0,0.9714763958503762,0.0,0.9358625,0.0,0.9533127576907828,0,0.9996259
37,2,0,1,0,1,1,55,0.0,0.0,0.53324664,0.0,0.6671812205357806,1.0,0.4909132,0.0,0.5494164969838116,1,0.032395713
35,3,3,1,0,1,1,99,0.0,0.0,0.6114371,0.0,0.6083973049838711,0.0,0.53034437,1.0,0.4850680739430052,1,0.0001007284
27,2,3,3,0,1,1,40,0.0,0.0,0.9884606,0.0,0.9809641516465788,0.0,0.9885181,0.0,0.9894470222177112,0,0.99980086
38,2,1,1,0,1,1,50,1.0,1.0,0.35301906,1.0,0.41460939725708224,1.0,0.38286078,1.0,0.4612109306612001,1,4.4016713e-05
35,1,3,1,1,1,0,12,0.0,0.0,0.9089033,0.0,0.9100445091243877,0.0,0.97177935,0.0,0.9365856389245611,0,0.99952376
34,2,0,3,2,1,1,40,0.0,0.0,0.90418184,0.0,0.8320300761544329,0.0,0.9757496,0.0,0.976598331993019,0,0.9998772
34,0,1,1,4,1,1,48,1.0,1.0,0.38179702,1.0,0.40039782434797355,1.0,0.45214337,1.0,0.38201590864927015,1,1.6983747e-06
50,2,0,2,2,1,0,40,0.0,0.0,0.7659297,0.0,0.8318383845027786,0.0,0.9191028,0.0,0.9180809001234351,0,0.99913687
30,2,1,1,2,0,1,40,0.0,1.0,0.4256236,1.0,0.4179954472408479,1.0,0.41531074,1.0,0.42912908672360317,1,1.560173e-06
41,2,3,3,5,1,0,40,0.0,0.0,0.9710159,0.0,0.982008148557896,0.0,0.9659213,0.0,0.9752950194062305,0,0.99975795
76,1,6,1,1,1,1,40,0.0,0.0,0.88601935,0.0,0.8774145660157209,0.0,0.9134274,0.0,0.8680398374349805,0,0.9798385
60,3,3,1,5,1,0,15,1.0,0.0,0.79108936,0.0,0.6301951281695979,0.0,0.67023927,0.0,0.6558953864837797,1,0.3012276
33,2,7,3,0,1,1,80,0.0,0.0,0.91535324,0.0,0.908557771570354,0.0,0.9287469,0.0,0.9068310466767032,0,0.99917895
26,2,1,3,5,1,1,40,0.0,0.0,0.89927375,0.0,0.9376574805076912,0.0,0.92524517,0.0,0.958591550653886,0,0.99979216
28,2,3,1,3,1,1,40,0.0,0.0,0.78919095,0.0,0.8269512976735095,0.0,0.79145396,0.0,0.7674614178348953,0,0.84316474
59,2,3,2,4,1,0,40,0.0,0.0,0.95605165,0.0,0.9713519773904046,0.0,0.9457765,0.0,0.9738615982502722,0,0.99841595
30,2,1,3,4,1,0,72,0.0,0.0,0.8811693,0.0,0.9260364868012677,0.0,0.8595632,0.0,0.5904019949011015,0,0.77589786
45,2,0,1,2,1,1,42,1.0,1.0,0.31338137,1.0,0.2685573273615812,1.0,0.47152793,1.0,0.4529131748647033,1,1.5068724e-06
46,3,0,1,5,1,1,60,1.0,1.0,0.28404844,1.0,0.34320559075919654,1.0,0.26591474,1.0,0.31583288018070055,1,6.83802e-07
28,2,7,3,3,0,1,40,0.0,0.0,0.9814639,0.0,0.969365471662136,0.0,0.9912016,0.0,0.9899697592334556,0,0.9998431
45,2,2,1,2,1,1,50,1.0,1.0,0.116921425,1.0,0.16643449581975212,1.0,0.16890126,1.0,0.11247822938955898,1,3.7523768e-07
28,2,1,3,0,1,1,25,0.0,0.0,0.97495925,0.0,0.9719180555155116,0.0,0.9871015,0.0,0.984442045415811,0,0.9998228
48,3,3,2,4,1,0,25,0.0,0.0,0.9774221,0.0,0.9622738136575173,0.0,0.96961945,0.0,0.974474139380603,0,0.99971324
39,2,6,1,2,1,1,60,0.0,0.0,0.69923174,1.0,0.4516297356160319,0.0,0.7168757,0.0,0.7392101445267152,0,0.761356
38,1,5,0,1,1,0,30,0.0,0.0,0.88683456,0.0,0.8778800259806256,0.0,0.9408355,0.0,0.9482510579082915,0,0.99623626
47,3,3,1,5,1,1,32,0.0,0.0,0.67372346,0.0,0.5448062084207781,0.0,0.6899702,0.0,0.6517763020155086,1,0.224938
33,2,3,1,0,1,1,50,1.0,0.0,0.70672894,0.0,0.7045007161584207,0.0,0.7333578,0.0,0.7277306171796802,0,0.6373022
45,2,6,3,0,0,1,40,0.0,0.0,0.9905432,0.0,0.9699719103588833,0.0,0.9902493,0.0,0.9871365148297145,0,0.99982196
54,3,6,1,0,1,1,50,0.0,0.0,0.85747355,0.0,0.8376349087381054,0.0,0.8482207,0.0,0.8096661714076477,0,0.8950904
48,0,3,1,0,1,1,60,0.0,0.0,0.56329656,0.0,0.6382296833698828,0.0,0.6548015,0.0,0.5964386636063148,1,0.039208043
38,0,0,3,5,1,1,60,0.0,0.0,0.8024969,0.0,0.7085765845740567,0.0,0.9322056,0.0,0.9121552720097217,0,0.9914233
59,2,7,1,0,1,1,40,1.0,0.0,0.5442358,0.0,0.5443272603203131,1.0,0.48368186,1.0,0.4885306802561955,1,0.015551202
46,0,5,3,2,1,0,55,1.0,0.0,0.62771213,0.0,0.6350312860163301,1.0,0.3773049,1.0,0.33399708986005894,1,0.00022305579
24,2,1,3,2,1,1,20,0.0,0.0,0.96387726,0.0,0.9485583345774389,0.0,0.9568874,0.0,0.976598331993019,0,0.9998733
39,2,3,1,0,1,1,40,0.0,0.0,0.7760284,0.0,0.6982123750476055,0.0,0.7670251,0.0,0.7492192642783739,0,0.8142412
51,3,3,1,0,1,1,35,1.0,0.0,0.82104933,0.0,0.7998232307421482,0.0,0.78958166,0.0,0.7232939487563508,0,0.64929557
42,2,0,1,4,1,1,40,0.0,0.0,0.57322985,0.0,0.5365529609377797,0.0,0.6533855,0.0,0.6307551497623776,1,0.15928727
42,2,6,1,0,1,1,40,0.0,0.0,0.8918364,0.0,0.8917620408096892,0.0,0.89951074,0.0,0.9024606956917652,0,0.99105936
40,2,7,1,0,1,1,50,1.0,0.0,0.5350609,1.0,0.4773721051893145,0.0,0.52654785,0.0,0.5494164969838116,1,0.050632194
26,2,3,1,0,1,1,48,0.0,0.0,0.7942446,0.0,0.8543948338155426,0.0,0.8165281,0.0,0.8194254020385872,0,0.91513354
34,2,3,1,0,1,0,40,0.0,0.0,0.8221547,0.0,0.8449071199382254,0.0,0.8393725,0.0,0.8514576748514968,0,0.9512808
22,2,3,3,4,1,0,40,0.0,0.0,0.9934275,0.0,0.9895928986774607,0.0,0.98768806,0.0,0.9894470222177112,0,0.99981624
20,2,7,3,4,1,1,40,0.0,0.0,0.9939409,0.0,0.9886364970374241,0.0,0.99129367,0.0,0.9862453190923,0,0.9998235
27,1,4,3,1,0,1,20,0.0,0.0,0.98006284,0.0,0.9433101678188911,0.0,0.9831884,0.0,0.9669223271016317,0,0.99990046
48,2,3,3,0,1,1,40,0.0,0.0,0.97026867,0.0,0.9720633758437274,0.0,0.98211086,0.0,0.9855313156610583,0,0.9997873
27,2,7,3,0,1,0,40,0.0,0.0,0.9833195,0.0,0.9825019360370713,0.0,0.99256957,0.0,0.9896973455652845,0,0.9998392
63,3,6,4,0,1,0,10,0.0,0.0,0.99100983,0.0,0.9628313200572944,0.0,0.9928917,0.0,0.979291268642183,0,0.9999244
39,2,0,3,4,1,0,40,0.0,0.0,0.96459144,0.0,0.973697295875851,0.0,0.9743985,0.0,0.9818855534761866,0,0.9997837
19,3,7,3,4,1,0,25,0.0,0.0,0.99721766,0.0,0.9886176000476443,0.0,0.9938867,0.0,0.9887805545873848,0,0.99982786
63,2,6,0,3,1,0,40,0.0,0.0,0.9793739,0.0,0.976363048721114,0.0,0.9793164,0.0,0.9625473564913944,0,0.99977463
29,2,3,0,4,1,0,36,0.0,0.0,0.9853077,0.0,0.9813660445356945,0.0,0.99104923,0.0,0.985643797636976,0,0.9998154
41,2,3,0,4,0,0,40,0.0,0.0,0.9670431,0.0,0.9743371297168271,0.0,0.9852533,0.0,0.9821220594613431,0,0.9997919
39,2,3,1,0,1,1,40,0.0,0.0,0.7760284,0.0,0.6982123750476055,0.0,0.7670251,0.0,0.7492192642783739,0,0.8142412
31,3,4,2,4,1,0,25,0.0,0.0,0.9352946,0.0,0.9574369057882597,0.0,0.8779794,0.0,0.8649994603749398,0,0.99488443
41,0,7,3,2,1,1,7,0.0,0.0,0.9791062,0.0,0.963291845462571,0.0,0.98711073,0.0,0.975398590310029,0,0.99999857
29,2,3,3,5,1,0,38,0.0,0.0,0.9881746,0.0,0.9887765163857948,0.0,0.99067634,0.0,0.9899697592334556,0,0.99983096
41,2,3,1,5,1,1,40,1.0,0.0,0.56450844,1.0,0.47715679791118204,0.0,0.5695225,0.0,0.6032148183164494,1,0.11309799
25,2,3,3,0,1,1,40,0.0,0.0,0.990292,0.0,0.9833924674745405,0.0,0.9884554,0.0,0.9894470222177112,0,0.9998006
22,2,6,3,0,0,1,50,0.0,0.0,0.9956419,0.0,0.9760677289693485,0.0,0.9842261,0.0,0.9871365148297145,0,0.99981827
33,0,4,1,0,0,1,40,0.0,0.0,0.5324076,1.0,0.33441877170253187,1.0,0.34538496,1.0,0.4929680864687318,1,0.0010641821
19,2,6,3,3,0,0,32,0.0,0.0,0.99955356,0.0,0.9881093766062075,0.0,0.99625367,0.0,0.9899697592334556,0,0.999851
19,1,3,3,1,1,1,40,0.0,0.0,0.9964649,0.0,0.9882540268366943,0.0,0.9895151,0.0,0.9723972561813904,0,0.99998164
19,2,7,3,4,1,0,20,0.0,0.0,0.9977745,0.0,0.9894253245275266,0.0,0.9926937,0.0,0.9899153546152761,0,0.99982846
22,2,0,3,5,0,1,40,0.0,0.0,0.9739667,0.0,0.980322052748678,0.0,0.9716576,0.0,0.9718778216710049,0,0.99983025
38,2,0,1,0,1,1,40,0.0,0.0,0.6512755,0.0,0.6044789158550797,0.0,0.67441964,0.0,0.6440673257910199,1,0.3058065
32,2,3,1,0,1,1,40,0.0,0.0,0.8232053,0.0,0.8260061073058818,0.0,0.85792804,0.0,0.8514576748514968,0,0.9559918
40,2,0,0,2,1,0,32,0.0,0.0,0.91946256,0.0,0.9176525585983735,0.0,0.97448695,0.0,0.976598331993019,0,0.99988997
21,2,7,1,0,1,1,20,0.0,0.0,0.9445611,0.0,0.9517389789915063,0.0,0.9683385,0.0,0.9331639637004836,0,0.9961333
44,2,6,0,0,1,0,40,0.0,0.0,0.98959136,0.0,0.968406144169175,0.0,0.98455477,0.0,0.9810567097828234,0,0.9998118
44,3,1,3,3,1,1,42,0.0,0.0,0.8021828,0.0,0.7167087469918307,0.0,0.81563354,0.0,0.7352380327771944,0,0.81063825
17,2,6,3,0,1,1,10,0.0,0.0,0.99999577,0.0,0.9929011782440854,0.0,0.9962762,0.0,0.9899697592334556,0,0.99984777
41,2,1,3,0,1,1,40,0.0,0.0,0.8862846,0.0,0.934126206634972,0.0,0.940964,0.0,0.9459310131176114,0,0.99972254
56,0,7,1,5,0,1,40,0.0,1.0,0.43071717,1.0,0.46359476807005806,1.0,0.24594235,1.0,0.3541886461833762,1,0.000104499115
23,3,3,0,4,1,0,50,0.0,0.0,0.9669107,0.0,0.9716926114249748,0.0,0.9322688,0.0,0.930597877403704,0,0.9995977
21,2,7,3,3,1,1,35,0.0,0.0,0.99535835,0.0,0.9831899388308786,0.0,0.99564946,0.0,0.9899697592334556,0,0.9998472
57,0,3,0,0,0,0,30,0.0,0.0,0.95685065,0.0,0.9591366980389788,0.0,0.98742795,0.0,0.9699410371488052,0,0.9999554
56,2,6,1,0,1,1,26,0.0,0.0,0.91007435,0.0,0.9044106869171542,0.0,0.9151982,0.0,0.9004344935051195,0,0.99177295
41,2,3,0,0,1,1,55,0.0,0.0,0.911857,0.0,0.9206620447594926,0.0,0.9271402,0.0,0.930597877403704,0,0.9994578
49,2,7,1,5,1,1,40,0.0,1.0,0.38357985,1.0,0.43045946786033706,1.0,0.3633535,1.0,0.3975429834962415,1,2.0770685e-06
37,2,1,1,3,1,1,40,1.0,1.0,0.34164333,1.0,0.2913296187069587,1.0,0.37738818,1.0,0.37225333932314586,1,1.2141876e-05
36,2,7,0,5,1,1,45,0.0,0.0,0.8419012,0.0,0.8596675884636902,0.0,0.9478465,0.0,0.9664435693132375,0,0.99989796
71,2,3,1,4,1,1,20,0.0,0.0,0.7530611,0.0,0.8360874611193756,0.0,0.62171644,0.0,0.6751060285114975,1,0.31316274
47,2,7,1,5,1,0,35,0.0,0.0,0.6313466,0.0,0.511645579253402,0.0,0.50091624,1.0,0.49917765223175425,1,0.0015727842
22,2,3,3,3,1,0,40,0.0,0.0,0.9944417,0.0,0.9871585671161383,0.0,0.98935986,0.0,0.9899697592334556,0,0.9998037
32,1,6,4,1,1,0,40,0.0,0.0,0.991787,0.0,0.9719527896702926,0.0,0.9906715,0.0,0.9796861305431934,0,0.9999776
35,2,3,1,0,1,1,40,0.0,0.0,0.8028288,0.0,0.8285000847613533,0.0,0.8261456,0.0,0.8514576748514968,0,0.9466285
39,2,7,2,0,1,1,40,0.0,0.0,0.9502547,0.0,0.9158204243264216,0.0,0.9847648,0.0,0.9855313156610583,0,0.9998216
20,3,7,3,2,1,1,10,0.0,0.0,0.9962833,0.0,0.9744682799962923,0.0,0.9505378,0.0,0.9502508959801242,0,0.99998796
28,2,1,1,2,0,0,40,0.0,1.0,0.41281015,1.0,0.46907221642560337,1.0,0.4345292,1.0,0.42912908672360317,1,2.2169481e-06
37,2,3,3,0,1,1,40,0.0,0.0,0.9799618,0.0,0.9750964937827985,0.0,0.9878758,0.0,0.9894470222177112,0,0.9997993
43,0,7,0,5,1,0,40,0.0,0.0,0.911695,0.0,0.9615561864651536,0.0,0.9696425,0.0,0.96105553376129,0,0.99992764
40,2,1,1,4,1,1,40,1.0,1.0,0.39762735,1.0,0.31629130955638607,1.0,0.37971932,1.0,0.48644883690641993,1,0.0005972058
31,2,3,2,5,1,0,12,0.0,0.0,0.9851139,0.0,0.9805635560987624,0.0,0.988777,0.0,0.9899697592334556,0,0.99980587
29,2,7,1,0,1,1,20,0.0,0.0,0.89330626,0.0,0.9118674999608722,0.0,0.893526,0.0,0.9082516494336265,0,0.9913965
54,2,7,3,3,0,1,41,0.0,0.0,0.8745632,0.0,0.7811613070070083,0.0,0.8831508,0.0,0.926633468670812,0,0.9997657
67,3,1,1,5,1,1,75,1.0,1.0,0.16250122,1.0,0.27806256189241396,1.0,0.2570899,1.0,0.2777126780417397,1,8.359345e-07
31,2,3,2,5,1,1,45,0.0,0.0,0.9189173,0.0,0.9231104738744783,0.0,0.92317533,0.0,0.9194849219856454,0,0.9989403
23,3,7,3,2,1,1,50,0.0,0.0,0.9602638,0.0,0.897421036586334,0.0,0.9848012,0.0,0.9403846049458734,0,0.9999912
70,2,6,1,0,1,0,40,0.0,0.0,0.8682495,0.0,0.908598481975273,0.0,0.88604987,0.0,0.8353922115138697,0,0.9141329
44,2,1,1,2,1,1,40,0.0,1.0,0.27494723,1.0,0.22944177725783532,1.0,0.20893234,1.0,0.2169214577962687,1,5.2812527e-07
24,3,3,2,4,1,0,50,0.0,0.0,0.9621487,0.0,0.9724974537591565,0.0,0.8639097,0.0,0.9236533945157093,0,0.99908483
38,0,7,3,2,1,1,40,0.0,0.0,0.93241364,0.0,0.9526292249675108,0.0,0.8867227,0.0,0.947127155480131,0,0.99999714
21,2,7,3,3,1,0,16,0.0,0.0,0.9979301,0.0,0.9857313578244267,0.0,0.9945077,0.0,0.9899697592334556,0,0.99985075
30,2,1,3,5,1,1,40,0.0,0.0,0.86723495,0.0,0.9159910666903038,0.0,0.90276265,0.0,0.940497028890205,0,0.9997305
42,2,1,1,5,1,1,40,0.0,1.0,0.25774908,1.0,0.19296494848668921,1.0,0.16101694,1.0,0.20861537804017338,1,4.6556158e-07
26,3,3,1,5,1,1,40,0.0,0.0,0.7238071,0.0,0.7299818066089785,0.0,0.71548843,0.0,0.724995034244779,0,0.52763885
27,2,7,1,5,1,1,80,0.0,1.0,0.3442316,1.0,0.34418486615954336,1.0,0.32204413,1.0,0.33579711115011246,1,6.518392e-07
58,0,1,1,2,0,1,40,0.0,1.0,0.30903786,1.0,0.1826964380057775,1.0,0.17907888,1.0,0.31982960981126374,1,6.362468e-06
42,0,7,1,4,1,1,52,1.0,1.0,0.46092296,1.0,0.449811221803354,1.0,0.47848612,1.0,0.4613666350833958,1,2.7363862e-05
41,2,4,1,2,1,1,40,0.0,1.0,0.21171588,1.0,0.23573652165643844,1.0,0.25455254,1.0,0.26953338700753093,1,6.137389e-07
60,2,3,1,3,1,1,40,0.0,1.0,0.45880508,0.0,0.6336928232375562,0.0,0.56994224,0.0,0.5494164969838116,1,0.032105256
24,2,1,3,2,1,0,8,0.0,0.0,0.98300344,0.0,0.9785122600132262,0.0,0.9274044,0.0,0.976598331993019,0,0.99988806
35,2,6,0,0,1,0,40,0.0,0.0,0.99217737,0.0,0.9761139564671575,0.0,0.98600286,0.0,0.9810567097828234,0,0.9998197
55,3,7,1,3,1,1,40,1.0,1.0,0.47804677,0.0,0.6285562784251189,1.0,0.43225884,1.0,0.4201130749948586,1,1.8729621e-05
20,2,7,3,3,1,0,20,0.0,0.0,0.9978905,0.0,0.9857313578244267,0.0,0.9957542,0.0,0.9899697592334556,0,0.99985135
57,2,1,1,5,1,1,50,1.0,1.0,0.12752146,1.0,0.12143120280358,1.0,0.21222544,1.0,0.17734971812946598,1,5.7497067e-07
17,2,6,3,4,1,1,20,0.0,0.0,0.99999356,0.0,0.9920535493608422,0.0,0.9961801,0.0,0.9894470222177112,0,0.9998349
59,2,6,1,4,1,1,40,0.0,0.0,0.84438074,0.0,0.9140362618987469,0.0,0.8424984,0.0,0.8228240440172282,0,0.89871234
52,2,7,1,2,1,1,40,0.0,1.0,0.36034775,1.0,0.2893480471837093,1.0,0.422657,1.0,0.3372533111926278,1,1.193626e-06
42,2,3,1,4,1,1,40,0.0,0.0,0.72960526,0.0,0.7209946279226344,0.0,0.6972116,0.0,0.7493249640383775,0,0.5455594
24,2,3,3,0,0,0,30,0.0,0.0,0.9958579,0.0,0.9904996688364239,0.0,0.9920429,0.0,0.9899697592334556,0,0.9998192
17,2,6,3,0,1,1,30,0.0,0.0,0.99999154,0.0,0.9918337822068996,0.0,0.99540484,0.0,0.9894470222177112,0,0.9998454
25,2,7,3,0,1,1,20,0.0,0.0,0.9959019,0.0,0.988162661204809,0.0,0.99629104,0.0,0.9899697592334556,0,0.9998567
52,2,3,1,5,1,1,55,1.0,1.0,0.32198364,1.0,0.3215874190874689,1.0,0.4178555,1.0,0.4957414993598176,1,0.00031117426
30,2,7,3,4,0,0,40,0.0,0.0,0.9844398,0.0,0.9891407869110371,0.0,0.984118,0.0,0.9861709950891865,0,0.9997969
53,3,5,3,2,0,1,40,1.0,0.0,0.6806284,1.0,0.3878432223083983,1.0,0.37899625,0.0,0.6248176729331398,1,0.00020884705
38,2,6,0,0,1,0,40,0.0,0.0,0.99129254,0.0,0.9735693252978947,0.0,0.9855867,0.0,0.9810567097828234,0,0.99981743
25,2,1,3,0,1,1,50,1.0,0.0,0.9139877,0.0,0.9118899949232436,0.0,0.91157895,0.0,0.9297336253127485,0,0.99953055
33,2,4,1,5,1,0,50,1.0,1.0,0.20634139,1.0,0.1338228019647404,1.0,0.2008397,1.0,0.2360567953122279,1,5.8105854e-07
22,2,6,3,0,1,1,40,0.0,0.0,0.997659,0.0,0.9838383863321433,0.0,0.9927615,0.0,0.9894470222177112,0,0.9998388
37,2,7,1,0,0,1,40,1.0,0.0,0.7448877,0.0,0.7198150747187128,0.0,0.70754004,0.0,0.6749041830305667,0,0.584974
43,0,4,1,2,1,1,40,1.0,1.0,0.24449587,1.0,0.17476764141367218,1.0,0.22610795,1.0,0.22632048031035357,1,6.547387e-07
36,2,6,0,0,1,1,56,0.0,0.0,0.97154266,0.0,0.944748249765871,0.0,0.9583901,0.0,0.9565107056576201,0,0.9997501
27,2,7,3,5,1,0,56,0.0,0.0,0.94494116,0.0,0.9773901682462696,0.0,0.9566564,0.0,0.9623879299343192,0,0.999887
17,2,6,3,3,1,1,20,0.0,0.0,0.9999939,0.0,0.9895336339075417,0.0,0.99629074,0.0,0.9894470222177112,0,0.99984753
58,2,6,3,0,1,1,40,0.0,0.0,0.9843002,0.0,0.9568615478469642,0.0,0.99078745,0.0,0.9810567097828234,0,0.999811
37,3,7,3,0,1,1,40,0.0,0.0,0.96760535,0.0,0.9635094415100893,0.0,0.9879615,0.0,0.969195036166044,0,0.9999691
37,2,1,1,5,1,1,40,1.0,1.0,0.29709935,1.0,0.2516213072190284,1.0,0.26006144,1.0,0.25186681840456826,1,5.200386e-07
45,0,3,0,0,1,1,48,0.0,0.0,0.9175204,0.0,0.922163352069488,0.0,0.9374723,0.0,0.9246791216813484,0,0.99979025
45,2,1,1,5,1,1,60,1.0,1.0,0.14458948,1.0,0.12979690600194804,1.0,0.2122482,1.0,0.15508180428082907,1,5.337598e-07
26,2,1,3,2,1,1,50,1.0,0.0,0.82820666,0.0,0.8186048037301075,0.0,0.8642542,0.0,0.8359198996307794,0,0.998524
49,2,3,0,5,1,0,38,0.0,0.0,0.95069957,0.0,0.9721945577415163,0.0,0.955717,0.0,0.9699800296637174,0,0.99973327
22,1,3,3,1,1,0,40,0.0,0.0,0.9941486,0.0,0.9891270118420424,0.0,0.99348575,0.0,0.9708045858893397,0,0.99998283
81,1,1,4,1,1,1,5,0.0,0.0,0.95524913,0.0,0.8711751691422591,0.0,0.85514534,0.0,0.8819722539232089,0,0.9373586
23,2,3,0,0,1,1,60,0.0,0.0,0.95385295,0.0,0.9375799725394124,0.0,0.9445641,0.0,0.9455134839257379,0,0.9996259
40,0,1,1,2,1,1,60,1.0,1.0,0.26174778,1.0,0.3653846525544229,1.0,0.3231228,1.0,0.35084483764801966,1,3.7694062e-06
29,2,3,3,0,1,1,45,0.0,0.0,0.9785855,0.0,0.9789391582440541,0.0,0.9797794,0.0,0.9822797689092981,0,0.9997806
49,2,1,1,5,1,0,40,1.0,1.0,0.31918615,1.0,0.2888612244247052,1.0,0.19916564,1.0,0.24816688393749908,1,5.078437e-07
22,2,0,3,5,1,0,27,0.0,0.0,0.9881122,0.0,0.9803322069541799,0.0,0.99046403,0.0,0.9833876280362505,0,0.9998599
46,2,0,1,0,1,1,42,0.0,0.0,0.53269863,0.0,0.5556047992063734,1.0,0.45466244,0.0,0.5309679499908395,1,0.028598614
49,0,4,4,2,1,0,20,0.0,0.0,0.7773454,0.0,0.8718964563533343,0.0,0.83066785,0.0,0.9278785899898205,0,0.9997923
35,2,3,0,0,1,1,60,0.0,0.0,0.918744,0.0,0.9303496136058219,0.0,0.9235775,0.0,0.9233597851160676,0,0.9994566
60,1,1,1,1,0,1,40,0.0,0.0,0.6219702,0.0,0.5265518220188798,1.0,0.3866123,1.0,0.4378202209301243,1,0.0006645034
21,2,7,3,4,1,0,50,0.0,0.0,0.9807737,0.0,0.9851842534279796,0.0,0.9735936,0.0,0.9782293111938803,0,0.999782
48,2,1,1,5,1,1,55,1.0,1.0,0.1423468,1.0,0.12732101387179673,1.0,0.21860647,1.0,0.16465062513605178,1,5.4290723e-07
51,0,3,2,4,0,1,40,0.0,0.0,0.9125655,0.0,0.9379536452157521,0.0,0.92754865,0.0,0.9184190637074466,0,0.9994024
50,0,1,3,2,1,0,40,1.0,0.0,0.8536495,0.0,0.9003827564761627,0.0,0.84517473,0.0,0.889436117885596,0,0.8383779
68,2,3,3,3,1,0,30,0.0,0.0,0.979982,0.0,0.9700919250978723,0.0,0.980093,0.0,0.9775831287492843,0,0.99974364
48,3,3,1,0,1,1,60,1.0,0.0,0.63455963,0.0,0.638351891227073,0.0,0.61327225,0.0,0.6081581843237006,1,0.062845126
42,1,6,1,1,1,1,15,0.0,0.0,0.95767176,0.0,0.9127126125042668,0.0,0.9900185,0.0,0.9709138368711898,0,0.9999552
37,0,0,1,5,1,1,40,1.0,1.0,0.4585312,1.0,0.41975143730378894,1.0,0.4490645,1.0,0.4780519648686774,1,0.0010440637
22,2,0,3,4,1,0,40,0.0,0.0,0.9855516,0.0,0.9818576020704293,0.0,0.99009115,0.0,0.9855313156610583,0,0.9998172
35,2,7,4,5,1,0,30,0.0,0.0,0.94901896,0.0,0.9747750068660668,0.0,0.979879,0.0,0.9804352144308928,0,0.9999448
39,0,0,1,4,1,1,48,1.0,1.0,0.47500533,0.0,0.5198984050527392,1.0,0.2742083,1.0,0.4733838416292323,1,0.00062765717
51,2,3,0,4,0,1,32,0.0,0.0,0.9655628,0.0,0.9716212325132916,0.0,0.99279666,0.0,0.9855313156610583,0,0.9998129
39,3,1,1,2,1,1,50,0.0,1.0,0.2978505,1.0,0.2785734813632864,1.0,0.19960737,1.0,0.1667753247707966,1,5.289802e-07
23,2,3,3,4,0,1,16,0.0,0.0,0.9982388,0.0,0.9883363828246616,0.0,0.9924109,0.0,0.989972401351476,0,0.9998265
27,2,3,1,3,1,1,50,0.0,0.0,0.65457225,0.0,0.6086499492701004,0.0,0.69518834,0.0,0.6482283831182719,1,0.40496978
20,2,7,3,3,1,1,20,0.0,0.0,0.9977371,0.0,0.9831899388308786,0.0,0.9957542,0.0,0.9899697592334556,0,0.99985135
63,2,3,1,3,1,1,35,0.0,0.0,0.57156444,0.0,0.7808626176172808,0.0,0.60301787,0.0,0.5931124007866375,1,0.15005235
25,2,4,3,2,1,0,40,0.0,0.0,0.86012393,0.0,0.9361920254192682,0.0,0.87080485,0.0,0.8211969698183136,0,0.9985567
24,2,1,3,5,1,0,15,0.0,0.0,0.9822403,0.0,0.9803101414310776,0.0,0.97343224,0.0,0.9803116554264825,0,0.9999056
24,2,1,1,3,0,1,30,0.0,0.0,0.7261039,0.0,0.6931234784136372,0.0,0.6996669,0.0,0.6342640684749676,1,0.23069367
28,2,3,2,3,0,0,40,0.0,0.0,0.9780122,0.0,0.9811202805145894,0.0,0.9757806,0.0,0.9821220594613431,0,0.99971515
34,3,0,1,2,1,0,25,1.0,0.0,0.59283006,0.0,0.5402311331820153,0.0,0.6465337,0.0,0.6085347801735717,1,0.10017065
27,2,3,3,4,1,0,32,0.0,0.0,0.99524605,0.0,0.9892801625417981,0.0,0.99186546,0.0,0.989972401351476,0,0.9998235
23,2,6,3,0,1,1,55,0.0,0.0,0.99395037,0.0,0.9722865225717117,0.0,0.98205703,0.0,0.9797648957120151,0,0.999813
42,2,3,1,0,1,1,40,0.0,0.0,0.7583478,0.0,0.6982123750476055,0.0,0.7354886,0.0,0.7492192642783739,0,0.77361405
23,2,7,3,4,1,0,15,0.0,0.0,0.9971774,0.0,0.989689073089029,0.0,0.9905231,0.0,0.9899180109183517,0,0.99982846
34,0,4,3,2,0,0,24,0.0,0.0,0.909602,0.0,0.9114614090750196,0.0,0.96354187,0.0,0.9589482105844862,0,0.99997294
46,2,3,1,0,1,1,40,1.0,0.0,0.7341112,0.0,0.6837855917369307,0.0,0.72430074,0.0,0.7277306171796802,0,0.6935551
21,2,0,3,5,1,1,40,0.0,0.0,0.97136444,0.0,0.9844922575077005,0.0,0.9737192,0.0,0.9754234720423276,0,0.9998348
22,2,1,3,5,0,0,40,0.0,0.0,0.954535,0.0,0.9642002923381588,0.0,0.94272894,0.0,0.9648402724570817,0,0.9998241
61,0,2,1,2,1,1,40,1.0,1.0,0.14850885,1.0,0.1361208853030882,1.0,0.34361088,1.0,0.2818134524505054,1,1.4426696e-05
38,2,7,0,5,1,0,40,0.0,0.0,0.93891907,0.0,0.9633951012301842,0.0,0.9743091,0.0,0.9748208407418906,0,0.9999404
24,2,3,3,4,1,1,30,0.0,0.0,0.9963122,0.0,0.9886988764482739,0.0,0.9920277,0.0,0.989972401351476,0,0.9998242
20,2,7,1,3,1,0,30,0.0,0.0,0.9434769,0.0,0.9474933125969891,0.0,0.8835005,0.0,0.9034939278982623,0,0.9752818
20,2,3,3,4,1,0,30,0.0,0.0,0.9975268,0.0,0.9900602327076536,0.0,0.99208283,0.0,0.9899697592334556,0,0.999824
26,2,7,3,3,1,1,45,0.0,0.0,0.96950245,0.0,0.9665852996781459,0.0,0.9649072,0.0,0.9788270646952698,0,0.99979335
33,0,7,3,4,1,0,10,0.0,0.0,0.995423,0.0,0.9852375969296209,0.0,0.9567476,0.0,0.9725912738142168,0,0.9999912
22,2,0,3,5,1,0,40,0.0,0.0,0.974108,0.0,0.977927941313297,0.0,0.9716576,0.0,0.9718778216710049,0,0.99983025
63,0,1,0,0,0,1,35,0.0,0.0,0.84794164,0.0,0.7858665002429671,0.0,0.9599383,0.0,0.9222803545163812,0,0.9996898
27,0,3,2,5,0,0,40,0.0,0.0,0.94357896,0.0,0.9539680363857129,0.0,0.95368886,0.0,0.9494091321804913,0,0.99988127
36,2,7,1,5,1,1,40,1.0,0.0,0.52041805,0.0,0.5448592900191522,0.0,0.55461574,0.0,0.526414476030916,1,0.0029997546
30,0,4,1,2,1,0,50,1.0,1.0,0.24502343,1.0,0.2824932840404726,1.0,0.2091999,1.0,0.25485798688239725,1,7.6593e-07
49,3,7,1,5,1,1,50,1.0,1.0,0.35812646,1.0,0.32301861159583267,1.0,0.29762095,1.0,0.28863606251836593,1,7.4872406e-07
41,2,4,3,5,1,0,40,0.0,0.0,0.8145586,0.0,0.6556746109861845,0.0,0.6285064,0.0,0.678144407622059,1,0.1697153
36,2,3,1,0,1,1,60,1.0,0.0,0.6184938,0.0,0.679012321207372,0.0,0.62558043,0.0,0.6307793578535944,1,0.2064237
42,2,7,1,2,1,1,50,0.0,1.0,0.32973123,1.0,0.3018736264412414,1.0,0.42058426,1.0,0.4130462271653236,1,9.3491013e-07
59,0,4,3,5,1,1,40,0.0,0.0,0.6261842,1.0,0.37026478819492914,0.0,0.6636534,0.0,0.6384977873312487,1,0.44259593
35,1,7,3,1,0,1,30,0.0,0.0,0.99166167,0.0,0.9728727408720124,0.0,0.98833066,0.0,0.9797728347232381,0,0.9999759
63,2,3,1,5,0,1,40,0.0,1.0,0.46129662,1.0,0.4287561203524981,1.0,0.4529667,0.0,0.5416101856000661,1,0.0023725147
54,3,1,1,5,1,1,40,1.0,1.0,0.2749275,1.0,0.25871308541720717,1.0,0.25062758,1.0,0.21881943864007558,1,6.536357e-07
20,2,3,3,5,0,0,40,0.0,0.0,0.9921738,0.0,0.9882517227090768,0.0,0.9899927,0.0,0.9899697592334556,0,0.9998299
39,2,6,1,4,1,1,40,0.0,0.0,0.914177,0.0,0.9274081111960644,0.0,0.8964994,0.0,0.9074356026692267,0,0.99069095
19,2,7,3,5,1,0,20,0.0,0.0,0.9963515,0.0,0.9888483270304173,0.0,0.99145573,0.0,0.9852089956246377,0,0.9999068
22,2,3,3,0,1,1,16,0.0,0.0,0.9982812,0.0,0.9903303968773808,0.0,0.9924634,0.0,0.9899697592334556,0,0.999824
19,2,7,3,5,1,0,40,0.0,0.0,0.98916256,0.0,0.9886839775798411,0.0,0.9887605,0.0,0.9822451591143219,0,0.9999181
41,2,3,3,0,1,1,50,0.0,0.0,0.957871,0.0,0.956574954095238,0.0,0.9400717,0.0,0.9487925727338911,0,0.9996587
46,2,7,1,3,1,1,40,1.0,0.0,0.5189107,1.0,0.47277673595869474,1.0,0.39061338,1.0,0.4949088791237174,1,0.008238584
41,2,4,1,2,1,1,50,1.0,1.0,0.1626609,1.0,0.18924675272249147,1.0,0.22897762,1.0,0.18398767827427376,1,5.3336805e-07
90,1,6,2,1,1,0,15,0.0,0.0,0.989155,0.0,0.9484730484609318,0.0,0.9369453,0.0,0.8906141535005158,0,0.99501234
24,0,7,0,5,0,0,25,0.0,0.0,0.9810542,0.0,0.9717714563325903,0.0,0.99136084,0.0,0.9606066283409187,0,0.99998856
50,0,6,2,0,1,1,56,0.0,0.0,0.9715439,0.0,0.9316785988786223,0.0,0.9176125,0.0,0.9616298239367893,0,0.99995494
59,0,3,1,5,1,1,40,1.0,1.0,0.47805536,1.0,0.4525612710702581,0.0,0.5456413,1.0,0.49775026998235283,1,0.0011208331
31,2,3,1,4,1,1,40,0.0,0.0,0.8084476,0.0,0.8063429038605611,0.0,0.8442126,0.0,0.8409292569353357,0,0.92323905
50,2,7,1,3,1,1,50,0.0,1.0,0.33667397,1.0,0.333864974152414,0.0,0.56631565,1.0,0.3928071743474405,1,5.112958e-06
41,2,3,0,5,1,0,40,0.0,0.0,0.9442176,0.0,0.9705967843936908,0.0,0.938548,0.0,0.9533127576907828,0,0.99965584
69,1,3,1,1,1,1,45,1.0,0.0,0.64948684,0.0,0.7568453780862102,0.0,0.7101175,0.0,0.5744117062847306,1,0.27226782
30,2,3,3,0,1,1,40,0.0,0.0,0.9855619,0.0,0.9806113063845955,0.0,0.98855317,0.0,0.9894470222177112,0,0.999801
34,2,3,1,0,1,1,30,0.0,0.0,0.89160806,0.0,0.8789739544887941,0.0,0.9127238,0.0,0.8921162201540952,0,0.99196094
38,0,7,0,4,0,0,40,1.0,0.0,0.9545805,0.0,0.9719412200381358,0.0,0.9498054,0.0,0.9762861961855488,0,0.99999166
23,2,7,3,5,0,1,40,0.0,0.0,0.9811843,0.0,0.9827144567181303,0.0,0.9902885,0.0,0.9812783465240715,0,0.99993646
50,0,1,0,2,0,0,40,0.0,0.0,0.8180651,0.0,0.7849304792137826,0.0,0.9075597,0.0,0.8838443705555271,0,0.9597537
19,1,7,3,1,1,0,24,0.0,0.0,0.9967374,0.0,0.9894550847293911,0.0,0.99201083,0.0,0.979953371400512,0,0.99998057
60,2,1,1,5,1,1,45,1.0,1.0,0.13303226,1.0,0.13114360810971404,1.0,0.21414042,1.0,0.17734971812946598,1,5.6508685e-07
42,2,3,2,4,1,0,25,0.0,0.0,0.9817818,0.0,0.9826674961644181,0.0,0.989208,0.0,0.9821267314608476,0,0.9997929
37,2,6,0,5,1,0,35,0.0,0.0,0.99070615,0.0,0.9789019841641937,0.0,0.9865206,0.0,0.979291268642183,0,0.9998822
18,0,3,3,4,1,1,25,0.0,0.0,0.9970174,0.0,0.9825185734786344,0.0,0.9928702,0.0,0.9894470222177112,0,0.99983776
21,2,0,3,0,1,1,15,0.0,0.0,0.9958983,0.0,0.986490299437161,0.0,0.9956129,0.0,0.9899697592334556,0,0.99984944
27,2,0,3,3,1,1,52,0.0,0.0,0.926435,0.0,0.9369827059998019,0.0,0.90552825,0.0,0.9297251383911993,0,0.9994941
46,2,7,0,0,1,1,55,0.0,0.0,0.8499648,0.0,0.830805288680701,0.0,0.95902425,0.0,0.8977641596694296,0,0.9997943
37,2,0,1,0,1,1,40,1.0,0.0,0.6588026,0.0,0.5823664828992587,0.0,0.67021734,0.0,0.6440673257910199,1,0.3231374
31,2,0,1,2,1,1,40,0.0,1.0,0.48132837,0.0,0.5109797960685933,0.0,0.53772146,0.0,0.5197273029885814,1,0.005410602
44,2,6,1,0,1,1,40,0.0,0.0,0.88653105,0.0,0.8788608840849278,0.0,0.89582634,0.0,0.894325481484722,0,0.98811907
37,2,3,1,0,1,1,35,0.0,0.0,0.8644974,0.0,0.8406956342680816,0.0,0.83568364,0.0,0.8899013461777947,0,0.9832344
62,3,1,0,2,1,0,40,1.0,0.0,0.7751293,0.0,0.6773843787597889,0.0,0.59247863,0.0,0.7873350476872434,1,0.13308084
24,3,7,1,0,1,1,60,0.0,0.0,0.7154156,0.0,0.7287123769057248,0.0,0.6359707,0.0,0.6690345621888074,1,0.32375038
31,2,3,3,0,1,1,45,0.0,0.0,0.97642183,0.0,0.9753045504908815,0.0,0.9790771,0.0,0.9798850381716767,0,0.9997789
19,2,3,3,0,1,0,34,0.0,0.0,0.99759597,0.0,0.9906609617404107,0.0,0.99172974,0.0,0.9894470222177112,0,0.99981505
43,0,0,1,2,1,0,40,1.0,1.0,0.45993024,1.0,0.4164592492657154,1.0,0.4752972,1.0,0.45934873490162154,1,4.577048e-06
23,2,1,3,5,1,0,60,0.0,0.0,0.8751143,0.0,0.9442634422221456,0.0,0.7472743,0.0,0.8190130947093022,0,0.9866637
31,0,7,0,4,1,1,40,1.0,0.0,0.9393916,0.0,0.9402425623766308,0.0,0.94510335,0.0,0.9754459199707809,0,0.9999913
38,2,3,2,4,1,1,35,0.0,0.0,0.9799111,0.0,0.9755421219186619,0.0,0.9857133,0.0,0.9821267314608476,0,0.99978167
55,2,3,1,3,1,1,40,0.0,1.0,0.492846,0.0,0.6139067186472099,1.0,0.44365537,0.0,0.5494164969838116,1,0.058568556
44,0,0,0,4,1,1,40,0.0,0.0,0.8538836,0.0,0.8388222005442338,0.0,0.9159074,0.0,0.9543360669607945,0,0.9999614
48,2,3,1,4,1,1,40,0.0,0.0,0.6877347,0.0,0.6963954620189583,0.0,0.68806314,0.0,0.6482283831182719,1,0.38721305
38,2,0,1,0,1,1,40,1.0,0.0,0.6512755,0.0,0.6044789158550797,0.0,0.67441964,0.0,0.6440673257910199,1,0.3058065
37,1,3,0,1,0,0,42,0.0,0.0,0.968696,0.0,0.9529854199086057,0.0,0.9765445,0.0,0.970815245816141,0,0.9999213
24,2,6,1,0,0,1,40,0.0,0.0,0.9632985,0.0,0.9527189698650792,0.0,0.962097,0.0,0.9520676065851291,0,0.99731547
37,2,6,0,0,1,0,40,0.0,0.0,0.99158597,0.0,0.9741470485068479,0.0,0.9857433,0.0,0.9810567097828234,0,0.99981827
56,2,3,0,0,1,0,40,0.0,0.0,0.9439512,0.0,0.9550359978030721,0.0,0.95102364,0.0,0.9548790638767506,0,0.99972314
47,0,7,1,4,1,1,40,1.0,0.0,0.5287579,1.0,0.36863238468288295,0.0,0.50923127,1.0,0.490652279879627,1,0.0030565157
46,2,0,1,5,1,1,40,0.0,1.0,0.3815372,1.0,0.3976675765467318,1.0,0.4374612,1.0,0.4287424044659518,1,3.6213245e-05
46,2,6,0,2,0,1,40,1.0,0.0,0.96013576,0.0,0.8027067822909191,0.0,0.9881903,0.0,0.9841391698907207,0,0.99991596
56,2,0,0,5,1,0,40,0.0,0.0,0.8648851,0.0,0.9256089466825921,0.0,0.8881199,0.0,0.8964819841244739,0,0.9996196
23,2,1,3,2,1,1,40,0.0,0.0,0.9181353,0.0,0.9266876072558534,0.0,0.9288538,0.0,0.9396191007371193,0,0.9997563
33,2,0,1,0,0,1,40,0.0,0.0,0.7617886,0.0,0.6442033454802143,0.0,0.70606565,0.0,0.6749041830305667,0,0.54101247
60,0,1,1,2,1,1,40,1.0,1.0,0.28917605,1.0,0.29829167552684654,1.0,0.20425004,1.0,0.31982960981126374,1,7.552006e-06
18,2,6,3,4,1,0,20,0.0,0.0,0.9996913,0.0,0.9897582726096436,0.0,0.996955,0.0,0.9899697592334556,0,0.999838
29,2,1,1,0,1,1,40,0.0,0.0,0.5249444,0.0,0.759249868437982,0.0,0.65171033,0.0,0.5740565666213246,1,0.10299486
21,2,7,3,3,1,0,25,0.0,0.0,0.9969777,0.0,0.9857313578244267,0.0,0.9956883,0.0,0.9899697592334556,0,0.99985063
31,2,7,1,0,1,1,50,0.0,0.0,0.6114216,0.0,0.6425956276131823,0.0,0.6594937,0.0,0.6355626975876217,1,0.23701255
46,2,4,1,2,1,1,35,1.0,1.0,0.2299264,1.0,0.2769604488382409,1.0,0.19501728,1.0,0.3942111547877859,1,8.520675e-07
37,2,3,1,0,0,1,40,0.0,0.0,0.8405197,0.0,0.8437937456002806,0.0,0.8224476,0.0,0.8194254020385872,0,0.92583656
20,2,3,1,0,1,1,48,0.0,0.0,0.8666463,0.0,0.8818191866689687,0.0,0.8683431,0.0,0.869067003213956,0,0.9670483
22,2,7,3,5,0,1,30,0.0,0.0,0.99293727,0.0,0.9861842716541874,0.0,0.9833837,0.0,0.9838241508629151,0,0.99992824
25,2,3,1,5,1,0,50,1.0,0.0,0.6971085,0.0,0.6617793696372343,0.0,0.62516904,0.0,0.6307793578535944,1,0.19111797
45,3,1,1,0,1,1,77,0.0,1.0,0.31943804,1.0,0.44975997164948467,1.0,0.33332342,1.0,0.36788844475412374,1,6.6196895e-07
26,0,1,3,2,1,1,55,0.0,0.0,0.848943,0.0,0.9001211830184328,0.0,0.962407,0.0,0.9152609842535215,0,0.9890709
48,2,2,1,2,1,1,40,1.0,1.0,0.14463198,1.0,0.1643911406022941,1.0,0.16751164,1.0,0.15384017125010752,1,4.2800065e-07
36,2,3,1,0,1,1,44,0.0,0.0,0.7277323,0.0,0.6568150660088252,0.0,0.7746136,0.0,0.7492192642783739,0,0.7358178
30,2,3,3,0,1,0,40,0.0,0.0,0.9874626,0.0,0.9850640505862723,0.0,0.98855317,0.0,0.9894470222177112,0,0.999801
29,2,7,1,4,1,1,40,0.0,0.0,0.78553027,0.0,0.7915963945241864,0.0,0.7526159,0.0,0.7762189909719104,0,0.7066419
31,2,1,3,4,1,1,40,0.0,0.0,0.93102777,0.0,0.9637172019358887,0.0,0.9691987,0.0,0.9532515708476583,0,0.9991603
57,3,5,1,2,0,1,50,1.0,1.0,0.14805543,1.0,0.14075352732521695,1.0,0.16684729,1.0,0.16576693693787514,1,6.353303e-07
29,1,6,1,1,1,0,40,0.0,0.0,0.9428433,0.0,0.9483481362412413,0.0,0.9528869,0.0,0.9577145538767766,0,0.9998634
47,2,3,0,0,1,0,60,0.0,0.0,0.9170386,0.0,0.9395644136113369,0.0,0.895202,0.0,0.8985250233550862,0,0.9988794
48,2,3,1,0,1,1,40,1.0,0.0,0.7218474,0.0,0.6568296298807168,0.0,0.7090225,0.0,0.7277306171796802,0,0.6056758
50,3,3,1,0,1,1,30,0.0,0.0,0.8392887,0.0,0.7819018708253838,0.0,0.7472925,0.0,0.7492192642783739,0,0.7876328
31,0,4,3,5,1,1,45,0.0,0.0,0.78591454,0.0,0.7742829328150017,0.0,0.7552877,0.0,0.8874479518709597,0,0.82947177
45,2,3,0,0,1,0,40,0.0,0.0,0.9590868,0.0,0.9660433884745656,0.0,0.9764134,0.0,0.9680756794968552,0,0.99977785
33,0,3,1,0,1,1,40,0.0,0.0,0.74938154,0.0,0.7620053727319418,0.0,0.8112961,0.0,0.7669591626878041,0,0.746367
26,2,3,3,5,1,0,50,0.0,0.0,0.97328156,0.0,0.9837357707476363,0.0,0.9428764,0.0,0.9548790638767506,0,0.9996679
67,2,6,1,0,1,1,16,0.0,0.0,0.91748065,0.0,0.9058334099604304,0.0,0.9092712,0.0,0.8932387922048165,0,0.9907012
37,2,7,0,0,1,1,52,0.0,0.0,0.8840212,0.0,0.8624264278968661,0.0,0.95924395,0.0,0.9496979247086612,0,0.99977595
23,2,1,3,4,1,1,35,0.0,0.0,0.98313504,0.0,0.9778035645327621,0.0,0.98274213,0.0,0.9822291735413189,0,0.9997627
53,2,1,1,0,1,1,40,1.0,1.0,0.37081409,1.0,0.42683267364223354,1.0,0.48576534,1.0,0.4415248864598833,1,1.8753233e-05
29,2,3,1,4,0,1,25,0.0,0.0,0.9186926,0.0,0.9291625540700399,0.0,0.9678844,0.0,0.9302389932316915,0,0.9947524
42,2,1,1,0,1,1,40,0.0,1.0,0.42393446,0.0,0.5679471966185892,1.0,0.37435853,1.0,0.4876161500448484,1,0.0016400558
40,2,7,1,3,1,1,60,1.0,1.0,0.3648035,1.0,0.36943910446951034,1.0,0.4222867,1.0,0.37857333324495746,1,1.4741398e-05
39,2,3,3,4,1,0,38,0.0,0.0,0.98985016,0.0,0.9882296509002012,0.0,0.9922207,0.0,0.9858769017447908,0,0.999818
25,3,7,3,4,1,0,22,0.0,0.0,0.9951681,0.0,0.9858787341232199,0.0,0.9926465,0.0,0.9887805545873848,0,0.99982005
51,2,6,0,0,1,1,40,0.0,0.0,0.974836,0.0,0.9570094641965053,0.0,0.9847521,0.0,0.9810567097828234,0,0.9998087
23,2,7,3,5,0,0,40,0.0,0.0,0.9836851,0.0,0.9850205492990751,0.0,0.9902885,0.0,0.9812783465240715,0,0.99993646
51,2,6,1,0,1,1,40,0.0,0.0,0.86781895,0.0,0.8922624294299901,0.0,0.8527765,0.0,0.8741853458116003,0,0.9702424
23,2,3,3,0,0,0,40,0.0,0.0,0.99310786,0.0,0.9798563646858517,0.0,0.988359,0.0,0.9894470222177112,0,0.99980026
40,2,3,1,0,1,1,30,0.0,0.0,0.8661699,0.0,0.8539181424765255,0.0,0.8272039,0.0,0.8866262214565888,0,0.9805166
28,2,1,3,5,1,1,60,1.0,0.0,0.74288785,0.0,0.685006986583979,0.0,0.63134384,0.0,0.6111504845794242,1,0.31669196
45,2,7,1,0,1,1,48,0.0,0.0,0.52053714,1.0,0.458018665638368,1.0,0.46610177,0.0,0.5309679499908395,1,0.025957996
46,0,1,1,4,1,1,40,1.0,1.0,0.39515,1.0,0.3192303355452505,1.0,0.393323,1.0,0.4296723924352551,1,1.2072701e-06
39,2,5,1,2,1,1,55,1.0,1.0,0.107724845,1.0,0.13524348852166723,1.0,0.17497104,1.0,0.20839569571408956,1,5.0911615e-07
45,0,1,3,4,0,0,40,0.0,0.0,0.9398955,0.0,0.9609285529532503,0.0,0.8719811,0.0,0.8872039252819308,0,0.9999279
51,2,0,4,2,0,0,40,0.0,0.0,0.84729743,0.0,0.8767233374198283,0.0,0.946432,0.0,0.9650423823747583,0,0.9998627
37,2,3,1,5,1,1,40,1.0,0.0,0.6032392,0.0,0.6209232743038732,0.0,0.6085237,0.0,0.6307793578535944,1,0.17316377
54,0,3,1,2,1,1,40,1.0,1.0,0.48437607,0.0,0.6360051138355566,0.0,0.50058997,1.0,0.4835666081719864,1,0.0007621795
47,3,1,1,5,1,1,30,0.0,1.0,0.38561887,1.0,0.29110506275050996,1.0,0.40170884,1.0,0.33770564948875115,1,9.179464e-07
34,3,5,2,2,1,1,48,1.0,0.0,0.56305915,1.0,0.31810959094406077,1.0,0.4441077,1.0,0.4846703031908932,1,9.907173e-06
55,0,4,1,5,1,1,55,1.0,1.0,0.12491304,1.0,0.09896650382559646,1.0,0.18684012,1.0,0.17438744092084313,1,9.4974695e-07
29,2,3,3,4,1,0,40,0.0,0.0,0.9897008,0.0,0.9890441191460503,0.0,0.9888747,0.0,0.985643797636976,0,0.9998134
40,2,0,0,2,1,0,40,1.0,0.0,0.89030075,0.0,0.8673589404935378,0.0,0.9659035,0.0,0.9765922493345995,0,0.9998845
21,1,7,3,1,1,0,35,0.0,0.0,0.99461997,0.0,0.9877892487148571,0.0,0.9935984,0.0,0.9793966789580807,0,0.9999796
37,2,1,3,2,1,0,45,0.0,0.0,0.8267307,0.0,0.8731467075311399,0.0,0.7775368,0.0,0.7624065860660194,0,0.8732443
49,0,7,1,0,1,1,40,1.0,0.0,0.5838813,0.0,0.6589103695044536,0.0,0.709733,0.0,0.6061963997773709,1,0.066283435
25,2,3,0,0,1,1,50,0.0,0.0,0.9604258,0.0,0.9484351590446737,0.0,0.96961063,0.0,0.9573538297068056,0,0.999736
35,2,3,1,5,1,0,42,1.0,0.0,0.6515088,0.0,0.5641901986575295,0.0,0.5971149,0.0,0.5988754903042048,1,0.075464964
37,2,7,1,0,1,1,50,1.0,0.0,0.557724,0.0,0.5376956529179806,0.0,0.5706532,0.0,0.566742125015939,1,0.103713274
17,0,6,3,2,1,0,20,0.0,0.0,0.9999598,0.0,0.9892124627066146,0.0,0.97483844,0.0,0.9742313351493582,0,0.9999819
43,2,3,1,3,1,1,40,0.0,0.0,0.6192845,0.0,0.5794282591310742,0.0,0.6150627,0.0,0.6307793578535944,1,0.22056095
41,2,7,1,0,0,1,40,0.0,0.0,0.71887326,0.0,0.6780227596407494,0.0,0.6798624,0.0,0.6440673257910199,1,0.32547796
61,2,7,0,4,0,1,40,0.0,0.0,0.8969161,0.0,0.9370740249598752,0.0,0.9685938,0.0,0.9751884553230167,0,0.9996629
19,1,6,3,1,1,0,35,0.0,0.0,0.99910104,0.0,0.9893166848354374,0.0,0.9841088,0.0,0.9789799114964779,0,0.9999902
40,2,3,0,4,1,0,35,0.0,0.0,0.9784049,0.0,0.9818705517155234,0.0,0.9922074,0.0,0.9855351098496185,0,0.99981505
18,1,6,3,1,0,1,30,0.0,0.0,0.9995913,0.0,0.9896678609142266,0.0,0.98225707,0.0,0.9785925934327934,0,0.99999285
28,2,1,1,5,1,0,50,1.0,1.0,0.32892513,1.0,0.29699922239596677,1.0,0.17131603,1.0,0.24740117469102585,1,4.769804e-07
59,3,1,1,3,1,1,55,1.0,1.0,0.21701664,1.0,0.2977983115709295,1.0,0.19919258,1.0,0.25126850516869537,1,4.927676e-07
37,3,1,0,3,1,0,60,0.0,0.0,0.8102952,0.0,0.7274285288628013,0.0,0.70264435,0.0,0.6781636613603701,0,0.63383716
34,2,6,1,0,1,1,40,0.0,0.0,0.9162012,0.0,0.9178588247684079,0.0,0.9354317,0.0,0.9283194095621534,0,0.9957879
47,0,0,1,5,1,0,35,0.0,0.0,0.5858251,1.0,0.4300475291951549,1.0,0.4465732,0.0,0.5270263864972256,1,0.0035581884
57,0,3,0,4,1,0,40,0.0,0.0,0.9326713,0.0,0.9260510897047386,0.0,0.9616223,0.0,0.9371076970899022,0,0.999257
23,3,6,3,0,1,1,50,0.0,0.0,0.9948165,0.0,0.9595191628505889,0.0,0.95814204,0.0,0.9699410371488052,0,0.9998585
19,1,7,3,1,1,1,15,0.0,0.0,0.9988355,0.0,0.9888645188946411,0.0,0.99450386,0.0,0.9795846740159107,0,0.9999831
30,0,7,3,0,0,0,40,0.0,0.0,0.979295,0.0,0.9799769670777538,0.0,0.980858,0.0,0.9754129549516817,0,0.9999939
62,2,2,0,2,1,1,50,1.0,1.0,0.37959218,1.0,0.395172839027498,1.0,0.39492553,1.0,0.39654312899913113,1,6.6565162e-06
42,0,7,1,0,0,1,40,0.0,0.0,0.68463606,0.0,0.689823225919652,0.0,0.6697278,0.0,0.6618390636709159,1,0.46811947
55,3,3,2,0,1,0,55,0.0,0.0,0.9376836,0.0,0.8913962002001098,0.0,0.74471366,0.0,0.8441616056498733,0,0.9496514
21,2,3,0,3,1,0,40,0.0,0.0,0.9894589,0.0,0.9786528070030089,0.0,0.98111534,0.0,0.9808173172732457,0,0.9997831
45,2,1,1,2,1,1,40,1.0,1.0,0.27148026,1.0,0.22219635801446658,1.0,0.21629256,1.0,0.21282889277308592,1,5.2800647e-07
50,3,5,1,2,1,1,75,1.0,1.0,0.11779183,1.0,0.1419850100932819,1.0,0.18036574,1.0,0.14895298862873085,1,6.2924187e-07
51,2,3,1,4,1,1,40,0.0,0.0,0.66943043,0.0,0.6949552298397721,0.0,0.70184433,0.0,0.6440673257910199,1,0.2671272
39,3,7,1,0,1,1,40,0.0,0.0,0.7034681,0.0,0.7067224651685716,0.0,0.60304,0.0,0.6825579628145674,1,0.3952668
45,2,7,1,0,1,1,40,0.0,0.0,0.6223489,0.0,0.6151284267507521,0.0,0.6087073,0.0,0.6342640684749676,1,0.22143923
38,2,7,1,0,0,1,40,0.0,0.0,0.7383243,0.0,0.7198150747187128,0.0,0.7036349,0.0,0.6749041830305667,0,0.5325438
35,1,6,1,1,1,0,35,0.0,0.0,0.9465467,0.0,0.9559956106182032,0.0,0.9731562,0.0,0.9632393347668314,0,0.9999255
53,2,7,1,0,1,1,40,1.0,0.0,0.5703994,0.0,0.5586646038855545,0.0,0.5109726,0.0,0.5309679499908395,1,0.04358893
27,2,0,1,4,1,0,38,0.0,0.0,0.85377526,0.0,0.7510753869071953,0.0,0.7465024,0.0,0.7922518692791971,0,0.8522502
46,0,5,1,4,1,1,40,1.0,1.0,0.2013976,1.0,0.4286753852461648,1.0,0.28179884,1.0,0.39188755187108293,1,6.435204e-07
75,1,6,1,1,1,1,25,0.0,0.0,0.90956426,0.0,0.8964059900242074,0.0,0.8791356,0.0,0.888234314461187,0,0.9976381
39,2,7,2,2,1,0,40,0.0,0.0,0.8888136,0.0,0.8804694776138695,0.0,0.9488946,0.0,0.9403540568184813,0,0.99994123
46,2,7,0,4,1,0,30,0.0,0.0,0.9738987,0.0,0.9726323421704027,0.0,0.9880816,0.0,0.9861709950891865,0,0.99979955
45,0,3,1,0,1,0,40,1.0,0.0,0.7560907,0.0,0.823874882984892,0.0,0.698282,0.0,0.6685263095257128,1,0.45268106
31,2,0,1,0,1,1,55,0.0,0.0,0.5909645,0.0,0.72685346479945,0.0,0.64820135,0.0,0.6307551497623776,1,0.19370517
31,2,3,1,0,1,1,45,0.0,0.0,0.75812507,0.0,0.7691203220238246,0.0,0.73834383,0.0,0.7674614178348953,0,0.7752385
47,2,1,1,3,0,1,40,1.0,1.0,0.35109174,1.0,0.28975206266486686,1.0,0.31254268,1.0,0.3088792071633458,1,5.123015e-07
47,0,4,0,2,1,0,45,0.0,0.0,0.717127,0.0,0.7968998240754457,0.0,0.795403,0.0,0.7912310500197715,0,0.76120543
64,3,6,1,4,1,1,25,0.0,0.0,0.8672746,0.0,0.8760993729296811,0.0,0.8795086,0.0,0.8867438078379057,0,0.9683566
42,2,1,0,3,1,1,45,0.0,0.0,0.6442239,0.0,0.5000393457184168,0.0,0.6302185,0.0,0.6671163263132251,0,0.8583249
40,3,4,1,5,1,0,30,1.0,1.0,0.37173736,0.0,0.5259831161632765,1.0,0.39475304,0.0,0.506522604686632,1,1.5162009e-05
45,2,6,0,3,1,0,40,0.0,0.0,0.98872215,0.0,0.9755580445014697,0.0,0.98782897,0.0,0.9871365148297145,0,0.9998134
56,2,6,4,0,1,1,20,0.0,0.0,0.98946476,0.0,0.9650935749126696,0.0,0.99675876,0.0,0.9894470222177112,0,0.99983656
21,0,6,3,4,0,1,20,0.0,0.0,0.99885494,0.0,0.9900330352554559,0.0,0.97489315,0.0,0.9781170923082846,0,0.99997413
40,2,3,3,5,1,0,45,0.0,0.0,0.9576007,0.0,0.9678701950223436,0.0,0.93991613,0.0,0.956274496162826,0,0.9995964
44,2,1,1,5,1,1,45,0.0,1.0,0.1869669,1.0,0.1405008266974741,1.0,0.20358461,1.0,0.22170631207000435,1,5.158086e-07
37,2,0,1,2,1,0,30,0.0,0.0,0.590306,1.0,0.37894831177456323,0.0,0.5013406,0.0,0.5833040902203064,1,0.021543993
55,3,3,1,5,1,1,45,1.0,1.0,0.4554512,1.0,0.47481224920712695,0.0,0.6393204,0.0,0.5512485517699304,1,0.00058229256
64,2,5,1,5,1,1,60,0.0,1.0,0.049657762,1.0,0.12292282413138822,1.0,0.1818245,1.0,0.23061764901169068,1,6.9262825e-07
56,2,3,1,0,1,1,45,0.0,0.0,0.5886589,0.0,0.512816124235823,0.0,0.5730388,0.0,0.6032148183164494,1,0.13969785
56,2,7,1,3,1,1,50,1.0,1.0,0.2930991,1.0,0.3514330509163929,1.0,0.4035055,1.0,0.3625257788269418,1,1.1247008e-06
60,2,6,1,3,1,1,40,0.0,0.0,0.72331405,0.0,0.7764333429742307,0.0,0.7875572,0.0,0.7723129182333668,0,0.85485315
40,3,3,1,0,1,1,84,0.0,0.0,0.61068845,0.0,0.6086366324340543,0.0,0.64041424,0.0,0.6032148183164494,1,0.05369107
41,0,0,2,0,1,1,50,0.0,0.0,0.8798142,0.0,0.9282013917327073,0.0,0.9047737,0.0,0.9076766285494915,0,0.99986255
34,3,3,1,2,1,1,51,0.0,0.0,0.5280913,1.0,0.48069494894451514,0.0,0.6167321,0.0,0.5355993011534386,1,0.006686124
40,0,3,1,5,1,1,40,1.0,0.0,0.5736848,0.0,0.5266606322986473,0.0,0.50849485,0.0,0.6221724221336338,1,0.102370545
21,2,3,3,4,1,0,30,0.0,0.0,0.9972086,0.0,0.9900602327076536,0.0,0.9920653,0.0,0.989972401351476,0,0.9998242
29,2,6,1,5,1,0,40,0.0,0.0,0.90577036,0.0,0.9140876428713496,0.0,0.86022365,0.0,0.8928024775321063,0,0.9931507
51,2,4,1,5,1,1,50,1.0,1.0,0.09676939,1.0,0.0878186101458387,1.0,0.16838044,1.0,0.18525896964039923,1,4.7516977e-07
44,2,1,1,5,1,1,40,1.0,1.0,0.2442531,1.0,0.19296494848668921,1.0,0.1545046,1.0,0.20276384697090444,1,4.6873808e-07
53,3,3,1,0,0,1,72,0.0,0.0,0.6623938,0.0,0.6522533773850694,0.0,0.61655354,0.0,0.532611681533426,1,0.010336534
30,2,3,3,0,1,1,35,0.0,0.0,0.9926492,0.0,0.9861234513580673,0.0,0.99181503,0.0,0.9899697592334556,0,0.99981743
25,2,6,3,0,1,1,43,0.0,0.0,0.99485415,0.0,0.9731798926100395,0.0,0.98724306,0.0,0.9887805545873848,0,0.9998234
39,2,1,3,5,1,0,40,0.0,0.0,0.88042915,0.0,0.9290673428129477,0.0,0.9318115,0.0,0.8690677872855281,0,0.9995598
33,2,3,1,0,1,1,40,1.0,0.0,0.8164758,0.0,0.8260061073058818,0.0,0.8508402,0.0,0.8514576748514968,0,0.9541912
43,2,3,2,0,1,0,44,0.0,0.0,0.9608062,0.0,0.956682861241833,0.0,0.942703,0.0,0.938521951043507,0,0.99947745
47,3,1,1,3,1,1,60,1.0,1.0,0.23880649,1.0,0.3149183101062847,1.0,0.23068231,1.0,0.25372677506661523,1,5.330995e-07
26,2,3,1,3,1,1,55,0.0,0.0,0.6313357,0.0,0.570626421180175,0.0,0.6174851,0.0,0.6405991659943102,1,0.27684382
31,3,1,0,5,1,1,60,1.0,0.0,0.6685523,0.0,0.6415303214478262,0.0,0.5820687,0.0,0.7652544355743663,0,0.7944085
47,2,1,1,4,1,1,48,0.0,1.0,0.26008886,1.0,0.24519126450137996,1.0,0.43614066,1.0,0.3422355828465402,1,1.8456649e-06
36,0,7,0,5,1,0,39,0.0,0.0,0.9490211,0.0,0.9707787190471608,0.0,0.979502,0.0,0.9714664890470127,0,0.99998057
25,0,1,3,4,0,0,40,0.0,0.0,0.9703802,0.0,0.9828764681497016,0.0,0.925958,0.0,0.9536550282163644,0,0.9999573
17,1,6,3,1,1,1,40,0.0,0.0,0.99997646,0.0,0.9898140437513745,0.0,0.9748562,0.0,0.9771621985385982,0,0.9999944
49,2,1,1,5,1,1,50,1.0,1.0,0.14989907,1.0,0.12732101387179673,1.0,0.2253964,1.0,0.1678503809471763,1,5.479073e-07
19,2,6,1,0,1,1,99,0.0,0.0,0.8668988,0.0,0.7827995235584317,0.0,0.7643095,0.0,0.7492192642783739,0,0.7403224
33,2,3,1,0,1,1,40,1.0,0.0,0.8164758,0.0,0.8260061073058818,0.0,0.8508402,0.0,0.8514576748514968,0,0.9541912
29,2,6,3,4,0,0,40,0.0,0.0,0.997152,0.0,0.9892362139561741,0.0,0.9967424,0.0,0.9894470222177112,0,0.99981946
55,1,1,1,1,1,1,40,0.0,0.0,0.586842,0.0,0.5002531823072065,1.0,0.37966132,0.0,0.5942370409637439,1,0.0021490965
32,2,7,1,3,1,1,50,0.0,0.0,0.53525436,0.0,0.5300864235689942,1.0,0.40128708,1.0,0.48930813664433015,1,0.010180078
37,2,3,1,5,1,0,40,1.0,0.0,0.70999146,1.0,0.4833189406085705,0.0,0.6085237,0.0,0.6307793578535944,1,0.17316377
28,2,4,1,2,1,1,38,1.0,1.0,0.35554785,1.0,0.37182313515614385,1.0,0.47652125,1.0,0.48136101984948265,1,0.00028803686
35,3,1,2,2,1,0,50,0.0,0.0,0.759905,0.0,0.6645388004443771,0.0,0.7714354,0.0,0.5558467338909993,1,0.00018108697
72,2,7,1,2,1,1,20,0.0,1.0,0.42731494,1.0,0.34617554535109496,0.0,0.76598066,0.0,0.6680966292921526,1,2.2866236e-06
26,2,7,1,5,1,1,60,0.0,1.0,0.44117677,1.0,0.4445724981045266,0.0,0.51538765,1.0,0.4081300395616273,1,2.5361122e-05
50,2,0,1,5,0,0,40,1.0,0.0,0.5393996,0.0,0.5374723980481274,1.0,0.3070013,1.0,0.4093892010193124,1,7.1726913e-06
52,2,1,1,0,1,1,50,1.0,1.0,0.31183422,1.0,0.3180974342348363,1.0,0.28643858,1.0,0.31839492696429283,1,5.4314336e-07
73,2,3,4,3,1,0,15,0.0,0.0,0.9737858,0.0,0.9050271543820783,0.0,0.9836202,0.0,0.9807530940507391,0,0.9997644
58,0,1,1,2,1,0,20,1.0,1.0,0.45171314,0.0,0.5235289226358122,1.0,0.4583323,1.0,0.3226133426632496,1,1.820185e-05
36,2,1,1,0,1,1,48,1.0,1.0,0.38119823,1.0,0.4631226279204842,0.0,0.50404316,1.0,0.4612109306612001,1,0.00014141259
38,2,6,0,0,1,0,60,0.0,0.0,0.9808801,0.0,0.9502252546784533,0.0,0.9590194,0.0,0.9575515597403826,0,0.9997398
22,2,3,3,4,1,0,24,0.0,0.0,0.9974736,0.0,0.9895574510436048,0.0,0.9922919,0.0,0.989972401351476,0,0.9998254
34,1,6,2,1,0,0,53,0.0,0.0,0.98714596,0.0,0.9500329019547503,0.0,0.98512995,0.0,0.9659151281318133,0,0.9999676
59,3,1,1,2,1,1,43,1.0,1.0,0.2842486,1.0,0.3138114739540835,1.0,0.15755308,1.0,0.2007355836054694,1,6.8031034e-07
20,2,7,3,4,1,0,12,0.0,0.0,0.9982622,0.0,0.9898656524435036,0.0,0.9916401,0.0,0.9899180109183517,0,0.99983025
17,2,6,3,0,1,1,12,0.0,0.0,0.99999535,0.0,0.9929011782440854,0.0,0.9961965,0.0,0.9896973455652845,0,0.99984765
27,2,6,1,0,1,1,45,0.0,0.0,0.9152265,0.0,0.9373168264003154,0.0,0.8954218,0.0,0.9024606956917652,0,0.9940375
25,2,3,3,5,1,0,40,0.0,0.0,0.98578244,0.0,0.9887801953392277,0.0,0.98975927,0.0,0.9899697592334556,0,0.9998311
23,2,6,1,0,1,1,40,0.0,0.0,0.957699,0.0,0.9558543655412941,0.0,0.9630931,0.0,0.9548152704142367,0,0.99741274
41,0,4,0,2,1,0,55,0.0,0.0,0.71904707,0.0,0.7729051586156319,0.0,0.90936786,0.0,0.8160663632462248,0,0.66138804
57,1,1,1,1,1,1,80,1.0,1.0,0.49219114,1.0,0.49851164093082456,1.0,0.31123054,1.0,0.44886786421254277,1,2.2260358e-05
20,2,7,3,0,1,1,40,0.0,0.0,0.99300057,0.0,0.9859852155280582,0.0,0.9936196,0.0,0.9894470222177112,0,0.99984217
21,2,7,3,4,0,1,40,0.0,0.0,0.993651,0.0,0.9880108620088416,0.0,0.9903869,0.0,0.9861709950891865,0,0.99982244
23,2,3,3,3,0,1,40,0.0,0.0,0.9910538,0.0,0.9826467679528373,0.0,0.98930436,0.0,0.9899697592334556,0,0.9998036
52,2,3,0,0,1,0,40,0.0,0.0,0.949331,0.0,0.9568648950498733,0.0,0.9730796,0.0,0.9612239280784066,0,0.9997681
28,2,1,3,3,1,1,50,0.0,0.0,0.86076283,0.0,0.7719633846412354,0.0,0.84997004,0.0,0.7691421637550478,0,0.9929262
17,2,6,3,5,1,0,20,0.0,0.0,0.9999812,0.0,0.9908393902424109,0.0,0.996194,0.0,0.9899697592334556,0,0.9998524
44,1,7,0,1,1,0,10,0.0,0.0,0.98216975,0.0,0.9681229359203853,0.0,0.9887758,0.0,0.9797728347232381,0,0.9999778
29,2,7,1,0,1,1,40,1.0,0.0,0.75918436,0.0,0.7830580780233696,0.0,0.7645214,0.0,0.7793771376512151,0,0.8616807
42,0,1,1,2,1,1,40,1.0,1.0,0.32784772,1.0,0.3997215468043386,1.0,0.2922398,1.0,0.3127556425957727,1,3.2198286e-06
32,2,7,3,5,1,0,60,0.0,0.0,0.9257156,0.0,0.9688710987067891,0.0,0.92595136,0.0,0.9429143969081943,0,0.99987984
58,1,3,1,1,0,1,30,0.0,0.0,0.77334714,0.0,0.8071646162921633,0.0,0.9129265,0.0,0.8614837797550776,0,0.9526301
44,2,3,1,0,1,1,80,0.0,1.0,0.47708613,0.0,0.5295709092020768,0.0,0.65064716,0.0,0.5494164969838116,1,0.034526303
19,2,3,3,0,1,0,40,0.0,0.0,0.9955667,0.0,0.990474764114206,0.0,0.98775905,0.0,0.9894470222177112,0,0.9997985
51,2,1,1,0,1,1,40,1.0,1.0,0.37606114,1.0,0.4072803760021444,1.0,0.48301828,1.0,0.4612109306612001,1,3.8813778e-05
26,2,7,3,5,1,0,40,0.0,0.0,0.9755419,0.0,0.9861827339799554,0.0,0.986913,0.0,0.979396889613158,0,0.9999343
33,2,7,1,0,0,1,40,0.0,0.0,0.772771,0.0,0.796776623376446,0.0,0.7100084,0.0,0.7382388436677476,0,0.75608766
22,2,7,3,3,1,0,17,0.0,0.0,0.9975834,0.0,0.9857313578244267,0.0,0.99397737,0.0,0.9899697592334556,0,0.99985075
35,1,0,1,1,1,0,40,1.0,0.0,0.7651006,0.0,0.8202289541326069,0.0,0.825839,0.0,0.766376484541579,0,0.5586172
40,2,3,2,5,1,0,45,0.0,0.0,0.92061335,0.0,0.9444548341155407,0.0,0.93472564,0.0,0.8995558928640823,0,0.99609923
48,2,0,1,0,1,1,45,0.0,0.0,0.5074313,0.0,0.567120361867499,0.0,0.5416784,0.0,0.5554211259909252,1,0.021283636
20,2,3,3,0,1,1,45,0.0,0.0,0.9913623,0.0,0.9807805960220304,0.0,0.98172534,0.0,0.9859906533506766,0,0.99978465
45,0,0,1,4,1,1,60,1.0,1.0,0.39421242,1.0,0.3856561532656293,1.0,0.45289403,1.0,0.3964375626021507,1,1.0735865e-05
39,2,3,2,4,1,0,40,0.0,0.0,0.968833,0.0,0.9769242694272783,0.0,0.9685398,0.0,0.9809020028792715,0,0.9994443
20,2,7,3,5,1,0,25,0.0,0.0,0.99450636,0.0,0.9885643456644629,0.0,0.98929644,0.0,0.9838241508629151,0,0.9999192
19,2,7,3,5,1,0,30,0.0,0.0,0.99494034,0.0,0.9885643456644629,0.0,0.99193984,0.0,0.9838241508629151,0,0.9999186
24,2,1,3,5,1,0,40,0.0,0.0,0.93828696,0.0,0.9770477219604385,0.0,0.9428138,0.0,0.9664435693132375,0,0.9998276
45,2,7,0,4,0,0,40,0.0,0.0,0.96212906,0.0,0.9732959778761138,0.0,0.9858977,0.0,0.9774764050606242,0,0.99977905
32,1,7,0,1,1,1,40,0.0,0.0,0.9695398,0.0,0.9532034025442795,0.0,0.9835737,0.0,0.973383434522816,0,0.9999639
42,2,1,1,2,1,1,90,0.0,1.0,0.20266354,1.0,0.25905294690469516,1.0,0.18650788,1.0,0.2057617410676923,1,4.935092e-07
46,2,1,1,5,1,1,50,1.0,1.0,0.16155857,1.0,0.12378250312454553,1.0,0.2208283,1.0,0.1578856506111751,1,5.4165463e-07
20,2,7,3,2,1,0,48,0.0,0.0,0.97390896,0.0,0.9776409636117281,0.0,0.9709062,0.0,0.976598331993019,0,0.9999031
43,3,7,1,3,1,1,50,1.0,1.0,0.4323781,0.0,0.5519270689884312,1.0,0.39951283,1.0,0.4428624880105634,1,1.3310703e-05
29,2,6,3,0,1,1,48,0.0,0.0,0.9917853,0.0,0.9677443022061631,0.0,0.9838013,0.0,0.9810567097828234,0,0.9998171
37,2,4,3,5,0,0,40,1.0,0.0,0.85189503,0.0,0.8776195577155562,0.0,0.63095015,0.0,0.7490263361273378,0,0.5449538
23,2,3,3,5,0,0,40,0.0,0.0,0.98935354,0.0,0.9882517227090768,0.0,0.98981935,0.0,0.9899697592334556,0,0.99983084
77,1,6,1,1,1,1,20,0.0,0.0,0.9131351,0.0,0.8964059900242074,0.0,0.86404806,0.0,0.8969445133105155,0,0.99805176
43,2,6,1,0,0,0,72,0.0,0.0,0.86345166,0.0,0.8234632658902337,0.0,0.75194395,0.0,0.7723129182333668,0,0.7852077
27,0,3,0,4,1,1,40,0.0,0.0,0.96154785,0.0,0.9509852622817931,0.0,0.9409402,0.0,0.9718778216710049,0,0.9997701
26,2,6,3,0,1,1,48,0.0,0.0,0.99357873,0.0,0.967127220739157,0.0,0.9847142,0.0,0.9833143256859315,0,0.9998191
28,2,0,1,3,1,1,40,0.0,0.0,0.66096663,0.0,0.7455129180208873,0.0,0.64258087,0.0,0.639052074019741,1,0.2782927
37,3,3,1,0,1,1,47,0.0,0.0,0.74975514,0.0,0.7166459269293071,0.0,0.7009567,0.0,0.6792780906449511,1,0.4700415
25,2,1,3,5,1,1,40,0.0,0.0,0.9080087,0.0,0.9376574805076912,0.0,0.93324596,0.0,0.958591550653886,0,0.9998067
61,0,7,1,2,1,1,40,0.0,1.0,0.3884194,1.0,0.37031568089666933,1.0,0.49239802,1.0,0.3768744941339376,1,2.8666711e-05
20,2,3,3,4,1,0,20,0.0,0.0,0.9982516,0.0,0.9899652668436111,0.0,0.9924361,0.0,0.989972401351476,0,0.9998259
54,1,3,0,1,1,0,30,0.0,0.0,0.965209,0.0,0.9414793587877819,0.0,0.96707475,0.0,0.9723012957404642,0,0.9999411
59,0,3,3,5,1,1,40,0.0,0.0,0.9098912,0.0,0.848990483322047,0.0,0.9490115,0.0,0.9540942124948071,0,0.9998258
18,2,3,3,0,1,1,25,0.0,0.0,0.9989389,0.0,0.9908403908827553,0.0,0.99196976,0.0,0.9894470222177112,0,0.99981695
49,3,2,1,2,1,1,60,0.0,1.0,0.15410441,1.0,0.19053262485699385,1.0,0.2723363,1.0,0.14418876442260475,1,1.4218169e-06
33,2,3,2,3,1,0,35,0.0,0.0,0.98591423,0.0,0.982592432746382,0.0,0.98727584,0.0,0.9894470222177112,0,0.9997944
33,0,3,0,5,1,1,40,0.0,0.0,0.93546116,0.0,0.9333784790763309,0.0,0.95127416,0.0,0.9652489554778859,0,0.99994874
38,2,3,1,3,1,1,50,0.0,0.0,0.51767576,0.0,0.5297002588352522,0.0,0.5758535,0.0,0.6032148183164494,1,0.14111376
18,2,7,3,4,1,0,20,0.0,0.0,0.9982804,0.0,0.989689073089029,0.0,0.9934617,0.0,0.9899697592334556,0,0.9998288
37,2,3,3,0,1,1,40,0.0,0.0,0.9799618,0.0,0.9750964937827985,0.0,0.9878758,0.0,0.9894470222177112,0,0.9997993
56,0,7,1,5,1,1,40,1.0,1.0,0.38691783,1.0,0.4063263880489417,1.0,0.24594235,1.0,0.3541886461833762,1,0.000104499115
20,2,3,3,4,1,1,40,0.0,0.0,0.9947741,0.0,0.9892147211013109,0.0,0.9875847,0.0,0.9894470222177112,0,0.99981624
34,2,7,1,4,1,1,40,1.0,0.0,0.72342765,0.0,0.6992194392347826,0.0,0.670038,0.0,0.6563677304944932,0,0.5179215
36,2,3,1,4,1,1,45,1.0,0.0,0.6879299,0.0,0.7297842974670157,0.0,0.6835122,0.0,0.6482283831182719,1,0.4379125
47,2,0,1,2,0,0,40,1.0,0.0,0.5088524,1.0,0.36355402299788375,1.0,0.30859143,1.0,0.3846340522205045,1,8.262639e-06
35,2,1,3,3,1,1,50,0.0,0.0,0.78901356,0.0,0.7085207800297307,0.0,0.58838856,0.0,0.6650502842897034,0,0.8599821
35,2,1,1,3,1,1,45,0.0,1.0,0.2958573,1.0,0.2909133489759772,1.0,0.27081704,1.0,0.2671510998383527,1,8.9937913e-07
23,2,1,3,5,1,0,45,0.0,0.0,0.9123877,0.0,0.9546911671812195,0.0,0.86871666,0.0,0.9239548105922628,0,0.99960285
30,2,0,1,2,1,0,36,1.0,0.0,0.62278646,1.0,0.47695870036304777,0.0,0.71048063,0.0,0.644332281695748,1,0.14424226
24,2,7,3,5,1,0,40,0.0,0.0,0.9791009,0.0,0.9863668753958992,0.0,0.98919463,0.0,0.979396889613158,0,0.99993587
20,2,7,3,2,1,1,20,0.0,0.0,0.99389386,0.0,0.9801557230045731,0.0,0.9281326,0.0,0.9770838339163654,0,0.9998988
53,2,3,1,0,1,1,40,0.0,0.0,0.694502,0.0,0.5649443162141652,0.0,0.63396585,0.0,0.667714424362824,1,0.29097065
33,2,3,3,0,1,1,40,0.0,0.0,0.98312974,0.0,0.9806113063845955,0.0,0.98846805,0.0,0.9894470222177112,0,0.99980086
39,2,7,0,4,1,0,40,0.0,0.0,0.96277285,0.0,0.9715665439985932,0.0,0.9874833,0.0,0.9854531904165189,0,0.99981374
49,2,7,1,5,1,1,40,1.0,1.0,0.38357985,1.0,0.43045946786033706,1.0,0.3633535,1.0,0.3975429834962415,1,2.0770685e-06
55,2,6,1,5,1,1,75,0.0,0.0,0.5001562,1.0,0.37099697701848733,0.0,0.54059494,0.0,0.6081581843237006,1,0.16189188
43,2,3,1,0,1,1,40,1.0,0.0,0.752521,0.0,0.6982123750476055,0.0,0.72584796,0.0,0.7492192642783739,0,0.76001495
55,2,3,1,5,1,1,40,1.0,1.0,0.45519447,1.0,0.4030599775548268,0.0,0.55317605,0.0,0.5323430231916462,1,0.008743587
17,0,6,3,5,0,0,40,0.0,0.0,0.99993014,0.0,0.991013869769134,0.0,0.9556854,0.0,0.9773383153200904,0,0.99998236
35,2,7,0,0,0,1,40,0.0,0.0,0.9541898,0.0,0.9339395518447492,0.0,0.9851084,0.0,0.9810567097828234,0,0.99981266
25,2,7,1,4,1,0,60,0.0,0.0,0.7177907,0.0,0.7834012985537774,0.0,0.65440845,0.0,0.6425443222668163,1,0.17875959
61,1,1,0,1,1,0,40,0.0,0.0,0.90465784,0.0,0.8818231631586703,0.0,0.8443119,0.0,0.8526725640612697,0,0.89050716
31,2,3,1,0,1,1,40,0.0,0.0,0.8297204,0.0,0.8260061073058818,0.0,0.8615097,0.0,0.8514576748514968,0,0.9572957
74,0,6,4,0,1,0,20,0.0,0.0,0.98634565,0.0,0.9632241870092944,0.0,0.97722536,0.0,0.9687431270812057,0,0.99999106
44,2,7,1,3,1,1,45,1.0,1.0,0.43243647,1.0,0.385256672223952,0.0,0.50825727,1.0,0.495106849812479,1,0.00018582649
32,3,1,1,2,1,0,8,1.0,0.0,0.60871637,0.0,0.6300485550735277,0.0,0.53969634,1.0,0.4973595124677248,1,0.0020015
25,2,1,3,5,1,0,40,0.0,0.0,0.9336535,0.0,0.9728228899920904,0.0,0.93324596,0.0,0.958591550653886,0,0.9998067
51,2,2,1,2,0,1,99,0.0,1.0,0.12725085,0.0,0.5663652281029158,1.0,0.21586502,1.0,0.16765307020917974,1,1.0118744e-06
19,2,7,3,3,1,0,30,0.0,0.0,0.99767566,0.0,0.9857313578244267,0.0,0.99614406,0.0,0.9899697592334556,0,0.9998474
51,0,3,1,4,1,1,40,1.0,0.0,0.5878928,0.0,0.6637620933833184,0.0,0.6639968,0.0,0.6517763020155086,1,0.2960599
55,2,0,1,0,1,1,40,1.0,0.0,0.53220916,0.0,0.5623096354610382,1.0,0.46580207,0.0,0.5309679499908395,1,0.028551636
45,2,3,1,0,1,1,48,1.0,0.0,0.6401239,0.0,0.5671423253612002,0.0,0.61221814,0.0,0.6307793578535944,1,0.21533863
36,2,0,0,5,0,0,40,0.0,0.0,0.93941665,0.0,0.9552954941291663,0.0,0.9481058,0.0,0.9616298239367893,0,0.9998041
25,2,3,3,3,0,1,40,0.0,0.0,0.98900753,0.0,0.980897837393714,0.0,0.9891206,0.0,0.9899697592334556,0,0.999803
61,2,3,0,5,1,0,40,0.0,0.0,0.9130161,0.0,0.9417800025513942,0.0,0.934099,0.0,0.9139785076295719,0,0.9991936
24,0,7,3,4,1,0,40,0.0,0.0,0.98851407,0.0,0.9839581753332696,0.0,0.95009094,0.0,0.966536776809423,0,0.9999901
29,3,1,1,5,1,1,70,0.0,1.0,0.2516845,1.0,0.3910811695968296,1.0,0.22853094,1.0,0.23864204003134437,1,5.983353e-07
49,0,3,4,5,1,0,20,0.0,0.0,0.9571143,0.0,0.9496602295601123,0.0,0.9880569,0.0,0.9763562038188938,0,0.9999881
22,1,7,2,1,1,1,25,0.0,0.0,0.99227697,0.0,0.9707759654075058,0.0,0.99434686,0.0,0.979953371400512,0,0.99997985
23,2,7,3,4,1,0,37,0.0,0.0,0.99311274,0.0,0.9882343072930436,0.0,0.99110323,0.0,0.9899153546152761,0,0.99982697
44,3,3,1,3,1,0,40,1.0,0.0,0.79515356,0.0,0.7989532420500676,0.0,0.70068586,0.0,0.688730893433606,1,0.31026754
26,2,3,3,4,1,0,35,0.0,0.0,0.99514496,0.0,0.9892801625417981,0.0,0.9915744,0.0,0.989972401351476,0,0.99982303
39,2,7,1,5,1,1,40,1.0,1.0,0.47854745,0.0,0.5152579868040661,1.0,0.35220593,1.0,0.48502948657039324,1,0.0005539817
29,0,4,1,2,1,0,45,1.0,1.0,0.25912666,1.0,0.30682965935816964,1.0,0.25356436,1.0,0.24854520956698967,1,7.303859e-07
24,2,1,3,5,1,1,40,0.0,0.0,0.91676784,0.0,0.9442983888087241,0.0,0.9428138,0.0,0.9664435693132375,0,0.9998276
38,2,3,2,3,1,0,10,0.0,0.0,0.9922103,0.0,0.9836979063204803,0.0,0.9912496,0.0,0.989972401351476,0,0.9998209
37,2,3,0,0,1,1,40,0.0,0.0,0.9605662,0.0,0.9466549997623791,0.0,0.9785448,0.0,0.979617072538832,0,0.99978083
58,2,6,0,0,0,1,50,0.0,0.0,0.96398735,0.0,0.9149690125106803,0.0,0.95793533,0.0,0.9512001189322858,0,0.9997323
58,2,6,1,3,1,1,40,0.0,0.0,0.7355076,0.0,0.7764333429742307,0.0,0.8089533,0.0,0.7891730848558958,0,0.87838835
34,1,7,1,1,1,0,20,1.0,0.0,0.87159073,0.0,0.8867033127359041,0.0,0.9131706,0.0,0.8352894215402046,0,0.98192894
36,1,3,1,1,0,1,40,0.0,0.0,0.8517103,0.0,0.8963380636729291,0.0,0.9059277,0.0,0.8545788220465196,0,0.9768977
36,2,7,3,4,1,1,40,0.0,0.0,0.9737047,0.0,0.981523896526292,0.0,0.984111,0.0,0.9854531904165189,0,0.9997702
66,1,7,0,1,1,0,35,0.0,0.0,0.95184714,0.0,0.9357257410627696,0.0,0.92288554,0.0,0.92715948712993,0,0.997343
29,0,3,2,4,1,0,40,0.0,0.0,0.9641732,0.0,0.9378905745196784,0.0,0.8855169,0.0,0.9699800296637174,0,0.9996737
61,2,5,1,2,1,1,20,1.0,1.0,0.16673684,1.0,0.2517442099864369,1.0,0.38802713,1.0,0.28410060745360866,1,6.420799e-07
21,2,7,3,5,1,0,40,0.0,0.0,0.98461205,0.0,0.9882136757050661,0.0,0.99054104,0.0,0.9832932887117538,0,0.9999305
34,2,1,1,2,1,1,50,1.0,1.0,0.2660222,1.0,0.29233832401907933,1.0,0.24936277,1.0,0.21111963895312047,1,5.5997e-07
34,2,0,0,0,1,1,40,0.0,0.0,0.93604153,0.0,0.9087265555917183,0.0,0.9730876,0.0,0.9507184036565034,0,0.9997621
48,2,0,0,4,1,0,40,0.0,0.0,0.9442372,0.0,0.9472521591863241,0.0,0.97329766,0.0,0.9751884553230167,0,0.99971277
44,2,1,3,4,1,1,40,1.0,0.0,0.87731194,0.0,0.947685807105728,0.0,0.91783696,0.0,0.9374778688449596,0,0.99673635
52,0,7,1,5,1,1,40,0.0,1.0,0.40111887,1.0,0.3647885534964753,1.0,0.39230454,1.0,0.40814111807193953,1,0.00016781459
19,2,6,3,0,1,1,36,0.0,0.0,0.9992808,0.0,0.9896971556013928,0.0,0.9952845,0.0,0.9894470222177112,0,0.9998512
53,2,2,0,5,1,0,55,1.0,0.0,0.5493629,0.0,0.5183896686202145,1.0,0.38178247,1.0,0.38350861739566156,1,4.8480138e-06
55,0,7,1,5,0,0,35,0.0,0.0,0.6478195,0.0,0.6650753362046622,1.0,0.48098028,0.0,0.5127767125442853,1,0.0016621248
19,2,7,3,0,1,1,25,0.0,0.0,0.9980967,0.0,0.9901931163143916,0.0,0.9965179,0.0,0.9899697592334556,0,0.9998534
61,2,7,1,2,1,1,42,0.0,1.0,0.2736714,1.0,0.2557564436125921,1.0,0.1392461,1.0,0.20486379668751398,1,4.981888e-07
54,2,7,0,5,1,0,40,0.0,0.0,0.90416056,0.0,0.9660723001057253,0.0,0.93540937,0.0,0.9457307138113943,0,0.9999813
27,0,1,3,2,1,0,40,0.0,0.0,0.92946243,0.0,0.9671730662704863,0.0,0.94553125,0.0,0.9439850919872371,0,0.9999821
31,3,7,3,5,1,1,65,1.0,0.0,0.8594697,0.0,0.7069671105117981,0.0,0.92163116,0.0,0.8813211775589515,0,0.9990403
20,2,7,3,4,1,1,15,0.0,0.0,0.9987792,0.0,0.9896401875956957,0.0,0.9917198,0.0,0.9899180109183517,0,0.99983
37,2,3,3,0,0,1,50,0.0,0.0,0.97059107,0.0,0.9670905004970206,0.0,0.9444407,0.0,0.9548790638767506,0,0.99970275
40,0,1,1,2,1,1,40,1.0,1.0,0.33483785,1.0,0.46619594190125935,1.0,0.2926737,1.0,0.40817604063136015,1,2.7986912e-06
43,2,7,0,0,1,1,35,0.0,0.0,0.9494734,0.0,0.9531508995294674,0.0,0.9940778,0.0,0.9810567097828234,0,0.99983764
61,0,7,1,5,1,1,40,1.0,1.0,0.36837602,1.0,0.40286623740878824,1.0,0.33400226,1.0,0.33424489734491547,1,5.486766e-05
44,0,1,1,4,0,0,40,1.0,0.0,0.5212909,0.0,0.6670526105630907,1.0,0.45533073,1.0,0.4871740133924751,1,1.7124054e-06
31,2,6,3,0,1,1,45,0.0,0.0,0.9912114,0.0,0.9664914463355039,0.0,0.98443377,0.0,0.9810567097828234,0,0.999818
42,2,3,0,4,0,1,35,0.0,0.0,0.9742259,0.0,0.9738336166541756,0.0,0.99233264,0.0,0.9855351098496185,0,0.99981457
30,2,3,1,0,1,1,35,0.0,0.0,0.8968111,0.0,0.8895107159330785,0.0,0.9146334,0.0,0.8993790597246465,0,0.9926925
23,2,1,3,3,1,0,40,0.0,0.0,0.9714598,0.0,0.9726362086486294,0.0,0.9448681,0.0,0.9533127576907828,0,0.999619
76,1,7,4,1,1,0,40,0.0,0.0,0.93999064,0.0,0.944146635680937,0.0,0.8600626,0.0,0.8699442200381275,0,0.94954216
31,2,3,3,2,1,1,40,0.0,0.0,0.95634395,0.0,0.9466540689680015,0.0,0.98610467,0.0,0.9780690399421169,0,0.9998733
55,2,7,1,0,0,1,40,1.0,0.0,0.6334485,0.0,0.6122131295082317,0.0,0.5248828,0.0,0.5309679499908395,1,0.037078347
24,2,7,1,0,1,1,40,0.0,0.0,0.8170562,0.0,0.8919334833392142,0.0,0.8735232,0.0,0.8534629682551022,0,0.9368618
25,0,3,3,2,1,1,40,0.0,0.0,0.96973974,0.0,0.9523381661369805,0.0,0.9890051,0.0,0.9788236778272315,0,0.9999685
19,2,3,3,3,1,1,50,0.0,0.0,0.98938096,0.0,0.9806675362004604,0.0,0.9797042,0.0,0.979510077915437,0,0.99975735
33,0,7,1,4,1,1,40,1.0,0.0,0.64060986,0.0,0.5957242512351637,0.0,0.6025835,0.0,0.6825579628145674,1,0.39998445
43,3,3,0,0,1,1,50,0.0,0.0,0.9352064,0.0,0.8829343572435318,0.0,0.9257732,0.0,0.8985250233550862,0,0.99891186
42,2,6,1,0,1,1,40,0.0,0.0,0.8918364,0.0,0.8917620408096892,0.0,0.89951074,0.0,0.9024606956917652,0,0.99105936
20,2,7,3,3,0,1,44,0.0,0.0,0.98955864,0.0,0.9729023304896206,0.0,0.9839404,0.0,0.9833771784672494,0,0.9998148
17,2,6,3,0,1,1,16,0.0,0.0,0.99999446,0.0,0.9920508658277523,0.0,0.9960171,0.0,0.9894470222177112,0,0.9998473
21,2,3,3,5,1,1,40,0.0,0.0,0.9877343,0.0,0.9887220505398597,0.0,0.9899146,0.0,0.9899697592334556,0,0.99983025
45,2,6,1,0,1,1,40,0.0,0.0,0.8837138,0.0,0.8806066219732392,0.0,0.8913674,0.0,0.8913691110960239,0,0.9854187
24,2,6,3,0,1,0,40,0.0,0.0,0.99712634,0.0,0.9841838367276935,0.0,0.99256295,0.0,0.9894470222177112,0,0.99983776
21,0,0,3,4,1,1,10,0.0,0.0,0.9957841,0.0,0.9784475650719059,0.0,0.98579437,0.0,0.9830151781450192,0,0.99996877
60,2,0,1,5,1,1,40,1.0,1.0,0.30049658,1.0,0.4345018344858117,1.0,0.31488746,1.0,0.30129365083105697,1,7.249882e-07
33,2,1,1,3,1,1,55,1.0,1.0,0.2762835,1.0,0.24882310425989362,1.0,0.24608982,1.0,0.22235339789037245,1,4.956582e-07
39,2,1,1,2,1,1,50,1.0,1.0,0.24295264,1.0,0.242920185711621,1.0,0.21274716,1.0,0.2402030955135066,1,5.7938854e-07
28,2,1,3,2,1,0,15,0.0,0.0,0.96622187,0.0,0.973929331811598,0.0,0.91649055,0.0,0.9662534996583191,0,0.9998908
31,2,3,1,5,1,0,27,0.0,0.0,0.849596,0.0,0.8392335631855941,0.0,0.8146257,0.0,0.8194254020385872,0,0.9250137
25,0,1,3,4,0,1,40,0.0,0.0,0.9548792,0.0,0.965509380400202,0.0,0.925958,0.0,0.9536550282163644,0,0.9999573
42,3,2,1,2,1,1,60,1.0,1.0,0.16577882,1.0,0.20734303546021837,1.0,0.2727626,1.0,0.15858825968496848,1,1.0630575e-06
34,2,3,2,5,1,0,40,0.0,0.0,0.9497622,0.0,0.9683420303123029,0.0,0.9474528,0.0,0.9436548370703283,0,0.9995646
44,2,1,1,5,1,1,40,1.0,1.0,0.2442531,1.0,0.19296494848668921,1.0,0.1545046,1.0,0.20276384697090444,1,4.6873808e-07
39,2,1,1,2,1,1,40,1.0,1.0,0.29384655,1.0,0.23795348890643908,1.0,0.21787584,1.0,0.24897083871612624,1,5.586099e-07
24,2,7,3,5,1,0,40,0.0,0.0,0.9791009,0.0,0.9863668753958992,0.0,0.98919463,0.0,0.979396889613158,0,0.99993587
27,0,3,3,0,0,1,40,0.0,0.0,0.98344916,0.0,0.9763708889725535,0.0,0.96005374,0.0,0.9765663634271723,0,0.9998776
78,1,3,4,1,1,0,1,0.0,0.0,0.99535084,0.0,0.9610220306319208,0.0,0.9974865,0.0,0.9805429548473458,0,0.9999893
32,2,3,0,5,1,1,40,0.0,0.0,0.9410027,0.0,0.9506373098618435,0.0,0.94657564,0.0,0.9720766088812319,0,0.99974984
37,2,6,0,5,1,1,50,0.0,0.0,0.9451672,0.0,0.9110302310873882,0.0,0.95789266,0.0,0.9699410371488052,0,0.9998387
36,2,7,0,2,1,1,40,0.0,0.0,0.8847689,0.0,0.8078116167170818,0.0,0.84968686,0.0,0.9575079772217929,0,0.9999522
43,2,0,1,3,0,1,60,0.0,1.0,0.374048,1.0,0.28805340902172316,1.0,0.4200486,1.0,0.40766799572124013,1,1.0132203e-05
54,0,7,1,0,0,1,30,0.0,0.0,0.6970421,0.0,0.7147769275724386,0.0,0.68879986,0.0,0.8078941944510247,0,0.9575819
56,2,6,1,0,0,1,40,0.0,0.0,0.8798902,0.0,0.811850918132828,0.0,0.8581535,0.0,0.8624689573016632,0,0.9616274
36,2,6,1,0,1,1,35,0.0,0.0,0.94021934,0.0,0.9519783733533023,0.0,0.9658908,0.0,0.951704942644126,0,0.99764925
55,3,3,4,3,1,1,40,0.0,0.0,0.8943837,0.0,0.8985844070932969,0.0,0.9378551,0.0,0.8985250233550862,0,0.99916255
20,0,7,3,5,1,0,10,0.0,0.0,0.9965659,0.0,0.9874961789638457,0.0,0.9533605,0.0,0.9504219253968189,0,0.9999938
44,0,6,2,4,0,1,40,0.0,0.0,0.9747663,0.0,0.9309757707900658,0.0,0.98498106,0.0,0.9724739802130257,0,0.99990463
43,2,3,1,0,1,1,40,0.0,0.0,0.752521,0.0,0.6982123750476055,0.0,0.72584796,0.0,0.7492192642783739,0,0.76001495
24,1,6,3,1,1,0,20,0.0,0.0,0.9987595,0.0,0.9869808989041841,0.0,0.9885467,0.0,0.9796861305431934,0,0.9999894
20,2,7,3,5,1,0,28,0.0,0.0,0.99418646,0.0,0.9883380155913593,0.0,0.98920184,0.0,0.9838241508629151,0,0.9999206
53,3,6,1,0,1,1,70,0.0,0.0,0.8253306,0.0,0.7996709370935215,0.0,0.80952525,0.0,0.7669591626878041,0,0.71404266
59,2,7,0,2,1,1,40,0.0,0.0,0.79180014,0.0,0.659470233224944,0.0,0.9281728,0.0,0.7327978243962805,0,0.9999894
26,2,6,3,0,1,1,50,0.0,0.0,0.99289995,0.0,0.967127220739157,0.0,0.9830943,0.0,0.9810567097828234,0,0.9998159
30,2,3,2,5,1,0,40,0.0,0.0,0.9550728,0.0,0.9754069971632332,0.0,0.95482653,0.0,0.9698383694003417,0,0.9996014
31,2,4,3,5,1,1,40,1.0,0.0,0.83454525,0.0,0.879839536137044,0.0,0.6386013,0.0,0.8418712479333463,0,0.9686876
24,2,1,3,3,1,0,40,0.0,0.0,0.9687278,0.0,0.9726362086486294,0.0,0.9390681,0.0,0.9432751515728501,0,0.99959224
36,2,1,1,5,1,1,50,1.0,1.0,0.21688437,1.0,0.1640952155474752,1.0,0.17632902,1.0,0.1709718643740099,1,4.823259e-07
74,1,6,1,1,1,1,2,0.0,0.0,0.9502311,0.0,0.906264300474219,0.0,0.9680598,0.0,0.9688140144895625,0,0.99990785
40,2,1,1,5,1,1,40,0.0,1.0,0.27228796,1.0,0.20037442662527505,1.0,0.1778025,1.0,0.22995439362978276,1,4.6704915e-07
49,2,1,3,5,1,1,40,1.0,0.0,0.7404877,0.0,0.8529456719909556,0.0,0.69846314,0.0,0.747751295607493,0,0.76366675
32,0,3,1,4,1,1,45,0.0,0.0,0.6447191,0.0,0.5907640403568053,0.0,0.70925915,0.0,0.6792780906449511,1,0.49942073
39,2,1,1,3,1,1,50,1.0,1.0,0.24392354,1.0,0.24081649608773947,1.0,0.24502885,1.0,0.2291818733439691,1,4.9544224e-07
28,0,1,3,2,1,0,50,0.0,0.0,0.88705164,0.0,0.9246176044927944,0.0,0.92666614,0.0,0.9246715520425682,0,0.9917603
35,2,0,1,4,1,0,35,1.0,0.0,0.8128818,1.0,0.49556176837786425,0.0,0.74615836,0.0,0.7556772129211966,0,0.69680685
37,0,0,2,5,0,1,40,0.0,0.0,0.8566645,0.0,0.7424412463223272,0.0,0.91982585,0.0,0.9468112010521812,0,0.99965346
23,2,3,0,4,1,0,10,0.0,0.0,0.9955069,0.0,0.9828846515019009,0.0,0.9932416,0.0,0.9899697592334556,0,0.999826
28,2,3,1,3,1,1,40,0.0,0.0,0.78919095,0.0,0.8269512976735095,0.0,0.79145396,0.0,0.7674614178348953,0,0.84316474
41,2,1,1,5,1,1,40,0.0,1.0,0.26487523,1.0,0.20037442662527505,1.0,0.16750866,1.0,0.22995439362978276,1,4.6536098e-07
60,2,3,1,0,1,1,60,1.0,1.0,0.46866417,1.0,0.4700049811838276,0.0,0.55769575,0.0,0.5416101856000661,1,0.010197665
37,2,3,1,0,1,1,45,0.0,0.0,0.70977926,0.0,0.6311605117206847,0.0,0.7337135,0.0,0.7277306171796802,0,0.64942455
24,2,3,3,0,0,1,40,0.0,0.0,0.99177986,0.0,0.9809641516465788,0.0,0.9884128,0.0,0.9894470222177112,0,0.9998005
46,3,3,1,3,1,1,50,0.0,0.0,0.50601125,0.0,0.5509103539154544,0.0,0.5922861,0.0,0.5543559924471098,1,0.037759367
36,2,0,0,4,1,0,60,0.0,0.0,0.91832244,0.0,0.9325989271151935,0.0,0.84561986,0.0,0.915429831328544,0,0.9974874
32,2,1,3,2,1,0,50,0.0,0.0,0.83562243,0.0,0.8891654492264414,0.0,0.7510625,0.0,0.6623787665578166,0,0.88699144
19,2,3,3,3,0,0,20,0.0,0.0,0.9988099,0.0,0.9907553195580063,0.0,0.99209166,0.0,0.9899697592334556,0,0.9998265
18,2,6,3,4,1,0,28,0.0,0.0,0.99960023,0.0,0.9897582726096436,0.0,0.9969016,0.0,0.9899697592334556,0,0.9998367
47,2,0,0,2,1,0,40,0.0,0.0,0.8719453,0.0,0.8693854822143231,0.0,0.95330554,0.0,0.976598331993019,0,0.9998771
51,2,1,1,0,1,1,40,0.0,1.0,0.37606114,1.0,0.4072803760021444,1.0,0.48301828,1.0,0.4612109306612001,1,3.8813778e-05
60,1,3,0,1,1,0,40,0.0,0.0,0.9448171,0.0,0.930495039905359,0.0,0.956929,0.0,0.9238003158173541,0,0.9996493
48,3,4,1,3,0,1,50,0.0,1.0,0.2436257,0.0,0.5250185695646525,1.0,0.3396656,1.0,0.34580247459834357,1,8.218906e-07
49,2,6,3,0,1,1,45,0.0,0.0,0.98223346,0.0,0.9586149977920586,0.0,0.9801563,0.0,0.9764366085223359,0,0.99980444
30,2,0,1,2,1,1,40,0.0,1.0,0.49243075,0.0,0.5631421110445121,0.0,0.5837846,0.0,0.528647702745175,1,0.0075295074
32,2,0,1,5,1,0,40,1.0,0.0,0.57517695,1.0,0.47252779032610015,0.0,0.6080518,0.0,0.5360888995989933,1,0.027174085
26,2,3,0,0,1,1,40,0.0,0.0,0.97865176,0.0,0.9629712167910546,0.0,0.9810456,0.0,0.9859906533506766,0,0.9997842
26,2,7,3,0,1,1,50,0.0,0.0,0.9643642,0.0,0.9635558982569702,0.0,0.9411535,0.0,0.9692341354505594,0,0.9997832
45,2,1,0,3,1,1,60,1.0,0.0,0.5430261,1.0,0.4310443292630439,0.0,0.5666416,0.0,0.5305130970838385,1,0.006047003
38,3,1,1,4,1,1,10,0.0,0.0,0.70362496,0.0,0.712163774217039,0.0,0.6442533,0.0,0.6440673257910199,1,0.22445919
19,2,6,3,0,1,1,25,0.0,0.0,0.99949944,0.0,0.9896876848703691,0.0,0.996004,0.0,0.9899697592334556,0,0.99985313
38,2,0,1,4,1,1,40,1.0,0.0,0.6112062,0.0,0.6252505522984227,0.0,0.681055,0.0,0.6307551497623776,1,0.2222394
26,0,5,3,2,0,1,50,0.0,0.0,0.8049406,0.0,0.5154387027535972,0.0,0.76748824,0.0,0.8825596205198502,0,0.9370305
35,2,7,3,0,0,0,30,0.0,0.0,0.98967415,0.0,0.9804268188183187,0.0,0.99548787,0.0,0.9899697592334556,0,0.99986815
44,2,7,1,0,1,1,55,0.0,1.0,0.4852029,1.0,0.4863098273377967,1.0,0.47288018,0.0,0.5125192191314483,1,0.008368344
30,2,0,3,2,1,1,40,0.0,0.0,0.92198455,0.0,0.8592495618362062,0.0,0.9781987,0.0,0.976598331993019,0,0.99988437
22,2,7,3,3,1,1,20,0.0,0.0,0.9967439,0.0,0.9831899388308786,0.0,0.9946478,0.0,0.9899697592334556,0,0.9998522
58,0,1,2,2,1,1,40,1.0,0.0,0.7938126,0.0,0.6093264375536911,0.0,0.5456439,0.0,0.6679686365550093,1,0.00040530213
38,0,7,0,5,1,0,38,0.0,0.0,0.9464448,0.0,0.9693530892030766,0.0,0.9781993,0.0,0.9714664890470127,0,0.9999809
53,3,3,1,0,1,1,45,1.0,0.0,0.6722664,0.0,0.6694926889756434,0.0,0.68263566,0.0,0.6377819862649474,1,0.19250867
53,0,3,1,5,1,1,60,0.0,1.0,0.39719284,1.0,0.45226261161411263,0.0,0.64749956,0.0,0.5141670402076945,1,4.6535242e-05
19,2,6,3,0,1,1,45,0.0,0.0,0.9979149,0.0,0.9833307313317523,0.0,0.98814785,0.0,0.9887805545873848,0,0.99982506
27,2,7,1,3,1,0,25,0.0,0.0,0.90309167,0.0,0.9310218527499139,0.0,0.865678,0.0,0.8604620941231487,0,0.9371217
60,0,3,3,5,0,0,40,0.0,0.0,0.9487734,0.0,0.9296701203544948,0.0,0.9604252,0.0,0.9540942124948071,0,0.99981743
33,3,7,1,0,1,1,50,1.0,0.0,0.65947795,0.0,0.6912235821864368,0.0,0.5774983,0.0,0.6133429734334821,1,0.12753727
23,2,3,3,0,1,1,40,0.0,0.0,0.9921758,0.0,0.9833924674745405,0.0,0.988359,0.0,0.9894470222177112,0,0.99980026
38,2,7,1,0,1,1,40,1.0,0.0,0.6762936,0.0,0.6755118515967254,0.0,0.7036349,0.0,0.6749041830305667,0,0.5325438
46,2,6,1,0,1,0,40,0.0,0.0,0.9017758,0.0,0.9202353808963065,0.0,0.88560295,0.0,0.8836029368911342,0,0.9823062
43,2,3,0,0,0,1,40,0.0,0.0,0.9630325,0.0,0.9446356696243282,0.0,0.97687125,0.0,0.9680756794968552,0,0.9997787
19,2,0,3,2,1,0,40,0.0,0.0,0.9743732,0.0,0.9709696838283245,0.0,0.9807451,0.0,0.9785254218001566,0,0.9998888
28,2,7,3,4,1,0,40,0.0,0.0,0.9834372,0.0,0.9866687213841626,0.0,0.98508954,0.0,0.9861709950891865,0,0.99980384
27,3,3,0,0,1,1,70,0.0,0.0,0.9461644,0.0,0.8944426594503745,0.0,0.91703963,0.0,0.882433078119109,0,0.9986928
17,2,6,3,0,1,1,12,0.0,0.0,0.99999535,0.0,0.9929011782440854,0.0,0.9961965,0.0,0.9896973455652845,0,0.99984765
65,2,3,0,4,1,1,25,0.0,0.0,0.9527248,0.0,0.9427033835962294,0.0,0.9912562,0.0,0.9819824887897047,0,0.9998036
35,2,7,1,0,0,1,50,1.0,0.0,0.6608662,0.0,0.5740947672802095,0.0,0.57083696,0.0,0.62368588218972,1,0.17312911
50,2,4,1,2,1,1,60,0.0,1.0,0.13049805,1.0,0.17977732698021476,1.0,0.16719842,1.0,0.17833060188236471,1,5.3267775e-07
33,2,3,0,4,1,0,32,0.0,0.0,0.9844218,0.0,0.9818705517155234,0.0,0.9918717,0.0,0.9855351098496185,0,0.99981755
41,2,3,1,0,1,1,40,1.0,0.0,0.76435935,0.0,0.6982123750476055,0.0,0.74590284,0.0,0.7492192642783739,0,0.7818397
25,2,3,3,0,1,1,40,0.0,0.0,0.990292,0.0,0.9833924674745405,0.0,0.9884554,0.0,0.9894470222177112,0,0.9998006
63,2,6,1,3,1,1,22,0.0,0.0,0.8353946,0.0,0.893754429355573,0.0,0.8637371,0.0,0.8739544979066793,0,0.96960056
31,0,7,3,4,1,1,13,0.0,0.0,0.9924035,0.0,0.9791538033425575,0.0,0.95822835,0.0,0.9720133187367369,0,0.9999906
34,2,7,1,0,0,1,40,0.0,0.0,0.7657756,0.0,0.796776623376446,0.0,0.69349873,0.0,0.7301202781336622,0,0.73095447
35,0,3,1,4,0,1,40,0.0,0.0,0.74807835,0.0,0.6472428155808384,0.0,0.7476434,0.0,0.7232939487563508,0,0.58512646
48,2,6,1,0,1,1,40,0.0,0.0,0.8750237,0.0,0.8863020359434385,0.0,0.87170035,0.0,0.8741853458116003,0,0.97797966
38,2,7,0,5,1,1,50,0.0,0.0,0.7946596,0.0,0.7849243968369691,0.0,0.9257503,0.0,0.9447126817093765,0,0.999876
28,2,7,3,4,1,0,30,0.0,0.0,0.9924393,0.0,0.9882343072930436,0.0,0.9893448,0.0,0.9899180109183517,0,0.9998215
51,3,0,0,5,1,0,99,0.0,0.0,0.71526915,0.0,0.7389171622108763,1.0,0.33547634,1.0,0.49833351569284734,1,2.48129e-05
22,2,7,3,0,1,1,25,0.0,0.0,0.9965287,0.0,0.9897754963579503,0.0,0.99639153,0.0,0.9899697592334556,0,0.9998549
38,1,6,3,1,1,0,32,0.0,0.0,0.99625987,0.0,0.983640464220034,0.0,0.9899128,0.0,0.9796861305431934,0,0.99997747
28,2,3,1,0,1,1,40,0.0,0.0,0.84946835,0.0,0.8915321525045957,0.0,0.8635098,0.0,0.8737517909641446,0,0.97557324
43,2,6,1,0,1,1,40,0.0,0.0,0.8892138,0.0,0.8788608840849278,0.0,0.8985811,0.0,0.894325481484722,0,0.9898718
33,3,6,1,0,1,1,50,0.0,0.0,0.90255255,0.0,0.8370916494105738,0.0,0.857546,0.0,0.8733383290272616,0,0.97379553
37,2,1,3,2,1,1,40,1.0,0.0,0.8107326,0.0,0.8063079314608649,0.0,0.81714016,0.0,0.8499084116082973,0,0.99983275
44,3,7,1,4,1,1,40,1.0,0.0,0.6060156,0.0,0.7383831335371818,0.0,0.5133143,0.0,0.5543559924471098,1,0.075912446
53,2,6,4,3,0,0,25,0.0,0.0,0.9907345,0.0,0.9729130519131987,0.0,0.9960725,0.0,0.9896973455652845,0,0.99982125
53,0,3,1,0,0,1,40,1.0,0.0,0.69911003,0.0,0.7204649112198593,0.0,0.7018647,0.0,0.6685263095257128,1,0.393752
27,2,6,3,3,0,0,20,0.0,0.0,0.9992457,0.0,0.9889135682397157,0.0,0.9967979,0.0,0.9899697592334556,0,0.9998505
62,2,7,0,5,1,0,40,0.0,0.0,0.886937,0.0,0.9487155827962045,0.0,0.892477,0.0,0.941873115726649,0,0.9999893
34,2,3,1,2,1,1,60,1.0,1.0,0.4509604,1.0,0.42164156659511975,0.0,0.60673916,0.0,0.502230706712216,1,0.005103032
29,2,3,1,0,0,0,40,0.0,0.0,0.86204195,0.0,0.9355825124288446,0.0,0.8668237,0.0,0.8700664057474417,0,0.9651129
51,3,1,1,5,1,0,40,1.0,1.0,0.3569129,1.0,0.36945038152261733,1.0,0.24757087,1.0,0.23086222436302806,1,6.85735e-07
19,2,7,3,2,1,1,10,0.0,0.0,0.9970521,0.0,0.9849557694279112,0.0,0.9303673,0.0,0.9786755571489087,0,0.9999032
38,0,2,1,2,1,1,40,1.0,1.0,0.1876691,1.0,0.17343709499849302,1.0,0.19400096,1.0,0.32877769678359137,1,1.03313605e-05
27,2,7,3,5,1,0,40,0.0,0.0,0.97379005,0.0,0.9861827339799554,0.0,0.98557526,0.0,0.9764106201536003,0,0.99993443
35,2,7,1,0,1,1,40,0.0,0.0,0.7014741,0.0,0.7336674494282687,0.0,0.70502913,0.0,0.7301202781336622,0,0.67219585
40,1,6,0,1,1,0,5,0.0,0.0,0.99614865,0.0,0.9680316932443458,0.0,0.9925981,0.0,0.9796861305431934,0,0.9999865
37,2,1,3,0,1,1,90,1.0,0.0,0.79119307,0.0,0.7741150217434338,0.0,0.604295,0.0,0.5753464122414746,1,0.119091436
36,2,7,1,3,1,1,50,1.0,1.0,0.47933382,1.0,0.3822206002197378,1.0,0.39239556,1.0,0.4549795828523413,1,0.0025389895
63,3,6,1,0,1,1,40,0.0,0.0,0.880409,0.0,0.8369618981596862,0.0,0.8066665,0.0,0.8257778323010256,0,0.915345
51,3,3,0,3,1,1,40,0.0,0.0,0.91728157,0.0,0.8532634484307037,0.0,0.9220443,0.0,0.8985250233550862,0,0.99894935
40,2,7,1,4,1,1,40,0.0,0.0,0.6556156,0.0,0.6566374097601655,0.0,0.64002097,0.0,0.646717427696337,1,0.20443058
43,2,3,0,3,1,1,20,0.0,0.0,0.9734172,0.0,0.9450782305182746,0.0,0.9914288,0.0,0.9899697592334556,0,0.9998166
28,2,3,1,0,1,1,40,0.0,0.0,0.84946835,0.0,0.8915321525045957,0.0,0.8635098,0.0,0.8737517909641446,0,0.97557324
23,2,7,3,3,1,1,30,0.0,0.0,0.9945913,0.0,0.9831899388308786,0.0,0.994788,0.0,0.9899697592334556,0,0.9998511
37,2,1,1,0,1,1,40,1.0,1.0,0.4592386,0.0,0.6618489702735324,1.0,0.47450763,0.0,0.5056248516003692,1,0.0037432415
18,2,3,3,4,1,1,20,0.0,0.0,0.99906516,0.0,0.9895318220235824,0.0,0.9924746,0.0,0.9899697592334556,0,0.9998248
35,2,3,0,5,1,0,40,0.0,0.0,0.95452,0.0,0.9778649470808207,0.0,0.9468037,0.0,0.9548790638767506,0,0.9997334
51,0,1,1,2,1,1,26,0.0,1.0,0.39067584,0.0,0.6684257580724967,1.0,0.27009648,1.0,0.2738588969576401,1,1.207002e-05
40,2,1,1,3,1,1,50,1.0,1.0,0.23861694,1.0,0.24081649608773947,1.0,0.24834752,1.0,0.24743602243029772,1,4.970864e-07
37,2,3,3,0,0,1,40,0.0,0.0,0.9822228,0.0,0.9776133682287683,0.0,0.9878758,0.0,0.9894470222177112,0,0.9997993
44,2,3,1,5,1,1,60,1.0,1.0,0.34674644,1.0,0.3215874190874689,1.0,0.45610213,0.0,0.5277608128365854,1,0.0010002224
25,0,7,3,5,0,0,35,0.0,0.0,0.9883691,0.0,0.9864044867777235,0.0,0.99139404,0.0,0.9612734942859241,0,0.99998903
19,2,6,3,4,1,1,30,0.0,0.0,0.99959964,0.0,0.9898680768219371,0.0,0.996983,0.0,0.9899697592334556,0,0.99983513
70,1,3,1,1,1,1,14,0.0,0.0,0.77002597,0.0,0.8810995143524954,0.0,0.9051359,0.0,0.8636716850430605,0,0.96079147
41,2,1,0,2,0,1,40,0.0,0.0,0.7521857,0.0,0.5777033156120739,0.0,0.9287638,0.0,0.875288479290545,0,0.99979717
20,1,3,3,1,1,1,40,0.0,0.0,0.9955129,0.0,0.985511211745991,0.0,0.9930134,0.0,0.9725553570639943,0,0.9999832
34,2,7,3,4,1,0,40,0.0,0.0,0.97850835,0.0,0.985321112954967,0.0,0.98374534,0.0,0.9854531904165189,0,0.99978155
51,0,2,1,2,1,1,52,1.0,1.0,0.13319051,1.0,0.12265984520143436,1.0,0.21436942,1.0,0.16318885734803423,1,1.0912023e-05
43,2,3,2,5,1,0,48,0.0,0.0,0.9132946,0.0,0.9387439731073668,0.0,0.9071896,0.0,0.8856502154908354,0,0.99524236
34,3,6,1,0,1,1,40,0.0,0.0,0.93170667,0.0,0.8715266411625935,0.0,0.89716244,0.0,0.9014121817326304,0,0.9945285
53,2,1,1,5,1,1,40,1.0,1.0,0.19583547,1.0,0.1987651383086535,1.0,0.2293483,1.0,0.2118215428638438,1,5.3725705e-07
32,2,3,0,0,0,0,40,0.0,0.0,0.9743788,0.0,0.9703202511686454,0.0,0.98001665,0.0,0.9859906533506766,0,0.99978274
48,2,4,1,5,1,1,40,1.0,1.0,0.14897466,1.0,0.16230159613606232,1.0,0.24566555,1.0,0.2545391777869971,1,4.79359e-07
25,1,6,3,1,1,0,40,0.0,0.0,0.99677086,0.0,0.9854558356288541,0.0,0.99147505,0.0,0.9796861305431934,0,0.9999795
43,2,3,1,5,1,1,40,0.0,0.0,0.54604584,1.0,0.4815441825120915,0.0,0.58901006,0.0,0.5857957100182242,1,0.06462043
20,2,3,3,0,1,1,40,0.0,0.0,0.99500275,0.0,0.9839535596896772,0.0,0.98805225,0.0,0.9894470222177112,0,0.9997993
21,2,7,3,0,1,1,70,0.0,0.0,0.9659678,0.0,0.9351585166894705,0.0,0.95622957,0.0,0.9548790638767506,0,0.9997516
37,3,3,1,3,1,1,45,0.0,0.0,0.5966126,0.0,0.5841259201420756,0.0,0.64834464,0.0,0.6236624557708759,1,0.23642662
33,2,7,1,4,1,1,40,0.0,0.0,0.7357716,0.0,0.6992194392347826,0.0,0.6863783,0.0,0.6745824083976037,0,0.5532818
31,2,7,0,0,1,1,40,0.0,0.0,0.9539527,0.0,0.9466490831745041,0.0,0.98659176,0.0,0.9810567097828234,0,0.9998179
33,2,7,2,4,1,0,50,0.0,0.0,0.94002926,0.0,0.9644359380644807,0.0,0.96637446,0.0,0.968633069959975,0,0.99881786
62,0,3,4,5,1,0,40,0.0,0.0,0.90742517,0.0,0.9279050681165212,0.0,0.9712497,0.0,0.9187501279960766,0,0.99958926
44,0,1,1,5,1,1,46,1.0,1.0,0.2509225,1.0,0.2594167255960199,1.0,0.21543759,1.0,0.23777771568763362,1,4.515827e-06
48,1,6,2,1,1,1,40,0.0,0.0,0.98947793,0.0,0.9571032165677548,0.0,0.9903444,0.0,0.9740562676983328,0,0.99997354
43,2,1,0,4,1,1,40,0.0,0.0,0.80549604,0.0,0.7788885270351836,0.0,0.8266338,0.0,0.9342104866877009,0,0.998089
48,3,7,0,0,1,1,40,0.0,0.0,0.9205765,0.0,0.8926264183519214,0.0,0.91739523,0.0,0.9679168581803899,0,0.9999614
55,0,4,3,2,1,0,45,0.0,0.0,0.7023707,0.0,0.7128428082977025,0.0,0.54843116,0.0,0.6653780908560774,1,0.0005953798
44,2,3,3,0,0,0,45,0.0,0.0,0.9721735,0.0,0.9729751707360904,0.0,0.9561037,0.0,0.9548790638767506,0,0.99971825
41,2,0,0,3,1,1,40,0.0,0.0,0.8768972,0.0,0.9170839068756099,0.0,0.9418101,0.0,0.9178616951715529,0,0.9996853
34,2,1,1,2,1,1,40,1.0,1.0,0.32063663,1.0,0.2830369464366683,1.0,0.31652224,1.0,0.2691565412990162,1,7.124045e-07
24,2,7,3,5,1,0,40,0.0,0.0,0.9791009,0.0,0.9863668753958992,0.0,0.98919463,0.0,0.979396889613158,0,0.99993587
39,2,0,1,0,1,1,40,0.0,0.0,0.6439686,0.0,0.6044789158550797,0.0,0.67717415,0.0,0.6440673257910199,1,0.28679654
42,2,0,0,5,1,0,40,0.0,0.0,0.9060435,0.0,0.9476505002236192,0.0,0.9152416,0.0,0.9514424945420269,0,0.9997209
30,2,1,1,3,1,1,40,1.0,1.0,0.4358759,1.0,0.36147504518739226,1.0,0.47152507,1.0,0.44805050875402486,1,0.00022604478
39,2,1,1,0,1,0,40,1.0,1.0,0.49389338,0.0,0.5835331395828142,1.0,0.49557018,1.0,0.4949088791237174,1,0.002554324
50,3,7,1,0,1,1,48,0.0,0.0,0.56138116,0.0,0.6124891592897674,0.0,0.584154,0.0,0.5466986192976098,1,0.0012832052
43,2,3,3,4,0,0,40,0.0,0.0,0.98251605,0.0,0.9855185838005883,0.0,0.9882708,0.0,0.9819824887897047,0,0.99980265
53,0,7,3,2,1,0,40,0.0,0.0,0.9283417,0.0,0.9006317201274783,0.0,0.9429676,0.0,0.9347223717409008,0,0.99997234
20,2,3,3,3,1,0,8,0.0,0.0,0.9992402,0.0,0.9884453031830714,0.0,0.99251556,0.0,0.9899697592334556,0,0.9998331
23,2,6,3,5,1,1,40,0.0,0.0,0.99435085,0.0,0.9830951419453828,0.0,0.9939494,0.0,0.9823453107428322,0,0.9998709
74,2,3,1,4,1,1,15,0.0,0.0,0.7849317,0.0,0.8563189979511365,0.0,0.61462957,0.0,0.6751060285114975,1,0.3858919
22,2,7,3,5,1,1,35,0.0,0.0,0.98944104,0.0,0.9886867353511172,0.0,0.9846244,0.0,0.9832932887117538,0,0.99993336
63,1,3,1,1,1,1,25,0.0,0.0,0.7578318,0.0,0.8020341791816017,0.0,0.9145581,0.0,0.5004368499523655,0,0.9434036
41,2,3,3,3,1,1,50,0.0,0.0,0.93307924,0.0,0.9337989178520006,0.0,0.9190153,0.0,0.9424718849954978,0,0.9992873
26,2,3,1,2,1,1,40,0.0,0.0,0.6933822,0.0,0.7068635146158335,0.0,0.7277485,0.0,0.7375121228418426,0,0.54993194
32,0,7,1,4,1,1,99,0.0,1.0,0.3857234,0.0,0.7163070294661666,1.0,0.20642805,1.0,0.22754284942690461,1,9.617675e-07
29,2,2,3,2,1,1,40,0.0,0.0,0.7724081,0.0,0.8233206963154869,0.0,0.91770065,0.0,0.7855478353983527,1,0.3989435
44,2,1,1,5,0,1,40,0.0,1.0,0.3051983,1.0,0.27034613136662733,1.0,0.1545046,1.0,0.20276384697090444,1,4.6873808e-07
24,0,1,3,5,1,1,40,0.0,0.0,0.92721045,0.0,0.9555218224159799,0.0,0.95546293,0.0,0.9618424420871812,0,0.99986124
32,2,6,1,4,1,0,60,0.0,0.0,0.9072587,0.0,0.9132615679267749,0.0,0.889621,0.0,0.8384112200203039,0,0.9310408
40,0,3,1,5,1,1,40,0.0,0.0,0.5736848,0.0,0.5266606322986473,0.0,0.50849485,0.0,0.6221724221336338,1,0.102370545
22,2,3,0,4,1,0,30,0.0,0.0,0.9916479,0.0,0.9820860503940009,0.0,0.99129224,0.0,0.9894470222177112,0,0.99981874
22,2,6,3,3,1,0,40,0.0,0.0,0.9982581,0.0,0.9839214058148777,0.0,0.99379134,0.0,0.9894470222177112,0,0.9998374
48,2,3,1,0,1,1,46,0.0,0.0,0.62271935,0.0,0.5369761295973987,0.0,0.6195196,0.0,0.6307793578535944,1,0.1989125
40,2,3,2,5,1,0,37,0.0,0.0,0.9584499,0.0,0.9721462703106549,0.0,0.9836196,0.0,0.9788326511443995,0,0.9997497
31,2,3,1,4,1,1,40,0.0,0.0,0.8084476,0.0,0.8063429038605611,0.0,0.8442126,0.0,0.8409292569353357,0,0.92323905
27,2,7,1,5,1,1,40,0.0,0.0,0.67246187,0.0,0.6692283573791836,0.0,0.6579536,0.0,0.6307551497623776,1,0.20806468
59,2,1,1,5,1,1,50,0.0,1.0,0.12373549,1.0,0.1360773017472343,1.0,0.20188063,1.0,0.17734971812946598,1,5.9398934e-07
29,2,3,1,5,1,1,40,0.0,0.0,0.70350254,0.0,0.7415752753260509,0.0,0.755182,0.0,0.7277306171796802,0,0.6135699
64,2,7,0,5,1,0,40,0.0,0.0,0.8830756,0.0,0.9487155827962045,0.0,0.90860265,0.0,0.936897109616067,0,0.9999894
21,2,6,1,0,1,1,50,0.0,0.0,0.94290346,0.0,0.9497439864529068,0.0,0.9106243,0.0,0.918456724449565,0,0.9955433
24,0,7,3,4,1,1,50,1.0,0.0,0.96278375,0.0,0.9735609455565596,0.0,0.9246996,0.0,0.9758031719434781,0,0.9999871
20,2,7,3,4,1,0,24,0.0,0.0,0.9969044,0.0,0.9894253245275266,0.0,0.99218595,0.0,0.9899153546152761,0,0.9998281
31,0,7,3,5,0,0,25,0.0,0.0,0.986338,0.0,0.9867639720056978,0.0,0.9854114,0.0,0.9595517068777449,0,0.99999046
27,2,3,3,0,1,1,60,0.0,0.0,0.9701031,0.0,0.967642382305294,0.0,0.9485158,0.0,0.9573538297068056,0,0.99966514
37,2,7,1,0,1,1,50,0.0,0.0,0.557724,0.0,0.5376956529179806,0.0,0.5706532,0.0,0.566742125015939,1,0.103713274
35,2,3,0,4,1,0,40,0.0,0.0,0.9706998,0.0,0.9771366088467162,0.0,0.98735946,0.0,0.9821220594613431,0,0.99979943
25,3,3,2,0,1,1,35,0.0,0.0,0.9865608,0.0,0.9722012329805348,0.0,0.9762272,0.0,0.9742619838872236,0,0.99976546
35,2,3,1,0,1,1,40,0.0,0.0,0.8028288,0.0,0.8285000847613533,0.0,0.8261456,0.0,0.8514576748514968,0,0.9466285
26,2,1,3,5,0,1,50,0.0,0.0,0.85075396,0.0,0.8155630179712613,0.0,0.87373906,0.0,0.891401130747935,0,0.99736553
41,2,1,1,3,1,1,40,1.0,1.0,0.30513728,1.0,0.2872751259941543,1.0,0.4995985,1.0,0.395624991178128,1,3.6074941e-06
42,2,3,1,5,1,1,45,0.0,1.0,0.45319027,1.0,0.39367964587246684,0.0,0.60868335,0.0,0.5276365388459907,1,0.018150842
42,2,1,2,4,0,1,50,0.0,0.0,0.79634094,0.0,0.6867354262792442,0.0,0.6330259,0.0,0.5974336971092451,1,0.2088378
46,2,5,1,2,1,1,45,1.0,1.0,0.106659174,1.0,0.14225833852937542,1.0,0.22228187,1.0,0.20930899542106607,1,5.0113704e-07
46,2,2,1,5,1,1,60,1.0,1.0,0.06803608,1.0,0.14266416942324645,1.0,0.17620414,1.0,0.2521507764212114,1,6.5055735e-07
56,2,0,1,0,1,1,45,1.0,1.0,0.4589072,0.0,0.5028460335390339,1.0,0.3319003,1.0,0.49978021086383173,1,0.00202644
71,3,3,1,0,0,1,35,0.0,0.0,0.7949287,0.0,0.7581256484660829,0.0,0.673821,0.0,0.6876510263550797,1,0.3691301
25,0,1,3,2,1,0,35,0.0,0.0,0.9594951,0.0,0.9557681808256477,0.0,0.9188765,0.0,0.951390489324693,0,0.9999964
48,3,7,1,3,1,1,70,1.0,1.0,0.33445567,1.0,0.39890466424986737,1.0,0.32469815,1.0,0.36228933952080755,1,6.593631e-07
35,2,6,4,4,1,0,80,0.0,0.0,0.98042023,0.0,0.9407575484820198,0.0,0.9832846,0.0,0.9760750157523282,0,0.9997775
42,2,7,0,4,1,0,32,0.0,0.0,0.9750991,0.0,0.9731884480145817,0.0,0.990085,0.0,0.9861709950891865,0,0.9998135
37,2,3,4,0,1,0,20,0.0,0.0,0.98654085,0.0,0.9768194662042731,0.0,0.99236155,0.0,0.9899697592334556,0,0.99982315
23,2,1,3,2,1,1,40,0.0,0.0,0.9181353,0.0,0.9266876072558534,0.0,0.9288538,0.0,0.9396191007371193,0,0.9997563
24,2,7,1,0,1,1,40,0.0,0.0,0.8170562,0.0,0.8919334833392142,0.0,0.8735232,0.0,0.8534629682551022,0,0.9368618
40,2,0,1,5,1,1,55,1.0,1.0,0.27829915,1.0,0.22803881832843054,1.0,0.3561681,1.0,0.3143678745269196,1,1.2452545e-06
62,1,3,1,1,0,1,24,0.0,0.0,0.767496,0.0,0.8159834276365573,0.0,0.9114708,0.0,0.8562390219713909,0,0.95677584
17,2,6,3,0,1,1,20,0.0,0.0,0.99999356,0.0,0.9920508658277523,0.0,0.99583465,0.0,0.9894470222177112,0,0.9998468
57,3,4,1,3,1,1,65,1.0,1.0,0.16340423,1.0,0.22710341485126384,1.0,0.21434426,1.0,0.2707860095083665,1,5.280377e-07
27,3,3,3,3,1,1,50,0.0,0.0,0.9699715,0.0,0.9579500975307393,0.0,0.91175926,0.0,0.9139785076295719,0,0.999164
56,3,6,1,0,1,1,40,0.0,0.0,0.8885849,0.0,0.797788614652405,0.0,0.81736505,0.0,0.8594169147708353,0,0.95330256
48,2,3,1,5,1,1,60,0.0,1.0,0.32180965,1.0,0.3215874190874689,1.0,0.4567876,1.0,0.4957414993598176,1,0.00037238075
27,2,5,1,2,1,0,50,1.0,1.0,0.1849652,1.0,0.23876493007600963,1.0,0.20907712,1.0,0.3036635346557258,1,5.0110975e-07
66,3,3,1,0,1,1,40,0.0,0.0,0.6945129,0.0,0.743410841986377,0.0,0.6272372,0.0,0.6236624557708759,1,0.11324821
19,1,3,3,1,1,0,28,0.0,0.0,0.99744314,0.0,0.989219604412561,0.0,0.9891683,0.0,0.9790835825040142,0,0.9999887
33,2,3,0,3,1,0,40,0.0,0.0,0.978638,0.0,0.9676012683264164,0.0,0.977841,0.0,0.9808173172732457,0,0.99977344
58,2,3,1,0,1,1,40,0.0,0.0,0.67202604,0.0,0.6127228582420674,0.0,0.6025687,0.0,0.6307793578535944,1,0.23406185
32,2,0,3,5,1,0,23,0.0,0.0,0.977211,0.0,0.9792634729744749,0.0,0.98626643,0.0,0.9829866330543058,0,0.99986184
47,2,0,3,4,1,0,55,0.0,0.0,0.9213923,0.0,0.9481707482901934,0.0,0.8881138,0.0,0.9082327305185973,0,0.99452657
37,3,3,3,0,1,1,35,0.0,0.0,0.9881104,0.0,0.9667118197369698,0.0,0.9816822,0.0,0.9823342173100582,0,0.9998012
30,2,1,3,2,1,0,37,0.0,0.0,0.92371964,0.0,0.9594789388950403,0.0,0.94938743,0.0,0.9593263502028287,0,0.99992657
41,2,7,0,3,1,0,48,0.0,0.0,0.93914396,0.0,0.94438449327655,0.0,0.96126103,0.0,0.9103666457375309,0,0.9997639
28,2,6,1,0,1,1,60,1.0,0.0,0.8803634,0.0,0.8859322816055482,0.0,0.8811995,0.0,0.8742383550784282,0,0.96441287
60,1,7,0,1,1,0,40,1.0,0.0,0.94595957,0.0,0.9292381965523644,0.0,0.9306896,0.0,0.9446821958997715,0,0.9943909
18,1,6,3,1,1,1,40,0.0,0.0,0.9991438,0.0,0.9898837845570975,0.0,0.9877608,0.0,0.9789799114964779,0,0.9999881
60,2,1,0,5,1,0,40,1.0,0.0,0.7649714,0.0,0.7391529804865844,0.0,0.6512673,0.0,0.538689758632026,1,0.015752798
50,2,7,1,3,1,1,40,1.0,1.0,0.48012573,1.0,0.44508703936010496,1.0,0.44677353,1.0,0.4549795828523413,1,0.0016604356
47,2,3,1,4,1,1,40,0.0,0.0,0.6940868,0.0,0.6963954620189583,0.0,0.6868992,0.0,0.6749041830305667,1,0.4344301
27,0,3,3,0,1,1,40,0.0,0.0,0.98115003,0.0,0.9777498772071902,0.0,0.96005374,0.0,0.9765663634271723,0,0.9998776
51,3,0,3,3,1,0,25,0.0,0.0,0.96201336,0.0,0.9140965954663475,0.0,0.93755233,0.0,0.9205400150622556,0,0.9998634
69,2,1,4,5,1,0,15,0.0,0.0,0.87660736,0.0,0.917897405119413,0.0,0.81624794,0.0,0.9179505429193068,0,0.9995797
20,1,7,3,1,1,1,25,0.0,0.0,0.9979023,0.0,0.9878615556733356,0.0,0.99141026,0.0,0.979953371400512,0,0.9999802
26,2,3,3,4,1,1,44,0.0,0.0,0.9838116,0.0,0.9840399143334578,0.0,0.9821807,0.0,0.9821220594613431,0,0.9997875
33,2,3,3,4,1,1,40,0.0,0.0,0.9839878,0.0,0.9849259303852966,0.0,0.98936915,0.0,0.985643797636976,0,0.9998105
33,2,6,1,0,1,1,40,0.0,0.0,0.91966933,0.0,0.9371518337358417,0.0,0.9424785,0.0,0.9283194095621534,0,0.99612904
27,2,1,3,2,1,0,40,0.0,0.0,0.90841115,0.0,0.9556590131425386,0.0,0.928011,0.0,0.9372348625646529,0,0.9998734
38,2,3,1,5,1,0,60,0.0,0.0,0.535741,0.0,0.58883409402414,0.0,0.51270247,0.0,0.5277608128365854,1,0.0029461444
31,2,1,3,5,1,0,50,1.0,0.0,0.85216486,0.0,0.8780075355139583,0.0,0.71927226,0.0,0.725419458819569,0,0.86556524
26,2,3,3,5,1,0,40,0.0,0.0,0.98485076,0.0,0.9887801953392277,0.0,0.9897157,0.0,0.9872993086838594,0,0.99983096
20,1,7,3,1,1,1,40,0.0,0.0,0.9954788,0.0,0.9884631029551495,0.0,0.99337745,0.0,0.9793966789580807,0,0.99997985
20,2,7,3,0,1,1,40,0.0,0.0,0.99300057,0.0,0.9859852155280582,0.0,0.9936196,0.0,0.9894470222177112,0,0.99984217
76,1,7,1,1,1,1,8,0.0,0.0,0.7606417,0.0,0.8291148555227431,0.0,0.7689632,0.0,0.7472159723223921,1,0.39660975
48,2,4,1,5,1,1,40,0.0,1.0,0.14897466,1.0,0.16230159613606232,1.0,0.24566555,1.0,0.2545391777869971,1,4.79359e-07
23,2,0,1,4,1,0,40,0.0,0.0,0.8349966,0.0,0.804061908568248,0.0,0.76858634,0.0,0.7776551834704041,0,0.72066486
21,2,3,3,0,0,1,32,0.0,0.0,0.9970253,0.0,0.9836993071249218,0.0,0.9918911,0.0,0.9896973455652845,0,0.9998167
19,2,7,3,3,1,1,25,0.0,0.0,0.9978621,0.0,0.9848952367000997,0.0,0.9962474,0.0,0.9899697592334556,0,0.9998485
23,1,3,3,1,1,1,40,0.0,0.0,0.993033,0.0,0.9843004651104853,0.0,0.9928549,0.0,0.9708045858893397,0,0.9999814
48,2,3,3,0,0,1,40,0.0,0.0,0.97311175,0.0,0.9760842370876227,0.0,0.98211086,0.0,0.9855313156610583,0,0.9997873
48,3,1,1,0,1,1,70,1.0,1.0,0.31354362,1.0,0.4342473054515327,1.0,0.33243495,1.0,0.36788844475412374,1,6.5794853e-07
50,0,1,0,4,1,1,40,1.0,0.0,0.7762182,0.0,0.8435012594382589,0.0,0.92276317,0.0,0.5665143109567126,0,0.9998542
44,3,4,0,5,0,0,40,0.0,0.0,0.70689577,0.0,0.717528412387545,0.0,0.67604,0.0,0.6670001664255487,0,0.7339138
22,2,6,3,0,1,1,65,0.0,0.0,0.992932,0.0,0.9700141246614593,0.0,0.9782337,0.0,0.9748378131289205,0,0.99979764
40,2,4,1,5,1,1,50,1.0,1.0,0.12640804,1.0,0.08384565312850101,1.0,0.1547898,1.0,0.2090141473626843,1,4.4735617e-07
38,3,1,1,0,1,1,99,0.0,1.0,0.3512389,0.0,0.6436435367893758,1.0,0.19929445,1.0,0.2350098379024278,1,7.4001946e-07
36,0,7,3,5,1,0,40,0.0,0.0,0.9584437,0.0,0.9732034168359566,0.0,0.9619429,0.0,0.9479883833018027,0,0.99996924
42,2,4,1,2,1,1,60,0.0,1.0,0.149037,1.0,0.209647080659343,1.0,0.18598026,1.0,0.20454499485712985,1,5.3876244e-07
29,2,6,1,0,1,1,40,0.0,0.0,0.9330837,0.0,0.9500336723081295,0.0,0.95770466,0.0,0.9453412262246254,0,0.99693334
46,3,4,1,5,1,1,45,1.0,1.0,0.19690764,1.0,0.18108449609759736,1.0,0.3233493,1.0,0.3001850344149076,1,7.2671736e-07
31,3,5,1,2,1,1,60,1.0,1.0,0.1530639,1.0,0.15357792191073427,1.0,0.1968658,1.0,0.1524789880057834,1,6.399244e-07
55,1,3,2,1,0,0,40,0.0,0.0,0.9669302,0.0,0.9618076460917989,0.0,0.8802312,0.0,0.8926598457597934,0,0.99851257
23,2,1,3,2,1,1,60,0.0,0.0,0.83159125,0.0,0.7936749545679564,0.0,0.85406303,0.0,0.8417194756184319,0,0.9510977
47,0,3,1,0,1,1,40,0.0,0.0,0.6693893,0.0,0.610342983783459,0.0,0.68990886,0.0,0.6685263095257128,1,0.42961347
26,2,1,3,5,1,0,50,0.0,0.0,0.8800968,0.0,0.9375792689542634,0.0,0.87373906,0.0,0.891401130747935,0,0.99736553
30,2,1,1,2,1,0,50,1.0,1.0,0.2960341,1.0,0.37645103853190753,1.0,0.26559186,1.0,0.27520405065817954,1,5.5576703e-07
29,0,3,3,0,0,1,45,0.0,0.0,0.97557175,0.0,0.9730797003063189,0.0,0.9158422,0.0,0.9679168581803899,0,0.9998845
49,2,3,1,5,1,0,30,0.0,0.0,0.75481254,0.0,0.688271815429849,0.0,0.6482704,0.0,0.6307793578535944,1,0.22018154
35,2,3,1,0,1,1,40,0.0,0.0,0.8028288,0.0,0.8285000847613533,0.0,0.8261456,0.0,0.8514576748514968,0,0.9466285
55,2,3,0,0,0,1,48,1.0,0.0,0.9241751,0.0,0.8970740509350946,0.0,0.93064654,0.0,0.930597877403704,0,0.999469
25,2,3,1,5,1,1,45,0.0,0.0,0.65834606,0.0,0.7522868597154719,0.0,0.6444261,0.0,0.6712322699249935,1,0.39823756
32,2,3,3,0,1,1,40,0.0,0.0,0.98393226,0.0,0.9806113063845955,0.0,0.9885155,0.0,0.9894470222177112,0,0.999801
53,3,1,1,5,0,0,50,0.0,1.0,0.31348437,1.0,0.3225074555959605,1.0,0.2295857,1.0,0.24000866227860884,1,5.341856e-07
27,2,3,3,4,0,0,40,0.0,0.0,0.9911298,0.0,0.9895111519289701,0.0,0.9884705,0.0,0.985643797636976,0,0.99981457
33,3,7,1,0,1,1,50,0.0,0.0,0.65947795,0.0,0.6912235821864368,0.0,0.5774983,0.0,0.6133429734334821,1,0.12753727
64,2,6,1,0,1,1,40,0.0,0.0,0.84297043,0.0,0.8672285572287282,0.0,0.8856909,0.0,0.8489331161565628,0,0.9461191
51,2,3,3,5,1,0,40,0.0,0.0,0.96100485,0.0,0.9715643792414925,0.0,0.95434195,0.0,0.9680639161909133,0,0.9996506
20,2,7,3,0,1,1,12,0.0,0.0,0.99874806,0.0,0.9912265079503523,0.0,0.996386,0.0,0.9899697592334556,0,0.9998547
30,2,0,1,3,1,1,45,1.0,0.0,0.5441246,0.0,0.6566834511269521,0.0,0.6553053,0.0,0.568131891855731,1,0.08933074
34,2,3,0,2,1,1,40,0.0,0.0,0.93015236,0.0,0.9050373718662608,0.0,0.9903591,0.0,0.9883730671989268,0,0.99986565
42,2,3,0,5,1,0,45,0.0,0.0,0.92033374,0.0,0.9638226502036509,0.0,0.93612576,0.0,0.9355644792704981,0,0.9994289
22,2,0,3,5,1,1,55,0.0,0.0,0.924888,0.0,0.9014128642199978,0.0,0.9214291,0.0,0.9462527743797302,0,0.9995968
33,2,1,3,5,1,0,40,0.0,0.0,0.9026033,0.0,0.9463484605579258,0.0,0.89943105,0.0,0.9050320562538712,0,0.9996649
32,2,3,3,0,1,1,40,0.0,0.0,0.98393226,0.0,0.9806113063845955,0.0,0.9885155,0.0,0.9894470222177112,0,0.999801
19,2,3,3,3,1,1,35,0.0,0.0,0.9976364,0.0,0.9878468698472233,0.0,0.9915082,0.0,0.9899697592334556,0,0.9998159
51,2,6,0,4,1,0,25,0.0,0.0,0.99369437,0.0,0.9780518204967004,0.0,0.9955427,0.0,0.9899153546152761,0,0.9998192
45,3,1,1,5,0,1,45,1.0,1.0,0.30686545,1.0,0.34507644651831704,1.0,0.2330786,1.0,0.23343330728900735,1,5.432252e-07
21,1,7,3,1,1,1,40,0.0,0.0,0.99467206,0.0,0.9884631029551495,0.0,0.9937505,0.0,0.9793966789580807,0,0.99998045
33,2,3,1,0,1,1,43,0.0,0.0,0.753368,0.0,0.711489678062303,0.0,0.72979575,0.0,0.7492192642783739,0,0.76900536
42,3,0,1,0,1,1,80,1.0,1.0,0.49043012,0.0,0.5745411329585866,1.0,0.4792869,1.0,0.4850680739430052,1,7.065133e-05
63,1,7,4,1,0,0,24,0.0,0.0,0.9662446,0.0,0.9608146626049283,0.0,0.98612434,0.0,0.9679466722423448,0,0.9992592
18,2,6,3,4,1,0,16,0.0,0.0,0.9997412,0.0,0.9897582726096436,0.0,0.9969733,0.0,0.9899697592334556,0,0.9998385
20,1,7,3,1,1,1,15,0.0,0.0,0.9985383,0.0,0.9888645188946411,0.0,0.9931576,0.0,0.9795846740159107,0,0.9999825
37,3,3,1,3,1,1,45,1.0,0.0,0.5966126,0.0,0.5841259201420756,0.0,0.64834464,0.0,0.6236624557708759,1,0.23642662
23,2,1,3,5,1,0,60,0.0,0.0,0.8751143,0.0,0.9442634422221456,0.0,0.7472743,0.0,0.8190130947093022,0,0.9866637
48,2,3,1,0,1,1,40,0.0,0.0,0.7218474,0.0,0.6568296298807168,0.0,0.7090225,0.0,0.7277306171796802,0,0.6056758
55,2,3,3,5,1,0,45,0.0,0.0,0.9388143,0.0,0.9518355596828726,0.0,0.9380487,0.0,0.8741182745914475,0,0.9988444
41,2,1,1,2,1,1,70,0.0,1.0,0.21282744,1.0,0.24125741051984917,1.0,0.17045969,1.0,0.2057617410676923,1,5.1253994e-07
33,0,0,1,2,1,1,60,0.0,1.0,0.3911332,1.0,0.46137562631594664,1.0,0.3397814,1.0,0.266122581557355,1,2.4688784e-06
21,2,7,3,2,0,0,4,0.0,0.0,0.99741936,0.0,0.9877816063231439,0.0,0.91908723,0.0,0.9693438363382854,0,0.99991155
90,2,4,3,5,1,0,40,0.0,0.0,0.7607058,0.0,0.752965876122478,1.0,0.40047145,1.0,0.4318361524626352,1,1.4061103e-06
39,2,3,1,0,1,1,45,1.0,0.0,0.69572616,0.0,0.6311605117206847,0.0,0.7075138,0.0,0.7277306171796802,0,0.531848
52,3,7,3,5,1,1,5,0.0,0.0,0.97526485,0.0,0.9493041095763242,0.0,0.9682914,0.0,0.9566401273793268,0,0.9999949
59,2,5,3,2,1,1,50,0.0,1.0,0.44255525,1.0,0.3849874136314675,1.0,0.38486058,1.0,0.45360917784561416,1,4.0646205e-06
38,3,6,0,0,1,1,40,0.0,0.0,0.98735857,0.0,0.9518318531826928,0.0,0.9571203,0.0,0.969195036166044,0,0.9998512
46,0,3,0,5,1,1,40,0.0,0.0,0.8978981,0.0,0.9131909706624268,0.0,0.95318556,0.0,0.9674495911587946,0,0.9999436
64,2,3,1,5,1,1,16,0.0,0.0,0.6340064,0.0,0.6562967460158267,0.0,0.56789994,0.0,0.6032148183164494,1,0.13562608
65,1,6,1,1,1,1,40,0.0,0.0,0.89951134,0.0,0.8767465427083926,0.0,0.89083445,0.0,0.8784150322059026,0,0.9942642
21,2,7,3,4,1,1,15,0.0,0.0,0.9985713,0.0,0.9896401875956957,0.0,0.9912741,0.0,0.9899180109183517,0,0.9998299
30,2,7,0,5,1,1,50,1.0,0.0,0.8578514,0.0,0.7965052268477658,0.0,0.9461205,0.0,0.9664435693132375,0,0.9999056
50,2,3,1,0,1,1,40,0.0,0.0,0.710691,0.0,0.627693206171709,0.0,0.66098297,0.0,0.6916737970963738,1,0.4375639
49,0,4,1,5,1,1,40,1.0,1.0,0.19688964,1.0,0.18197290516046183,1.0,0.2559777,1.0,0.25084075061890587,1,1.3880306e-06
23,1,1,3,1,1,0,50,0.0,0.0,0.96617705,0.0,0.969829230169389,0.0,0.92598253,0.0,0.9404253479576478,0,0.99577445
43,2,4,1,2,1,1,40,1.0,1.0,0.20133609,1.0,0.2193639527463226,1.0,0.29885972,1.0,0.24770165027898827,1,5.4122916e-07
20,0,3,3,5,1,1,20,0.0,0.0,0.9936833,0.0,0.9853114318575673,0.0,0.9943918,0.0,0.9764106201536003,0,0.99996316
35,2,6,1,0,1,1,40,0.0,0.0,0.91277534,0.0,0.91453698579652,0.0,0.92849326,0.0,0.9220296735239675,0,0.99544466
23,2,7,3,4,1,1,25,0.0,0.0,0.99687356,0.0,0.9889095865888641,0.0,0.9908963,0.0,0.9899180109183517,0,0.9998292
37,3,1,1,2,1,1,45,0.0,1.0,0.32022053,1.0,0.3364303558670504,1.0,0.19601619,1.0,0.22101353613709518,1,4.962887e-07
19,2,3,3,5,1,1,12,0.0,0.0,0.9981979,0.0,0.9900671755490366,0.0,0.9942295,0.0,0.9899697592334556,0,0.9998406
33,2,3,1,0,1,1,56,1.0,0.0,0.6661039,0.0,0.679012321207372,0.0,0.62818277,0.0,0.6436257656744688,1,0.37856182
56,2,6,2,4,1,0,32,0.0,0.0,0.9923585,0.0,0.9745706625284902,0.0,0.9959171,0.0,0.9893898126315587,0,0.99982136
53,0,6,1,4,1,1,40,0.0,0.0,0.7965034,0.0,0.8175606867545668,0.0,0.87895864,0.0,0.8706695834486413,0,0.9681759
49,2,1,1,5,1,1,40,1.0,1.0,0.21350622,1.0,0.19085537108950434,1.0,0.19916564,1.0,0.24816688393749908,1,5.078437e-07
44,3,3,1,0,1,1,60,1.0,0.0,0.65253204,0.0,0.7109923389248224,0.0,0.5918337,0.0,0.6081581843237006,1,0.09324543
23,2,0,3,4,0,1,44,0.0,0.0,0.9796528,0.0,0.9803342276139008,0.0,0.9784692,0.0,0.9777639362953571,0,0.9997334
36,2,7,1,3,1,1,40,0.0,0.0,0.6325935,0.0,0.691234141705608,0.0,0.6254804,0.0,0.5974500003352459,1,0.13238412
57,3,3,1,0,1,1,60,0.0,0.0,0.600736,0.0,0.5991171531507287,0.0,0.623401,0.0,0.5543559924471098,1,0.032783147
44,2,3,1,0,0,1,40,0.0,0.0,0.8083254,0.0,0.7866592009135136,0.0,0.7334559,0.0,0.7492192642783739,0,0.7448542
58,2,4,1,2,1,1,50,1.0,1.0,0.12307781,1.0,0.1676057804061546,1.0,0.16442102,1.0,0.17833060188236471,1,5.3141025e-07
19,2,7,3,5,1,1,30,0.0,0.0,0.9950664,0.0,0.989383037807644,0.0,0.99193984,0.0,0.9838241508629151,0,0.9999186
23,2,6,3,0,1,1,40,0.0,0.0,0.9972949,0.0,0.9802893598467025,0.0,0.9926591,0.0,0.9894470222177112,0,0.99983835
40,2,7,1,0,1,1,43,0.0,0.0,0.5815816,0.0,0.5478019317580515,0.0,0.5605794,0.0,0.62368588218972,1,0.16586207
36,2,7,3,0,1,1,60,0.0,0.0,0.92746776,0.0,0.9306903854593979,0.0,0.959162,0.0,0.9450331577794913,0,0.9997559
60,1,3,1,1,1,1,5,0.0,0.0,0.8422948,0.0,0.8900686658759462,0.0,0.9154278,0.0,0.8592907879068306,0,0.9962442
50,2,3,1,0,1,0,40,0.0,0.0,0.7691787,0.0,0.8021977376960213,0.0,0.66098297,0.0,0.6916737970963738,1,0.4375639
28,2,4,1,3,1,1,45,1.0,1.0,0.26114213,1.0,0.29063618454862983,1.0,0.31310666,1.0,0.43352145362755334,1,8.087025e-05
21,1,7,3,1,1,0,40,0.0,0.0,0.99214727,0.0,0.9894550847293911,0.0,0.9937505,0.0,0.9793966789580807,0,0.99998045
31,2,7,1,5,0,1,40,1.0,0.0,0.63193536,0.0,0.575088694414317,0.0,0.57937026,0.0,0.5494164969838116,1,0.03501155
35,2,0,0,0,1,0,24,0.0,0.0,0.9723604,0.0,0.9532408576499497,0.0,0.9892959,0.0,0.9887805545873848,0,0.99982697
69,0,3,1,5,1,1,35,0.0,0.0,0.5259417,0.0,0.547462793069944,0.0,0.5080714,0.0,0.5083086268414929,1,0.0027684488
61,1,6,1,1,1,1,20,0.0,0.0,0.93051904,0.0,0.8942857093989518,0.0,0.95763034,0.0,0.9304960762937436,0,0.99979204
48,2,6,1,0,0,1,40,0.0,0.0,0.8984314,0.0,0.8502425972329178,0.0,0.87170035,0.0,0.8741853458116003,0,0.97797966
19,2,7,3,3,1,0,38,0.0,0.0,0.99692816,0.0,0.9857313578244267,0.0,0.995612,0.0,0.9899697592334556,0,0.99984515
38,2,6,0,0,0,0,40,0.0,0.0,0.9929886,0.0,0.97732240047715,0.0,0.9855867,0.0,0.9810567097828234,0,0.99981743
44,0,4,3,2,1,0,55,0.0,0.0,0.7079836,0.0,0.8111462007334849,0.0,0.6963284,0.0,0.6008871425973098,1,0.002265503
54,2,3,0,0,1,1,45,0.0,0.0,0.9110117,0.0,0.9019827200896793,0.0,0.9285267,0.0,0.930597877403704,0,0.9995553
60,3,6,1,0,1,1,40,0.0,0.0,0.8837041,0.0,0.8359923720512726,0.0,0.80082506,0.0,0.8473880004297383,0,0.9333838
46,2,7,1,3,1,1,40,1.0,0.0,0.5189107,1.0,0.47277673595869474,1.0,0.39061338,1.0,0.4949088791237174,1,0.008238584
28,0,0,3,0,1,1,5,0.0,0.0,0.9927301,0.0,0.9679880758880046,0.0,0.9310203,0.0,0.9743388173457996,0,0.99998426
55,2,3,1,5,1,1,40,1.0,1.0,0.45519447,1.0,0.4030599775548268,0.0,0.55317605,0.0,0.5323430231916462,1,0.008743587
54,2,3,0,3,1,0,35,0.0,0.0,0.97264653,0.0,0.9562675230457147,0.0,0.9815022,0.0,0.9868458066073523,0,0.9997842
28,2,3,3,0,1,0,40,0.0,0.0,0.98889804,0.0,0.985558804944211,0.0,0.98853916,0.0,0.9894470222177112,0,0.999801
23,1,3,3,1,1,1,40,0.0,0.0,0.993033,0.0,0.9843004651104853,0.0,0.9928549,0.0,0.9708045858893397,0,0.9999814
30,2,3,1,5,1,0,20,0.0,0.0,0.8751434,0.0,0.9310234971177768,0.0,0.85488683,0.0,0.8628154346938051,0,0.9545356
22,2,7,3,3,1,1,20,0.0,0.0,0.9967439,0.0,0.9831899388308786,0.0,0.9946478,0.0,0.9899697592334556,0,0.9998522
38,2,1,3,4,1,1,40,0.0,0.0,0.90268487,0.0,0.9515128447399195,0.0,0.94090843,0.0,0.9568261402237868,0,0.9982957
52,2,3,1,0,1,1,50,1.0,0.0,0.57040286,1.0,0.4790851480832117,0.0,0.56620044,0.0,0.6032148183164494,1,0.13470276
47,2,3,1,3,1,1,45,1.0,1.0,0.4621703,0.0,0.5505034422204736,0.0,0.5195817,0.0,0.5494164969838116,1,0.046098296
49,2,7,1,0,1,1,50,0.0,1.0,0.47916353,1.0,0.4725869262959749,1.0,0.4921041,0.0,0.5018054427289249,1,0.0040120934
26,2,3,1,3,1,1,40,0.0,0.0,0.8126007,0.0,0.8360812092309984,0.0,0.8172018,0.0,0.8340187964200334,0,0.9196252
59,3,6,1,0,1,1,70,0.0,0.0,0.817473,0.0,0.8096532356095398,0.0,0.73066914,0.0,0.7479719011705241,0,0.62357706
35,2,2,3,2,1,0,80,1.0,0.0,0.6132669,0.0,0.6796289705037533,1.0,0.13077366,1.0,0.33454462227615644,1,2.7974584e-06
38,0,3,1,5,1,1,40,1.0,0.0,0.5907205,0.0,0.5266606322986473,0.0,0.6008488,0.0,0.6333008338381714,1,0.14011036
37,2,0,0,2,1,0,40,0.0,0.0,0.8982118,0.0,0.9020335702764691,0.0,0.96971095,0.0,0.9765922493345995,0,0.9998865
18,2,6,3,0,1,1,27,0.0,0.0,0.9996269,0.0,0.9903767673876359,0.0,0.99586284,0.0,0.9899697592334556,0,0.9998528
33,2,1,1,5,1,1,40,1.0,1.0,0.33959562,1.0,0.34200465695127846,1.0,0.33315122,1.0,0.3050129776537356,1,7.1985346e-07
21,2,7,3,4,0,0,8,0.0,0.0,0.99867195,0.0,0.9913781404683452,0.0,0.9907473,0.0,0.9899180109183517,0,0.99982846
69,2,6,3,0,1,0,40,0.0,0.0,0.98204046,0.0,0.9493511643535493,0.0,0.9871328,0.0,0.9678502180077607,0,0.999795
47,2,6,3,4,1,0,50,0.0,0.0,0.9885173,0.0,0.9820793689315559,0.0,0.9937168,0.0,0.9808537247456942,0,0.99980396
62,3,3,4,5,1,0,30,0.0,0.0,0.9343801,0.0,0.8530235626475802,0.0,0.9499888,0.0,0.9009555725499749,0,0.9994155
29,2,0,1,2,1,1,40,0.0,0.0,0.5040473,0.0,0.5631421110445121,0.0,0.56950605,0.0,0.5361745820742121,1,0.0098937
23,2,7,1,3,1,0,47,0.0,0.0,0.81880033,0.0,0.8311131093907427,0.0,0.6371727,0.0,0.639052074019741,1,0.29238984
35,2,3,0,0,1,1,46,0.0,0.0,0.9426232,0.0,0.9468651439466287,0.0,0.9508119,0.0,0.951331347119149,0,0.999721
33,2,0,1,4,1,1,40,0.0,0.0,0.66639495,0.0,0.6847397146930436,0.0,0.6364304,0.0,0.6513853538817844,1,0.41557053
37,2,1,1,5,1,1,50,1.0,1.0,0.20970905,1.0,0.15237040251308231,1.0,0.18080336,1.0,0.15088319552693885,1,4.877434e-07
49,2,6,1,0,1,1,40,0.0,0.0,0.8726162,0.0,0.8897193575031812,0.0,0.86427104,0.0,0.8741853458116003,0,0.9760548
54,2,6,0,4,0,0,10,0.0,0.0,0.99650043,0.0,0.9820289918803078,0.0,0.9940862,0.0,0.9899153546152761,0,0.99981827
42,0,4,1,2,1,1,50,1.0,1.0,0.20414042,1.0,0.1926331936249568,1.0,0.2115413,1.0,0.2271396870832746,1,8.814404e-07
36,0,3,2,4,1,0,32,0.0,0.0,0.9728425,0.0,0.9493595339161045,0.0,0.9702044,0.0,0.9718778216710049,0,0.9997893
30,2,3,1,4,1,0,45,0.0,0.0,0.7928433,0.0,0.8143450206289912,0.0,0.73871106,0.0,0.7590724034547607,0,0.6658955
47,2,3,0,5,1,0,38,0.0,0.0,0.9533458,0.0,0.9735025378225568,0.0,0.9563919,0.0,0.9719126229918256,0,0.9997491
57,1,7,0,1,1,0,40,0.0,0.0,0.9489935,0.0,0.9506870949357039,0.0,0.92016554,0.0,0.9482302561234374,0,0.9966808
39,2,3,3,0,1,0,40,0.0,0.0,0.980138,0.0,0.982160396221348,0.0,0.9871588,0.0,0.9894470222177112,0,0.9997975
57,3,7,4,5,1,1,25,0.0,0.0,0.898474,0.0,0.8532070554975495,0.0,0.9809481,0.0,0.9646885248046999,0,0.99998283
48,2,3,3,5,0,0,16,0.0,0.0,0.98703563,0.0,0.9830808380178917,0.0,0.99014723,0.0,0.9899697592334556,0,0.99982435
22,2,6,1,0,1,1,35,0.0,0.0,0.976558,0.0,0.9576072497092974,0.0,0.96260315,0.0,0.9760750157523282,0,0.99899036
44,2,7,0,0,1,1,50,0.0,0.0,0.86957604,0.0,0.8450131455183755,0.0,0.9580416,0.0,0.9423205412171853,0,0.99984324
58,3,3,4,0,1,1,80,0.0,0.0,0.89150435,0.0,0.663129057342088,0.0,0.8393307,0.0,0.8399014785870176,0,0.9303058
30,2,6,0,4,1,0,40,0.0,0.0,0.9952206,0.0,0.9800391770259873,0.0,0.99619627,0.0,0.9894470222177112,0,0.9998186
43,3,7,1,0,1,1,50,0.0,0.0,0.5882883,0.0,0.6557665509338029,0.0,0.64094126,0.0,0.532611681533426,1,0.012472721
41,3,3,1,0,1,1,40,0.0,0.0,0.79290277,0.0,0.7443164842142858,0.0,0.6994722,0.0,0.7192481148315453,0,0.5688653
90,2,1,1,3,1,1,20,0.0,1.0,0.358047,0.0,0.6094454911450565,1.0,0.18406636,1.0,0.16778076920412133,1,4.578575e-07
24,2,3,0,0,1,1,40,0.0,0.0,0.9819717,0.0,0.9635325363729708,0.0,0.9812922,0.0,0.9859906533506766,0,0.99978465
31,2,3,0,0,1,1,40,0.0,0.0,0.9700682,0.0,0.9514548974040357,0.0,0.9802386,0.0,0.9859906533506766,0,0.999783
23,2,7,3,0,1,1,40,0.0,0.0,0.9883467,0.0,0.978352952034527,0.0,0.99344844,0.0,0.9896973455652845,0,0.9998416
70,2,6,4,4,0,0,38,0.0,0.0,0.9892941,0.0,0.96492104825519,0.0,0.9940211,0.0,0.9854531904165189,0,0.9998171
36,2,3,0,0,1,1,40,0.0,0.0,0.96218675,0.0,0.9466549997623791,0.0,0.978868,0.0,0.9887590475808739,0,0.9997813
26,2,3,0,0,1,1,40,0.0,0.0,0.97865176,0.0,0.9629712167910546,0.0,0.9810456,0.0,0.9859906533506766,0,0.9997842
74,3,3,1,3,1,1,55,0.0,1.0,0.37281013,0.0,0.5365545317575375,1.0,0.35258782,1.0,0.46030305669752514,1,1.0999327e-05
43,3,5,1,2,0,1,35,1.0,1.0,0.24976629,1.0,0.2361830545415814,1.0,0.3004713,1.0,0.2047602491227376,1,5.3233646e-07
60,2,7,1,2,1,1,40,1.0,1.0,0.31949902,1.0,0.30495404389929504,1.0,0.2976783,1.0,0.377293688264733,1,6.571659e-07
47,2,7,1,0,1,1,40,0.0,0.0,0.6075274,0.0,0.6462050936218486,0.0,0.5984794,0.0,0.6307551497623776,1,0.19299641
42,0,0,0,2,0,1,40,0.0,0.0,0.8615757,0.0,0.7440578538909932,0.0,0.90892535,0.0,0.9605217270251633,0,0.999984
39,2,3,1,0,1,1,40,1.0,0.0,0.7760284,0.0,0.6982123750476055,0.0,0.7670251,0.0,0.7492192642783739,0,0.8142412
41,3,1,1,4,1,1,40,0.0,1.0,0.4275797,1.0,0.3846520051512222,0.0,0.5966459,1.0,0.41580916199247386,1,4.0396077e-05
42,2,6,1,0,1,1,35,0.0,0.0,0.9270668,0.0,0.9141574295494583,0.0,0.96216375,0.0,0.9453412262246254,0,0.99686086
25,2,3,3,3,1,1,40,0.0,0.0,0.9878135,0.0,0.9810031015669248,0.0,0.9891206,0.0,0.9899697592334556,0,0.999803
34,2,7,1,3,1,0,20,0.0,0.0,0.87901694,0.0,0.9167431617866297,0.0,0.8445719,0.0,0.7792090524568702,0,0.9098509
25,2,3,3,4,1,1,40,0.0,0.0,0.9906081,0.0,0.9861228360904167,0.0,0.98808604,0.0,0.985643797636976,0,0.9998155
60,0,7,1,4,1,1,40,0.0,1.0,0.46498638,1.0,0.45118137494293353,0.0,0.5791508,0.0,0.5269912535658199,1,1.919386e-05
34,2,1,1,4,1,1,30,1.0,0.0,0.6185441,0.0,0.6280082774609934,0.0,0.6941123,0.0,0.5771442753705982,1,0.10272303
51,2,4,1,2,1,1,38,1.0,1.0,0.19749093,1.0,0.25840244718477867,1.0,0.29574955,1.0,0.2760187510282165,1,5.701112e-07
58,2,6,1,5,1,1,48,0.0,0.0,0.59573984,0.0,0.5506446328571165,0.0,0.63879114,0.0,0.7174469916215829,0,0.68316066
18,2,6,3,0,1,1,40,0.0,0.0,0.99910086,0.0,0.9890447973511087,0.0,0.9932896,0.0,0.9894470222177112,0,0.99984133
23,2,3,3,4,1,1,40,0.0,0.0,0.9922218,0.0,0.9864806786150353,0.0,0.9877883,0.0,0.9894470222177112,0,0.999816
33,2,3,1,0,1,1,84,1.0,0.0,0.54913723,0.0,0.5862382922386242,0.0,0.5839518,0.0,0.6032148183164494,1,0.14878437
26,2,1,3,2,1,1,40,0.0,0.0,0.89028025,0.0,0.90539063422144,0.0,0.94251966,0.0,0.9548236128216758,0,0.99984324
64,2,6,1,4,0,1,40,0.0,0.0,0.8475153,0.0,0.8933761575287561,0.0,0.79353577,0.0,0.8132066231365871,0,0.8342446
28,2,7,1,0,1,1,40,1.0,0.0,0.76925075,0.0,0.8295846464881302,0.0,0.7719116,0.0,0.8077127130347064,0,0.8725142
41,2,3,1,0,1,1,40,0.0,0.0,0.76435935,0.0,0.6982123750476055,0.0,0.74590284,0.0,0.7492192642783739,0,0.7818397
40,2,7,0,5,1,0,39,0.0,0.0,0.95324284,0.0,0.9692006777799633,0.0,0.9799652,0.0,0.9751989369346568,0,0.999941
21,2,7,3,2,1,1,10,0.0,0.0,0.995323,0.0,0.9814646080858056,0.0,0.91938365,0.0,0.9693438363382854,0,0.99990296
29,3,3,1,2,1,1,65,1.0,0.0,0.5535861,0.0,0.5036222828906763,0.0,0.5255983,0.0,0.5416101856000661,1,0.0053296136
31,2,5,0,2,1,0,45,1.0,0.0,0.6227149,0.0,0.5988636032090608,0.0,0.80792284,0.0,0.7411109356762334,0,0.85508865
32,3,7,1,0,0,1,35,0.0,0.0,0.8556347,0.0,0.8184648310990198,0.0,0.8290671,0.0,0.8277425035770996,0,0.9306483
21,2,6,1,0,1,1,40,0.0,0.0,0.9674278,0.0,0.9591877922524696,0.0,0.96522444,0.0,0.9682841643941559,0,0.99767035
33,0,7,1,4,1,1,40,0.0,0.0,0.64060986,0.0,0.5957242512351637,0.0,0.6025835,0.0,0.6825579628145674,1,0.39998445
23,2,1,3,3,1,1,25,0.0,0.0,0.9819622,0.0,0.9662049484535036,0.0,0.98979664,0.0,0.9869783203852698,0,0.99981743
45,2,3,1,0,1,1,46,0.0,0.0,0.6445396,0.0,0.5671423253612002,0.0,0.6168096,0.0,0.6307793578535944,1,0.23045887
28,3,7,3,2,1,1,40,0.0,0.0,0.96552444,0.0,0.9007449610086873,0.0,0.9400513,0.0,0.9502164825241112,0,0.9999939
42,2,7,0,2,1,1,40,0.0,0.0,0.85564995,0.0,0.7310041988441172,0.0,0.9004902,0.0,0.9535201691480742,0,0.9999591
34,2,3,3,0,0,0,40,0.0,0.0,0.9865978,0.0,0.9772143008635116,0.0,0.98839164,0.0,0.9894470222177112,0,0.9998006
40,3,5,1,2,1,1,70,1.0,1.0,0.1267848,1.0,0.13542468685153142,1.0,0.18588561,1.0,0.13602592379466738,1,6.420272e-07
20,2,7,3,3,1,1,30,0.0,0.0,0.9967973,0.0,0.9831899388308786,0.0,0.9960172,0.0,0.9899697592334556,0,0.9998481
23,2,3,3,0,1,1,40,0.0,0.0,0.9921758,0.0,0.9833924674745405,0.0,0.988359,0.0,0.9894470222177112,0,0.99980026
39,3,5,1,2,1,1,45,1.0,1.0,0.15027958,1.0,0.12696774801689326,1.0,0.19330269,1.0,0.15449518650655014,1,5.522905e-07
21,2,3,3,5,1,0,30,0.0,0.0,0.9949851,0.0,0.9890585594623774,0.0,0.99208313,0.0,0.9899697592334556,0,0.9998319
38,1,7,1,1,1,0,20,0.0,0.0,0.8540398,0.0,0.8782557441691063,0.0,0.8986631,0.0,0.8684377942117341,0,0.9595837
40,2,3,0,0,1,1,40,0.0,0.0,0.9563438,0.0,0.9442929818511292,0.0,0.9776513,0.0,0.971835930974618,0,0.99977976
38,2,1,1,5,1,1,40,0.0,1.0,0.2884292,1.0,0.22601936040472304,1.0,0.22774142,1.0,0.2592790701005999,1,4.900359e-07
19,2,7,3,4,1,0,15,0.0,0.0,0.9983377,0.0,0.9898656524435036,0.0,0.99229074,0.0,0.9899153546152761,0,0.99983025
28,2,7,3,0,1,1,40,0.0,0.0,0.9802052,0.0,0.9735853048586007,0.0,0.9923408,0.0,0.9894470222177112,0,0.9998392
53,2,3,0,3,1,0,40,0.0,0.0,0.9598457,0.0,0.9563865814873992,0.0,0.9414,0.0,0.9399400586432513,0,0.9996056
39,2,7,0,0,1,0,40,0.0,0.0,0.955506,0.0,0.9599188108333511,0.0,0.9742988,0.0,0.979291268642183,0,0.9998042
24,2,6,3,0,1,1,40,0.0,0.0,0.9969385,0.0,0.9802893598467025,0.0,0.99256295,0.0,0.9894470222177112,0,0.99983776
22,2,1,3,5,1,0,30,0.0,0.0,0.9743811,0.0,0.978558159976304,0.0,0.9727165,0.0,0.9699410371488052,0,0.9999064
43,2,3,2,0,1,0,40,0.0,0.0,0.9712088,0.0,0.9714948086799361,0.0,0.9743344,0.0,0.9735005761722781,0,0.9997235
27,2,1,3,2,1,0,36,0.0,0.0,0.9361981,0.0,0.965901273286021,0.0,0.9586566,0.0,0.963380542298846,0,0.9998945
23,1,7,3,1,0,1,20,0.0,0.0,0.99735826,0.0,0.987258959122264,0.0,0.9903599,0.0,0.979953371400512,0,0.99998045
23,2,7,3,0,1,1,40,0.0,0.0,0.9883467,0.0,0.978352952034527,0.0,0.99344844,0.0,0.9896973455652845,0,0.9998416
24,2,3,3,0,0,1,30,0.0,0.0,0.99610454,0.0,0.9812545852854746,0.0,0.9920429,0.0,0.9899697592334556,0,0.9998192
30,3,3,3,3,1,1,66,0.0,0.0,0.94561726,0.0,0.9008398306979531,0.0,0.92726856,0.0,0.8640513566641541,0,0.99785113
24,2,0,1,0,1,1,40,0.0,0.0,0.7884679,0.0,0.8499549233171033,0.0,0.7588235,0.0,0.7840499895875035,0,0.8587846
66,2,6,2,4,0,0,30,0.0,0.0,0.99081486,0.0,0.9725714018157389,0.0,0.9942456,0.0,0.9854531904165189,0,0.9998216
25,2,1,0,2,1,0,44,0.0,0.0,0.802902,0.0,0.7986706905659441,0.0,0.9638184,0.0,0.9181669774540284,0,0.9998437
69,2,6,1,2,0,1,45,0.0,0.0,0.6718687,1.0,0.4785636842525962,0.0,0.6721624,0.0,0.6513853538817844,1,0.39888075
50,3,7,1,0,1,1,40,1.0,0.0,0.63971984,0.0,0.6883160660458834,0.0,0.5553398,0.0,0.6081581843237006,1,0.04440573
29,2,7,1,4,1,1,35,0.0,0.0,0.8716633,0.0,0.8225618095374249,0.0,0.9048384,0.0,0.8019423122447471,0,0.9163389
22,2,6,3,4,1,1,40,0.0,0.0,0.9982614,0.0,0.9895056158743951,0.0,0.9966438,0.0,0.9894470222177112,0,0.99982256
25,3,3,3,2,1,1,40,0.0,0.0,0.9764599,0.0,0.9501005408062183,0.0,0.9893435,0.0,0.9899697592334556,0,0.9998585
26,2,0,3,4,1,1,40,0.0,0.0,0.9771459,0.0,0.9795253170290762,0.0,0.9895681,0.0,0.9855313156610583,0,0.9998185
40,2,7,0,5,1,0,40,0.0,0.0,0.93478096,0.0,0.965318867658455,0.0,0.9705449,0.0,0.9748208407418906,0,0.9999411
49,0,2,3,5,1,0,50,1.0,0.0,0.7130313,0.0,0.525005434307888,1.0,0.375031,1.0,0.41834992387038084,1,0.0002293138
40,3,0,1,5,1,1,40,1.0,1.0,0.45930445,1.0,0.4421862341816267,0.0,0.5180204,1.0,0.4912768341312599,1,0.00021913448
47,0,4,1,2,1,1,40,0.0,1.0,0.23278046,1.0,0.1557992887953108,1.0,0.21470255,1.0,0.21961769085132865,1,6.9910124e-07
28,2,3,1,0,1,1,50,0.0,0.0,0.7548131,0.0,0.8143793886590668,0.0,0.73042643,0.0,0.7674614178348953,0,0.76534206
17,3,6,3,0,1,1,35,0.0,0.0,0.9999826,0.0,0.9912266690214206,0.0,0.9931118,0.0,0.984442045415811,0,0.9998411
25,2,0,3,0,1,1,20,0.0,0.0,0.9909987,0.0,0.9794494746132476,0.0,0.9947102,0.0,0.9899697592334556,0,0.99984825
34,2,7,3,0,1,1,40,0.0,0.0,0.96928185,0.0,0.9707418936488321,0.0,0.9916273,0.0,0.984442045415811,0,0.9998374
46,2,3,1,0,1,0,40,0.0,0.0,0.7805078,0.0,0.8186830313751631,0.0,0.72430074,0.0,0.7277306171796802,0,0.6935551
22,2,6,1,5,1,0,20,0.0,0.0,0.97558665,0.0,0.9642085030882657,0.0,0.97121394,0.0,0.9740285811420331,0,0.9994894
32,2,3,0,4,1,0,80,0.0,0.0,0.9312232,0.0,0.9512315133436655,0.0,0.7997857,0.0,0.9156430815261036,0,0.9964619
41,2,6,1,0,1,1,40,0.0,0.0,0.89450115,0.0,0.8986468241515649,0.0,0.899674,0.0,0.9024606956917652,0,0.9920521
40,3,3,1,5,1,1,40,0.0,0.0,0.60723114,0.0,0.5444119779162183,0.0,0.61066425,0.0,0.6236624557708759,1,0.06498471
64,2,2,1,2,1,1,60,1.0,1.0,0.0804407,1.0,0.12643799055118765,1.0,0.080735326,1.0,0.1479992503905836,1,1.0817835e-06
34,2,3,0,0,1,0,25,0.0,0.0,0.98628896,0.0,0.9834142090796484,0.0,0.9915024,0.0,0.9894470222177112,0,0.9998149
34,2,3,3,0,1,1,55,0.0,0.0,0.9630025,0.0,0.9676659029429083,0.0,0.9425006,0.0,0.951331347119149,0,0.99965
32,2,7,1,0,1,1,40,0.0,0.0,0.72958577,0.0,0.7482009202155103,0.0,0.72663915,0.0,0.7392101445267152,0,0.7692872
20,1,7,3,1,1,0,40,0.0,0.0,0.9931251,0.0,0.9894550847293911,0.0,0.99337745,0.0,0.9793966789580807,0,0.99997985
28,2,7,1,5,1,1,50,1.0,1.0,0.48051596,1.0,0.4886301616083115,1.0,0.45451593,1.0,0.4234229280761531,1,0.00035114068
26,2,1,3,4,1,1,40,0.0,0.0,0.95193845,0.0,0.9741248249842573,0.0,0.96885645,0.0,0.971160855632983,0,0.9992951
30,0,1,3,2,0,0,40,0.0,0.0,0.9237372,0.0,0.9479621017270975,0.0,0.89704347,0.0,0.9293695499368003,0,0.9999409
35,2,1,1,5,1,1,40,1.0,1.0,0.3171981,1.0,0.25967627345182764,1.0,0.30645436,1.0,0.26029162950279494,1,6.275483e-07
27,2,3,3,4,1,0,50,1.0,0.0,0.98245305,0.0,0.9882371473987299,0.0,0.9633888,0.0,0.9811576537122509,0,0.9996735
22,2,3,3,0,1,1,50,0.0,0.0,0.98529553,0.0,0.9791876746577213,0.0,0.9779117,0.0,0.9798850381716767,0,0.9997727
50,3,4,0,5,1,1,80,1.0,1.0,0.44874793,1.0,0.31332026020117265,0.0,0.53468287,1.0,0.4045687353013183,1,0.00013644139
32,2,1,1,2,1,0,32,1.0,1.0,0.3912145,1.0,0.4864213109857968,1.0,0.36207783,1.0,0.48479183971590767,1,2.2775004e-05
40,2,3,1,4,1,1,45,0.0,0.0,0.6545625,0.0,0.7012191790878965,0.0,0.6827098,0.0,0.6440673257910199,1,0.30308887
36,0,3,1,5,1,0,40,0.0,0.0,0.72889626,0.0,0.6002305837823503,0.0,0.5883554,0.0,0.647263274773682,1,0.16259952
42,2,3,0,4,1,0,40,0.0,0.0,0.9622676,0.0,0.9671249166942371,0.0,0.9847757,0.0,0.9821220594613431,0,0.9997904
51,2,3,1,0,1,1,40,1.0,0.0,0.70439434,0.0,0.6563174083121924,0.0,0.64312047,0.0,0.6802250298160285,1,0.3973566
44,0,5,1,2,1,1,40,1.0,1.0,0.15232629,1.0,0.18760847113685475,1.0,0.3094709,1.0,0.1904689769043737,1,4.3068517e-06
37,0,0,3,4,1,1,40,0.0,0.0,0.9398452,0.0,0.931721277152326,0.0,0.89404225,0.0,0.9699410371488052,0,0.9999703
50,0,7,1,5,1,1,40,1.0,1.0,0.40966386,1.0,0.3703358227053217,1.0,0.44499975,1.0,0.42556562151708033,1,0.00020003902
73,0,7,3,2,1,0,11,0.0,0.0,0.95517945,0.0,0.862717281579171,0.0,0.9788084,0.0,0.9195488917148055,0,0.9999896
20,2,7,3,0,1,1,60,0.0,0.0,0.9768301,0.0,0.9693947419611866,0.0,0.9544396,0.0,0.9700791038359381,0,0.9997664
60,3,3,0,0,1,1,50,1.0,0.0,0.9115833,0.0,0.8528523863652103,0.0,0.84651124,0.0,0.8600182174714744,0,0.9979278
50,3,7,1,0,1,1,70,0.0,1.0,0.4752705,0.0,0.7785840698594738,1.0,0.4148413,0.0,0.5069531477198226,1,1.0878069e-05
71,2,6,4,5,1,1,40,1.0,0.0,0.9401975,0.0,0.9244003302448647,0.0,0.9651209,0.0,0.9690091403250098,0,0.9998976
42,1,3,1,1,1,1,60,0.0,0.0,0.7133076,0.0,0.6885471281728521,0.0,0.5823626,0.0,0.7257439897621368,0,0.5239517
31,2,7,1,3,1,1,40,0.0,0.0,0.6990528,0.0,0.7017540809276277,0.0,0.63446367,0.0,0.6310682575549498,1,0.27204964
56,2,3,1,5,1,1,50,0.0,1.0,0.33055645,1.0,0.3185045599228916,1.0,0.42067277,1.0,0.4957414993598176,1,0.00029972603
23,1,1,3,1,1,1,40,0.0,0.0,0.9766147,0.0,0.9753096055202263,0.0,0.9372339,0.0,0.961622139369519,0,0.9997589
47,0,1,1,5,1,1,40,1.0,1.0,0.31265682,1.0,0.25823533719891734,1.0,0.30278385,1.0,0.26363606512544757,1,1.1394296e-05
43,2,1,1,3,1,1,40,1.0,1.0,0.29186922,1.0,0.2872751259941543,1.0,0.35771006,1.0,0.3554358387459394,1,1.1337813e-06
59,2,3,0,3,1,0,30,0.0,0.0,0.9715532,0.0,0.9591644398758211,0.0,0.9804182,0.0,0.9790106714445793,0,0.9997782
31,2,3,0,0,1,1,45,0.0,0.0,0.95372623,0.0,0.9484351590446737,0.0,0.9725246,0.0,0.9543525845891495,0,0.99975187
57,2,4,1,5,1,1,60,1.0,1.0,0.07752079,1.0,0.08768092644554859,1.0,0.20308238,1.0,0.15756740035217243,1,5.079639e-07
27,2,0,3,4,1,1,40,0.0,0.0,0.97515863,0.0,0.9778656454142922,0.0,0.98907614,0.0,0.9855313156610583,0,0.9998178
53,2,7,1,0,1,1,45,1.0,1.0,0.48977768,1.0,0.46384255271906305,1.0,0.49394208,0.0,0.5128799791179695,1,0.004556319
42,2,7,0,5,1,0,50,0.0,0.0,0.8920392,0.0,0.9429951760035628,0.0,0.89276254,0.0,0.917122054168942,0,0.9999229
35,2,6,1,0,1,1,40,0.0,0.0,0.91277534,0.0,0.91453698579652,0.0,0.92849326,0.0,0.9220296735239675,0,0.99544466
20,2,7,3,5,1,0,24,0.0,0.0,0.9948444,0.0,0.9885643456644629,0.0,0.989332,0.0,0.9838241508629151,0,0.9999174
24,2,6,0,0,1,0,40,0.0,0.0,0.9952793,0.0,0.9768891978791551,0.0,0.9871634,0.0,0.9879783150926699,0,0.9998247
54,2,1,1,5,1,1,60,1.0,1.0,0.11969292,1.0,0.12295069489225785,1.0,0.19123065,1.0,0.17734971812946598,1,5.970033e-07
50,2,3,1,0,1,1,40,0.0,0.0,0.710691,0.0,0.627693206171709,0.0,0.66098297,0.0,0.6916737970963738,1,0.4375639
41,2,0,0,0,1,0,40,0.0,0.0,0.94222254,0.0,0.9322182574335016,0.0,0.9599814,0.0,0.9548790638767506,0,0.9997502
21,2,7,3,5,1,0,12,0.0,0.0,0.9964003,0.0,0.9881859369406609,0.0,0.9845514,0.0,0.9852089956246377,0,0.9999186
51,3,3,1,5,1,1,30,0.0,0.0,0.6661216,0.0,0.538882152028758,0.0,0.66835576,0.0,0.6236624557708759,1,0.15930869
39,3,3,3,3,1,0,4,0.0,0.0,0.99717814,0.0,0.9545905079397479,0.0,0.99356663,0.0,0.9894470222177112,0,0.99982363
60,2,0,1,3,1,1,30,0.0,1.0,0.4791547,1.0,0.44212075977562393,1.0,0.49606073,1.0,0.4719673107363551,1,0.0039666765
45,0,4,0,2,1,0,40,0.0,0.0,0.74475944,0.0,0.8287255907934126,0.0,0.8613065,0.0,0.8746180860625101,0,0.9484405
55,2,7,1,4,1,1,50,1.0,1.0,0.3970868,1.0,0.41451092445611515,1.0,0.3300593,1.0,0.4371317431614391,1,7.982663e-05
55,0,7,0,5,1,1,40,0.0,0.0,0.7916587,0.0,0.8550264184483617,0.0,0.9556055,0.0,0.9435451229221585,0,0.998628
19,1,3,3,1,0,0,20,0.0,0.0,0.99767107,0.0,0.9892496694048014,0.0,0.98683596,0.0,0.9790835825040142,0,0.99998975
27,2,1,0,5,1,1,52,0.0,0.0,0.65913016,0.0,0.5066735689509525,0.0,0.8200501,0.0,0.771977265915857,0,0.9751568
23,2,1,3,4,1,1,40,0.0,0.0,0.96420527,0.0,0.9745358074679369,0.0,0.96822035,0.0,0.9751884553230167,0,0.9995766
24,2,0,0,4,1,0,22,0.0,0.0,0.98841983,0.0,0.9594246136882192,0.0,0.9949867,0.0,0.9894470222177112,0,0.99982446
51,0,7,1,4,0,1,70,0.0,1.0,0.4569466,1.0,0.4652374867631155,1.0,0.28499842,1.0,0.40256257773740767,1,6.943034e-07
31,2,7,3,4,0,1,40,0.0,0.0,0.98414207,0.0,0.9791571567699531,0.0,0.9837885,0.0,0.9861709950891865,0,0.99979347
63,1,5,1,1,1,1,40,0.0,1.0,0.31976414,1.0,0.37619940046833533,1.0,0.4350387,1.0,0.4173877225359265,1,0.00021208242
20,2,7,3,5,0,0,35,0.0,0.0,0.9937798,0.0,0.9903745922455697,0.0,0.98830616,0.0,0.9838241508629151,0,0.999925
30,2,1,3,2,0,1,50,1.0,0.0,0.8275081,0.0,0.8394636097658923,0.0,0.84693384,0.0,0.7802556249748896,0,0.97875434
22,2,7,3,0,1,1,25,0.0,0.0,0.9965287,0.0,0.9897754963579503,0.0,0.99639153,0.0,0.9899697592334556,0,0.9998549
30,2,3,3,5,0,0,35,0.0,0.0,0.99008334,0.0,0.9887362605057028,0.0,0.99083346,0.0,0.9899697592334556,0,0.9998311
47,2,1,1,3,1,1,60,1.0,1.0,0.18544948,1.0,0.22084777600116867,1.0,0.2331307,1.0,0.2273110029140587,1,5.217241e-07
39,2,0,3,3,1,0,40,0.0,0.0,0.95999867,0.0,0.9364282831901781,0.0,0.9808963,0.0,0.9648671252117939,0,0.9997261
28,2,7,3,5,0,0,30,0.0,0.0,0.98866236,0.0,0.9902440473015862,0.0,0.97781724,0.0,0.9832932887117538,0,0.99995065
19,2,3,3,4,1,0,40,0.0,0.0,0.99542755,0.0,0.9895928986774607,0.0,0.987575,0.0,0.9894470222177112,0,0.9998159
43,2,4,0,2,1,0,40,1.0,0.0,0.6573149,0.0,0.7781492672647823,0.0,0.85202885,0.0,0.7863053701998779,0,0.5417726
38,3,2,1,2,1,1,50,1.0,1.0,0.18060035,1.0,0.1969412203249299,1.0,0.14654475,1.0,0.11887851253054238,1,9.1385414e-07
20,2,3,3,4,1,1,50,0.0,0.0,0.98921686,0.0,0.9856303448245459,0.0,0.975807,0.0,0.9821220594613431,0,0.9997757
34,0,1,1,2,1,0,45,1.0,1.0,0.3129782,1.0,0.3017561372622265,1.0,0.27271014,1.0,0.354481531574379,1,2.7346157e-06
33,2,3,1,0,1,1,40,0.0,0.0,0.8164758,0.0,0.8260061073058818,0.0,0.8508402,0.0,0.8514576748514968,0,0.9541912
32,2,7,1,0,1,0,37,0.0,0.0,0.81236863,0.0,0.9079759803702149,0.0,0.88591135,0.0,0.8777732626536193,0,0.9496023
71,3,6,0,0,1,0,28,0.0,0.0,0.982624,0.0,0.9688463031323522,0.0,0.984109,0.0,0.969195036166044,0,0.9999118
29,2,1,3,5,1,0,40,0.0,0.0,0.9169982,0.0,0.964970974156864,0.0,0.90328157,0.0,0.9445851388202735,0,0.9997402
64,2,7,2,4,1,1,40,0.0,0.0,0.906551,0.0,0.9119880536933564,0.0,0.9428157,0.0,0.9293693101818435,0,0.9966338
17,2,6,3,4,1,1,40,0.0,0.0,0.99997944,0.0,0.9912143597123603,0.0,0.9946676,0.0,0.9894470222177112,0,0.99982363
24,0,0,1,5,1,1,30,0.0,0.0,0.7324048,0.0,0.5425448228445577,0.0,0.8452877,0.0,0.8857893628018003,0,0.97915065
43,0,7,1,5,1,0,40,1.0,0.0,0.60176647,0.0,0.5752006188215564,1.0,0.471498,1.0,0.4581736620163315,1,0.0021327322
35,2,3,1,0,1,1,80,1.0,0.0,0.5437175,0.0,0.6004062611386958,0.0,0.57561535,0.0,0.6032148183164494,1,0.14063047
21,1,7,3,1,1,1,20,0.0,0.0,0.99785346,0.0,0.9888645188946411,0.0,0.98992753,0.0,0.979953371400512,0,0.99998057
36,3,3,1,0,1,1,84,0.0,0.0,0.63481706,0.0,0.6864191403888156,0.0,0.6219163,0.0,0.6081581843237006,1,0.06483656
36,2,1,1,0,1,1,40,1.0,1.0,0.46682245,0.0,0.6618489702735324,1.0,0.46013528,0.0,0.5056248516003692,1,0.0062212273
35,2,3,0,4,1,0,75,0.0,0.0,0.92709684,0.0,0.9512315133436655,0.0,0.7883197,0.0,0.9156430815261036,0,0.9964
45,0,1,1,2,0,1,40,0.0,1.0,0.3530283,1.0,0.2826018394972587,1.0,0.30013263,1.0,0.3106642656804277,1,3.927648e-06
32,0,3,3,4,0,0,32,0.0,0.0,0.99109656,0.0,0.9822022442518923,0.0,0.9933587,0.0,0.9894470222177112,0,0.9998149
24,2,3,1,3,1,1,48,0.0,0.0,0.7299153,0.0,0.7546639638994362,0.0,0.76331913,0.0,0.7277306171796802,0,0.6149188
26,2,3,3,0,1,1,40,0.0,0.0,0.98936623,0.0,0.9828675849173878,0.0,0.98849034,0.0,0.9894470222177112,0,0.99980074
25,0,1,3,5,0,1,20,0.0,0.0,0.97526395,0.0,0.9768401988209672,0.0,0.9801633,0.0,0.9787385219036844,0,0.99997663
17,3,6,3,0,1,1,40,0.0,0.0,0.99996996,0.0,0.9914850224678403,0.0,0.991348,0.0,0.9815209345872434,0,0.9998336
25,2,6,3,0,1,1,40,0.0,0.0,0.99658936,0.0,0.9792740072697205,0.0,0.99247444,0.0,0.9894470222177112,0,0.9998373
25,2,1,3,3,1,0,50,0.0,0.0,0.9431748,0.0,0.9392355774052844,0.0,0.8957913,0.0,0.8768725838104516,0,0.9973116
36,2,6,1,0,1,1,43,0.0,0.0,0.8832617,0.0,0.892621010034042,0.0,0.89264,0.0,0.8913691110960239,0,0.98725057
54,1,3,4,1,1,0,40,0.0,0.0,0.96327853,0.0,0.9502354270590293,0.0,0.9660154,0.0,0.9669263379037069,0,0.99983776
42,2,1,3,3,1,1,50,1.0,0.0,0.7190696,0.0,0.6449833183013169,1.0,0.40694368,0.0,0.583139828658163,1,0.19098158
40,2,7,0,4,1,0,48,0.0,0.0,0.945477,0.0,0.966774610153144,0.0,0.96798027,0.0,0.9759470763622591,0,0.9997389
53,3,2,1,5,1,1,70,1.0,1.0,0.10155159,1.0,0.22578466016699061,1.0,0.1301375,1.0,0.3437566466452243,1,1.3901966e-06
42,2,2,1,2,1,1,50,1.0,1.0,0.12472141,1.0,0.18360304851818243,1.0,0.17083758,1.0,0.24196344758919985,1,3.715415e-07
57,2,3,1,0,1,1,40,0.0,0.0,0.67670685,0.0,0.6018951082043082,0.0,0.60940254,0.0,0.6307793578535944,1,0.24410737
31,2,1,0,2,1,0,40,0.0,0.0,0.80153,0.0,0.8555300183992538,0.0,0.9312086,0.0,0.826249049635255,0,0.9999305
30,2,1,1,5,1,1,50,1.0,1.0,0.2651279,1.0,0.2731258292520127,1.0,0.17053998,1.0,0.20861537804017338,1,4.7670753e-07
32,0,3,0,4,1,0,25,0.0,0.0,0.9821447,0.0,0.9691792553826838,0.0,0.99185574,0.0,0.9834647734780037,0,0.99981266
19,2,3,3,4,1,0,13,0.0,0.0,0.99897504,0.0,0.9899652668436111,0.0,0.9926013,0.0,0.9899697592334556,0,0.9998266
25,2,3,3,3,1,1,37,0.0,0.0,0.9933502,0.0,0.9870643101895377,0.0,0.99100834,0.0,0.9899697592334556,0,0.9998185
46,2,0,1,0,0,1,40,1.0,0.0,0.668465,0.0,0.6355234028461383,0.0,0.5957234,0.0,0.6307551497623776,1,0.18744396
33,3,3,1,0,1,1,50,0.0,0.0,0.7583813,0.0,0.808377430154116,0.0,0.702072,0.0,0.6792780906449511,1,0.47370365
26,2,5,1,2,1,1,60,1.0,1.0,0.14918727,1.0,0.1933060236616605,1.0,0.21003681,1.0,0.20938543411732435,1,5.2738136e-07
18,2,6,3,3,1,0,40,0.0,0.0,0.99918383,0.0,0.9845865576169263,0.0,0.99393946,0.0,0.9894470222177112,0,0.9998399
41,2,7,1,0,1,1,40,1.0,0.0,0.6523744,0.0,0.6589721125139261,0.0,0.6798624,0.0,0.6440673257910199,1,0.32547796
42,2,4,1,2,1,1,40,1.0,1.0,0.20635158,1.0,0.2193639527463226,1.0,0.28159195,1.0,0.2755717807678564,1,5.5600935e-07
37,2,1,1,0,1,1,40,0.0,1.0,0.4592386,0.0,0.6618489702735324,1.0,0.47450763,0.0,0.5056248516003692,1,0.0037432415
46,0,1,0,5,1,0,40,1.0,0.0,0.8406601,0.0,0.8426921039071342,0.0,0.8497622,0.0,0.8821648470741965,0,0.94419044
43,2,4,1,5,1,1,35,1.0,1.0,0.22937983,1.0,0.1800335631577752,1.0,0.35596073,1.0,0.3556326765338663,1,3.44842e-06
51,2,3,4,0,0,0,40,0.0,0.0,0.9643777,0.0,0.9668876444879794,0.0,0.9807931,0.0,0.9855313156610583,0,0.9997849
66,0,7,0,4,1,0,40,1.0,0.0,0.91415006,0.0,0.9295320312646091,0.0,0.986469,0.0,0.9528679619691749,0,0.9999782
43,3,4,3,5,1,0,40,0.0,0.0,0.8070249,0.0,0.8645296738867867,0.0,0.5932686,0.0,0.6307645632823176,0,0.6409533
26,2,7,3,2,1,0,35,0.0,0.0,0.9801669,0.0,0.9812857799151515,0.0,0.905008,0.0,0.967406398345385,0,0.99990773
63,1,5,1,1,1,1,30,1.0,1.0,0.37556285,1.0,0.4331970298850718,1.0,0.44264495,0.0,0.5058904630071728,1,0.002937375
34,3,1,1,0,1,1,40,0.0,0.0,0.52607954,0.0,0.661031977705201,1.0,0.49463397,0.0,0.5276365388459907,1,0.0049236324
63,2,7,1,3,0,1,40,1.0,1.0,0.41571057,1.0,0.49776882546912293,0.0,0.5653342,1.0,0.4680685381269528,1,2.824555e-06
20,0,7,3,4,1,1,25,0.0,0.0,0.9950744,0.0,0.9868728515961198,0.0,0.95477426,0.0,0.9765163356626937,0,0.99998605
40,1,7,1,1,1,1,8,0.0,0.0,0.88426197,0.0,0.8853922182568166,0.0,0.8902217,0.0,0.9013195822446177,0,0.9919556
45,2,3,2,5,1,0,40,0.0,0.0,0.9340857,0.0,0.9486838603394967,0.0,0.9191332,0.0,0.9135338050345665,0,0.99920964
23,2,3,3,5,1,1,25,0.0,0.0,0.9937502,0.0,0.9896554075986849,0.0,0.9925664,0.0,0.9899697592334556,0,0.99983346
19,2,3,3,0,1,1,40,0.0,0.0,0.99606055,0.0,0.9868195280214076,0.0,0.98775905,0.0,0.9894470222177112,0,0.9997985
49,0,3,1,0,1,1,40,0.0,0.0,0.6617275,0.0,0.589224984923381,0.0,0.68539,0.0,0.6685263095257128,1,0.41878375
27,2,7,0,3,1,1,50,0.0,0.0,0.91645163,0.0,0.8716579405241994,0.0,0.95668817,0.0,0.9440413419641337,0,0.999744
33,2,0,0,4,1,0,40,0.0,0.0,0.9643847,0.0,0.9520315515464585,0.0,0.98838735,0.0,0.9791106226022882,0,0.99980146
50,2,3,1,5,1,0,40,1.0,0.0,0.6378685,0.0,0.6151096005963228,0.0,0.62915254,0.0,0.5276365388459907,1,0.0218452
58,2,3,1,0,1,1,40,1.0,0.0,0.67202604,0.0,0.6127228582420674,0.0,0.6025687,0.0,0.6307793578535944,1,0.23406185
47,3,3,1,5,1,1,40,1.0,0.0,0.5700444,1.0,0.48013516484857366,0.0,0.6864896,0.0,0.5823143078097696,1,0.028992698
58,2,4,1,5,1,1,40,1.0,1.0,0.122632384,1.0,0.18649262452539717,1.0,0.16357613,1.0,0.22733733920565147,1,4.687461e-07
25,2,0,3,5,1,0,38,0.0,0.0,0.9779393,0.0,0.979679314827701,0.0,0.980774,0.0,0.9768648242738701,0,0.9998498
46,3,1,1,0,1,1,40,1.0,1.0,0.4313333,0.0,0.5910075823333847,1.0,0.48692894,1.0,0.4850680739430052,1,2.435685e-05
60,2,0,4,5,0,0,40,1.0,0.0,0.8577223,0.0,0.8903749900698603,0.0,0.902261,0.0,0.8562372743558463,0,0.99951744
21,2,0,1,0,1,1,46,0.0,0.0,0.77200377,0.0,0.8417682855280615,0.0,0.7754645,0.0,0.7392101445267152,0,0.7691564
25,1,3,3,1,1,1,40,0.0,0.0,0.99143934,0.0,0.9843004651104853,0.0,0.9909329,0.0,0.9708045858893397,0,0.9999777
47,2,3,1,3,1,1,45,0.0,1.0,0.4621703,0.0,0.5505034422204736,0.0,0.5195817,0.0,0.5494164969838116,1,0.046098296
60,2,7,1,0,1,1,65,0.0,1.0,0.37341172,1.0,0.4596879267738295,0.0,0.67615676,1.0,0.4694816967808728,1,2.9895673e-06
27,2,6,3,0,1,1,40,0.0,0.0,0.99587023,0.0,0.9762422509021753,0.0,0.9923086,0.0,0.9894470222177112,0,0.9998363
23,0,7,3,5,1,1,25,0.0,0.0,0.9865789,0.0,0.9869178944130885,0.0,0.98272955,0.0,0.961320663059833,0,0.99999356
36,2,0,1,3,1,1,50,1.0,1.0,0.43387455,1.0,0.44797374795675415,0.0,0.5356356,1.0,0.4826612241536795,1,0.0030533792
65,2,1,4,4,1,0,40,0.0,0.0,0.8786746,0.0,0.9174595215092758,0.0,0.64021134,1.0,0.3817367614909205,1,0.37309974
57,2,3,4,5,1,0,36,0.0,0.0,0.9308878,0.0,0.9430645180363143,0.0,0.9741388,0.0,0.973758493467754,0,0.9997422
20,0,0,3,2,1,1,30,0.0,0.0,0.9857124,0.0,0.9557643259958298,0.0,0.96365535,0.0,0.9404164624014373,0,0.99999607
50,0,1,1,2,1,1,40,0.0,1.0,0.3073871,1.0,0.35684948907702907,1.0,0.26309305,1.0,0.21890768932234494,1,4.0449495e-06
42,0,4,0,2,1,1,40,0.0,0.0,0.6824392,0.0,0.6828418191575061,0.0,0.89287937,0.0,0.8746180860625101,0,0.97772175
61,1,3,1,1,1,1,32,0.0,0.0,0.749424,0.0,0.7830523391136527,0.0,0.9074993,0.0,0.8596216275829318,0,0.93615407
30,2,3,4,5,1,0,40,0.0,0.0,0.9436746,0.0,0.9626501015594793,0.0,0.98781854,0.0,0.9855729607798328,0,0.99980503
24,2,3,3,5,1,1,40,0.0,0.0,0.9820031,0.0,0.9842181609123606,0.0,0.9897897,0.0,0.9899697592334556,0,0.99983096
23,2,7,1,0,1,1,40,0.0,0.0,0.8328184,0.0,0.921172692690751,0.0,0.8967001,0.0,0.86795448433508,0,0.9471407
20,2,7,3,4,1,0,10,0.0,0.0,0.998463,0.0,0.9898656524435036,0.0,0.9915489,0.0,0.9899180109183517,0,0.99983025
19,2,3,1,0,1,1,40,0.0,0.0,0.9290103,0.0,0.9592499732371798,0.0,0.9195113,0.0,0.9052268850777682,0,0.9945604
35,2,4,1,5,1,1,45,1.0,1.0,0.15973109,1.0,0.1838792754810329,1.0,0.2695434,1.0,0.244556772491068,1,6.8438203e-07
24,2,3,1,0,1,0,24,0.0,0.0,0.9364962,0.0,0.936710242661256,0.0,0.9713824,0.0,0.9476015824701248,0,0.9965911
26,1,1,1,1,1,0,40,0.0,0.0,0.71840364,0.0,0.6058700410150363,0.0,0.652602,0.0,0.598641717298019,1,0.17220682
43,2,4,1,2,0,0,50,0.0,1.0,0.1996969,1.0,0.3480285416540857,1.0,0.21799636,1.0,0.21964771658273707,1,5.414047e-07
34,2,7,1,5,0,1,52,0.0,1.0,0.42175728,1.0,0.38273379381904726,1.0,0.2980469,1.0,0.354898874793924,1,1.7062549e-06
37,2,7,3,0,1,0,20,0.0,0.0,0.9880958,0.0,0.9837520267249052,0.0,0.99492246,0.0,0.9899697592334556,0,0.9998666
54,2,6,1,0,1,1,60,0.0,0.0,0.77885956,0.0,0.7294272507929023,0.0,0.7549542,0.0,0.7723129182333668,0,0.78600925
27,2,3,1,0,1,1,40,0.0,0.0,0.85672677,0.0,0.8999878471181937,0.0,0.86851865,0.0,0.8831974987593281,0,0.9807011
53,0,2,1,2,1,1,40,1.0,1.0,0.15760815,1.0,0.13314381321021318,1.0,0.25947088,1.0,0.2040516459991678,1,1.2645767e-05
24,2,1,1,4,1,1,50,0.0,1.0,0.4452008,0.0,0.5198236454992884,1.0,0.43233842,1.0,0.4719673107363551,1,0.004448996
28,2,7,1,5,1,1,40,0.0,0.0,0.6542777,0.0,0.6415891109551732,0.0,0.596858,0.0,0.5911909408704666,1,0.14742972
41,0,1,1,5,0,0,40,1.0,1.0,0.43114448,0.0,0.5078936236179206,1.0,0.33545434,1.0,0.4507808941807999,1,1.6892296e-05
45,3,7,1,5,0,1,40,0.0,0.0,0.51463354,1.0,0.4093512602158771,1.0,0.36058933,0.0,0.5179224078201414,1,1.1326422e-05
29,1,1,3,1,1,1,40,0.0,0.0,0.9634143,0.0,0.9585309303991146,0.0,0.88790834,0.0,0.9493445167803818,0,0.99809617
23,0,7,2,5,0,1,40,0.0,0.0,0.94500655,0.0,0.9447025367565374,0.0,0.98450655,0.0,0.9787385219036844,0,0.9999752
25,0,3,3,0,1,1,40,0.0,0.0,0.9834893,0.0,0.9834364669281085,0.0,0.96333706,0.0,0.9773710545919735,0,0.9998622
46,2,3,1,0,0,1,40,0.0,0.0,0.7989323,0.0,0.7629594671366072,0.0,0.72430074,0.0,0.7277306171796802,0,0.6935551
41,1,3,3,1,1,0,30,0.0,0.0,0.98950243,0.0,0.9763264522761432,0.0,0.99338996,0.0,0.9740562676983328,0,0.99997103
21,2,6,3,4,1,0,40,0.0,0.0,0.9983579,0.0,0.9884557016536647,0.0,0.99658686,0.0,0.9894470222177112,0,0.9998233
27,2,1,1,3,1,1,55,1.0,1.0,0.3498296,1.0,0.28417704896434115,1.0,0.305745,1.0,0.3344155475407765,1,2.064749e-06
25,2,7,1,0,1,1,60,1.0,0.0,0.6382259,0.0,0.8331642594381591,0.0,0.64818823,0.0,0.6355626975876217,1,0.23989365
52,2,3,1,0,1,1,40,0.0,0.0,0.69907427,0.0,0.5802306822872195,0.0,0.6340608,0.0,0.6758317012010681,1,0.32667392
20,2,3,3,3,0,0,24,0.0,0.0,0.99838215,0.0,0.9905822193501911,0.0,0.99184513,0.0,0.9899697592334556,0,0.99982554
29,2,4,3,2,1,0,80,0.0,0.0,0.7085026,0.0,0.7984736879219241,0.0,0.7718422,1.0,0.4693758253549335,1,0.00034306734
43,2,4,3,2,1,1,50,1.0,0.0,0.62147665,1.0,0.48651432672034334,0.0,0.72824717,0.0,0.6202041273410863,1,0.0011392718
40,3,0,1,0,1,1,50,1.0,0.0,0.57678723,0.0,0.6821205554999047,0.0,0.5983254,0.0,0.5543559924471098,1,0.02417112
31,2,7,1,0,1,1,45,0.0,0.0,0.6461626,0.0,0.664044901820807,0.0,0.674294,0.0,0.6440673257910199,1,0.39803553
40,2,5,1,2,1,0,30,1.0,1.0,0.19721854,1.0,0.25252148898120996,1.0,0.44833016,1.0,0.36766635412586623,1,8.939798e-07
34,0,1,1,4,1,1,40,1.0,1.0,0.46231276,1.0,0.38064507176200124,0.0,0.56356156,1.0,0.41359648465891097,1,2.5673186e-05
44,0,3,1,5,1,0,40,0.0,0.0,0.67382735,0.0,0.5706692752491064,1.0,0.4905842,0.0,0.578415427067412,1,0.032544747
62,2,1,1,0,1,1,40,0.0,1.0,0.35267323,1.0,0.3711982327900252,1.0,0.38157338,1.0,0.4270874875279892,1,8.9482074e-07
71,3,4,1,5,1,1,40,1.0,1.0,0.19223362,1.0,0.20804273702457599,1.0,0.19212794,1.0,0.23107891918586632,1,6.0303097e-07
48,2,7,4,5,0,0,38,0.0,0.0,0.91991234,0.0,0.9445258345123748,0.0,0.97764736,0.0,0.9664042062610707,0,0.9999654
24,3,7,3,0,1,1,60,0.0,0.0,0.9647269,0.0,0.9468211286715815,0.0,0.9092802,0.0,0.9592031505800953,0,0.9998061
47,2,3,1,4,0,1,60,1.0,0.0,0.57520306,0.0,0.5990502079941634,1.0,0.49325013,0.0,0.5540893687182419,1,0.039317187
38,2,3,0,0,1,1,50,0.0,0.0,0.9289832,0.0,0.9354789009889305,0.0,0.94147086,0.0,0.930597877403704,0,0.99962866
36,2,3,1,0,1,0,40,0.0,0.0,0.8145716,0.0,0.837389730122897,0.0,0.8178208,0.0,0.8194254020385872,0,0.9386234
39,0,4,1,2,1,1,45,1.0,1.0,0.22199571,1.0,0.16273669925453582,1.0,0.20818871,1.0,0.23894141473645258,1,7.6270896e-07
34,2,1,1,3,1,1,45,0.0,1.0,0.30676103,1.0,0.2909133489759772,1.0,0.31931198,1.0,0.32259076900174244,1,1.5933011e-06
55,2,3,1,5,1,1,50,1.0,1.0,0.33492553,1.0,0.3185045599228916,1.0,0.458777,1.0,0.4957414993598176,1,0.00039645634
26,2,7,1,0,1,1,40,0.0,0.0,0.79148906,0.0,0.8629983488992554,0.0,0.80559343,0.0,0.8175495352625008,0,0.9008188
38,2,3,1,0,1,1,40,0.0,0.0,0.7821983,0.0,0.7646235342535945,0.0,0.8207389,0.0,0.8194254020385872,0,0.89830863
24,2,3,1,0,0,1,40,0.0,0.0,0.9024218,0.0,0.9396379322751098,0.0,0.9008807,0.0,0.8899013461777947,0,0.98962384
20,1,7,3,1,1,1,20,0.0,0.0,0.9981954,0.0,0.9888645188946411,0.0,0.9906896,0.0,0.9795846740159107,0,0.99998057
44,2,6,1,0,0,1,40,0.0,0.0,0.9080788,0.0,0.86065181221261,0.0,0.89582634,0.0,0.894325481484722,0,0.98811907
25,2,6,3,0,0,1,40,0.0,0.0,0.99667865,0.0,0.9795554548117023,0.0,0.99247444,0.0,0.9894470222177112,0,0.9998373
21,2,7,3,3,0,1,20,0.0,0.0,0.9977162,0.0,0.9872870340596054,0.0,0.9952382,0.0,0.9899697592334556,0,0.9998518
25,2,7,3,5,0,0,20,0.0,0.0,0.9930687,0.0,0.9899825766303663,0.0,0.9833588,0.0,0.9838241508629151,0,0.9999386
53,2,3,2,3,1,0,33,0.0,0.0,0.97643733,0.0,0.9702908488849445,0.0,0.9749421,0.0,0.979172774715115,0,0.9997223
48,2,4,1,2,1,1,40,1.0,1.0,0.17857438,1.0,0.18321829748756835,1.0,0.33089155,1.0,0.23367884776334358,1,5.506496e-07
32,1,0,3,1,1,1,20,0.0,0.0,0.9862198,0.0,0.9663178172772737,0.0,0.99244046,0.0,0.9793966789580807,0,0.9999807
29,2,3,1,0,1,1,60,0.0,0.0,0.687249,0.0,0.7464464742136563,0.0,0.7263609,0.0,0.7267323667715737,0,0.5151918
38,2,0,1,4,1,1,40,0.0,0.0,0.6112062,0.0,0.6252505522984227,0.0,0.681055,0.0,0.6307551497623776,1,0.2222394
27,2,3,3,0,1,1,40,0.0,0.0,0.9884606,0.0,0.9809641516465788,0.0,0.9885181,0.0,0.9894470222177112,0,0.99980086
49,2,7,1,3,1,1,44,0.0,1.0,0.3972324,1.0,0.3534226909942567,1.0,0.4083358,1.0,0.4029142110779347,1,3.4069915e-05
44,2,7,1,5,1,1,40,1.0,1.0,0.42689186,1.0,0.4622350731990118,0.0,0.54569495,1.0,0.4741301175440741,1,1.3457127e-05
23,2,1,1,3,1,1,40,0.0,0.0,0.575552,1.0,0.4661374256442027,0.0,0.5747865,1.0,0.4825947747652729,1,0.015778828
24,2,3,1,0,1,0,40,0.0,0.0,0.8694145,0.0,0.9118063333188667,0.0,0.9008807,0.0,0.8899013461777947,0,0.98962384
58,3,1,3,0,1,1,72,0.0,0.0,0.765023,0.0,0.7119446491027446,1.0,0.27087593,1.0,0.4490781554485943,1,0.0020690165
47,2,1,0,4,1,0,25,0.0,0.0,0.9267627,0.0,0.9586987598587571,0.0,0.9544126,0.0,0.9751884553230167,0,0.999652
61,0,4,0,2,1,0,70,0.0,0.0,0.660233,0.0,0.6394735671560376,1.0,0.21572918,1.0,0.4490324077416207,1,3.0808784e-05
47,2,7,1,0,1,1,40,0.0,0.0,0.6075274,0.0,0.6462050936218486,0.0,0.5984794,0.0,0.6307551497623776,1,0.19299641
24,3,6,3,0,1,1,50,0.0,0.0,0.9942022,0.0,0.9509716992459321,0.0,0.9581655,0.0,0.9699410371488052,0,0.9998585
32,2,3,3,4,1,0,40,0.0,0.0,0.98805755,0.0,0.9890441191460503,0.0,0.9893,0.0,0.985643797636976,0,0.99981123
31,2,0,3,0,0,1,50,0.0,0.0,0.9511499,0.0,0.938689353806597,0.0,0.94489527,0.0,0.930597877403704,0,0.9997286
37,2,3,0,0,1,0,40,0.0,0.0,0.96812385,0.0,0.971962464292392,0.0,0.9785448,0.0,0.979617072538832,0,0.99978083
49,2,7,1,2,1,1,40,1.0,1.0,0.37912852,1.0,0.41714563401263205,1.0,0.42160928,1.0,0.3458046531463941,1,1.6646725e-06
30,1,6,3,1,1,1,40,0.0,0.0,0.99581724,0.0,0.9766575918262521,0.0,0.99131554,0.0,0.9796861305431934,0,0.99997723
41,2,7,3,0,1,0,40,0.0,0.0,0.9659416,0.0,0.9606058810500767,0.0,0.9916125,0.0,0.984442045415811,0,0.99983096
39,2,7,0,3,1,0,40,0.0,0.0,0.9624797,0.0,0.9582628545641383,0.0,0.95897996,0.0,0.9788270646952698,0,0.9997905
36,0,4,1,5,1,1,40,1.0,1.0,0.25515914,1.0,0.30956239680946473,1.0,0.1866951,1.0,0.336037363310017,1,3.3655194e-06
39,2,2,1,2,1,1,55,1.0,1.0,0.12544924,1.0,0.19740811917457568,1.0,0.17939883,1.0,0.17892054884649367,1,3.8961173e-07
30,2,3,3,5,1,0,40,0.0,0.0,0.981265,0.0,0.9884944991623766,0.0,0.9889038,0.0,0.9838284406208974,0,0.9998281
50,0,4,1,4,1,1,40,1.0,1.0,0.2595964,0.0,0.5073201512890053,1.0,0.2697196,1.0,0.3436812548586765,1,6.22984e-06
23,2,7,3,5,1,1,50,0.0,0.0,0.9509355,0.0,0.9701525863481727,0.0,0.96421385,0.0,0.9699410371488052,0,0.9998963
55,2,3,0,0,1,1,40,0.0,0.0,0.9374543,0.0,0.9324662020992969,0.0,0.9610489,0.0,0.9576898621258856,0,0.9997403
44,0,3,0,0,0,1,40,0.0,0.0,0.9536662,0.0,0.9454647747991447,0.0,0.96327174,0.0,0.9679168581803899,0,0.9999044
54,2,3,1,0,1,1,40,1.0,0.0,0.68967366,0.0,0.5649443162141652,0.0,0.63076127,0.0,0.6350077258889693,1,0.27573216
34,2,4,1,3,1,1,40,0.0,1.0,0.26173788,1.0,0.3025199875676986,1.0,0.39641976,1.0,0.4718789256334437,1,0.00017773683
31,2,7,1,5,1,0,20,0.0,0.0,0.82267493,0.0,0.8559991053594976,0.0,0.6714171,0.0,0.7835319366484934,0,0.8703304
43,2,3,0,0,0,0,40,0.0,0.0,0.96282196,0.0,0.964271726324928,0.0,0.97687125,0.0,0.9680756794968552,0,0.9997787
41,2,5,1,5,0,1,40,0.0,1.0,0.16369295,1.0,0.1898242344557418,1.0,0.20435572,1.0,0.19950082865041796,1,5.704032e-07
33,2,3,3,0,1,1,45,0.0,0.0,0.9742903,0.0,0.9705926760458509,0.0,0.97823054,0.0,0.9798850381716767,0,0.99977666
27,2,3,3,0,0,1,40,0.0,0.0,0.9894729,0.0,0.9806113063845955,0.0,0.9885181,0.0,0.9894470222177112,0,0.99980086
53,2,7,1,5,1,1,45,1.0,1.0,0.27077878,1.0,0.2723225910182988,1.0,0.26426744,1.0,0.2877783471562828,1,4.9011675e-07
30,2,1,1,4,1,1,60,1.0,1.0,0.31681705,1.0,0.3217651952852313,1.0,0.41426498,1.0,0.3960443266996998,1,2.3481032e-05
53,3,3,1,0,1,1,60,0.0,0.0,0.6140679,0.0,0.6167670488372952,0.0,0.6263677,0.0,0.6032148183164494,1,0.045681704
33,2,3,1,0,0,1,40,0.0,0.0,0.85882306,0.0,0.8874276151174514,0.0,0.8508402,0.0,0.8514576748514968,0,0.9541912
45,2,3,0,0,1,1,60,0.0,0.0,0.8900672,0.0,0.8817737491170554,0.0,0.8884907,0.0,0.8985250233550862,0,0.9989498
53,2,3,0,5,1,0,40,0.0,0.0,0.9247441,0.0,0.9597371037978829,0.0,0.9443265,0.0,0.9355644792704981,0,0.9995229
58,2,3,2,4,1,0,40,0.0,0.0,0.95658964,0.0,0.9722737710062453,0.0,0.9462004,0.0,0.9738615982502722,0,0.998591
20,2,6,3,0,0,1,40,0.0,0.0,0.9983652,0.0,0.9860996148144991,0.0,0.99298584,0.0,0.9894470222177112,0,0.9998399
20,1,7,3,1,1,1,60,0.0,0.0,0.98824114,0.0,0.9843939571129608,0.0,0.98245996,0.0,0.970718545184542,0,0.99994254
24,2,7,3,5,1,1,40,0.0,0.0,0.97405624,0.0,0.9814966530059362,0.0,0.98919463,0.0,0.979396889613158,0,0.99993587
49,2,3,1,0,1,1,42,1.0,0.0,0.64403975,0.0,0.5862857957561238,0.0,0.5986988,0.0,0.6307793578535944,1,0.20693342
26,2,7,1,3,1,1,50,0.0,0.0,0.63276863,0.0,0.6642872409364573,0.0,0.6769497,0.0,0.5959947947879387,1,0.13969767
42,0,0,1,4,1,1,40,1.0,0.0,0.51038593,0.0,0.585124935870492,0.0,0.5188493,0.0,0.5543559924471098,1,0.03523256
59,2,6,1,0,1,1,40,0.0,0.0,0.85241914,0.0,0.884467268672753,0.0,0.8633863,0.0,0.8602185813859967,0,0.95793456
37,2,7,3,0,1,0,40,0.0,0.0,0.9715432,0.0,0.9641380896730483,0.0,0.99169487,0.0,0.984442045415811,0,0.9998337
65,3,3,1,0,1,1,65,0.0,0.0,0.5616051,0.0,0.6511586206083086,0.0,0.72118866,0.0,0.5466986192976098,1,0.0024452412
35,2,5,1,2,1,1,45,1.0,1.0,0.13559061,1.0,0.17180715438498717,1.0,0.24561542,1.0,0.19553813683016352,1,5.0784564e-07
47,2,1,1,3,1,1,55,1.0,1.0,0.19454819,1.0,0.22753906059705375,1.0,0.23080933,1.0,0.2154523751474131,1,5.07349e-07
31,3,3,3,3,0,1,40,0.0,0.0,0.9796883,0.0,0.9462327229537268,0.0,0.89667416,0.0,0.951331347119149,0,0.99964654
40,2,7,1,3,1,1,60,0.0,1.0,0.3648035,1.0,0.36943910446951034,1.0,0.4222867,1.0,0.37857333324495746,1,1.4741398e-05
39,2,7,1,0,1,1,55,1.0,0.0,0.52020717,1.0,0.49908312496629736,1.0,0.46571553,0.0,0.5356704517486593,1,0.026836932
44,2,3,0,0,0,0,40,0.0,0.0,0.96182644,0.0,0.964271726324928,0.0,0.9766383,0.0,0.9680756794968552,0,0.9997782
42,0,7,0,5,1,0,40,0.0,0.0,0.9137287,0.0,0.9615561864651536,0.0,0.9673331,0.0,0.9590826510785776,0,0.9999391
54,2,7,4,0,1,0,50,0.0,0.0,0.9077586,0.0,0.8908474305101913,0.0,0.9054965,0.0,0.9338011724701248,0,0.99980205
46,2,2,1,2,1,1,55,1.0,1.0,0.108181775,1.0,0.16643449581975212,1.0,0.17763186,1.0,0.10915792769824695,1,4.0276674e-07
40,2,5,1,0,1,1,40,1.0,1.0,0.27946198,1.0,0.3874424767884177,0.0,0.52487713,1.0,0.4612109306612001,1,7.80237e-05
40,2,7,1,0,1,1,40,0.0,0.0,0.6603614,0.0,0.6589721125139261,0.0,0.69908196,0.0,0.6440673257910199,1,0.41018516
23,2,6,1,4,1,1,35,0.0,0.0,0.98200023,0.0,0.9592381107531722,0.0,0.9708816,0.0,0.9724005408594044,0,0.997684
27,0,3,1,4,1,1,40,0.0,0.0,0.7562499,0.0,0.6825606828081645,0.0,0.8157191,0.0,0.8096661714076477,0,0.8819166
27,2,0,3,3,1,1,50,0.0,0.0,0.93228376,0.0,0.9369827059998019,0.0,0.926476,0.0,0.9436548370703283,0,0.9996408
36,2,3,1,4,1,1,50,0.0,0.0,0.6501458,0.0,0.7426439641895187,0.0,0.6793729,0.0,0.6440673257910199,1,0.30246642
30,2,1,3,2,1,1,50,0.0,0.0,0.79128844,0.0,0.766531345137661,0.0,0.84693384,0.0,0.7802556249748896,0,0.97875434
22,2,3,3,4,1,0,40,0.0,0.0,0.9934275,0.0,0.9895928986774607,0.0,0.98768806,0.0,0.9894470222177112,0,0.99981624
58,2,3,0,5,1,0,40,0.0,0.0,0.91778743,0.0,0.9527544461115296,0.0,0.94383293,0.0,0.9355644792704981,0,0.9993814
68,2,0,4,5,1,0,40,0.0,0.0,0.8230707,0.0,0.9243468301848323,0.0,0.7050216,0.0,0.6936010862815002,0,0.9904772
47,0,2,3,2,1,0,40,0.0,0.0,0.7709583,0.0,0.5088448017679816,1.0,0.4314112,1.0,0.4634255742419685,1,0.0032731148
22,2,3,3,5,1,0,42,0.0,0.0,0.98357546,0.0,0.9890236022867465,0.0,0.9646574,0.0,0.975376997925675,0,0.99977225
42,2,7,1,0,1,1,45,1.0,0.0,0.55409145,1.0,0.4776909834973132,0.0,0.5705756,0.0,0.5494164969838116,1,0.08642483
32,2,5,1,3,1,1,60,1.0,1.0,0.13025004,1.0,0.2023771998147258,1.0,0.24349344,1.0,0.2573054104447744,1,5.270968e-07
37,2,2,1,2,0,1,40,0.0,1.0,0.22692084,1.0,0.26462971745610453,1.0,0.17252004,1.0,0.2320003112046488,1,6.3479547e-07
20,2,7,3,3,1,0,20,0.0,0.0,0.9978905,0.0,0.9857313578244267,0.0,0.9957542,0.0,0.9899697592334556,0,0.99985135
33,2,1,3,2,1,1,40,0.0,0.0,0.8386545,0.0,0.8283825675826815,0.0,0.8887997,0.0,0.8638418539836716,0,0.9998735
69,1,0,0,1,1,0,1,0.0,0.0,0.9870178,0.0,0.9149450169996394,0.0,0.9888997,0.0,0.979953371400512,0,0.9999807
43,3,3,3,5,0,1,55,0.0,0.0,0.9092253,0.0,0.8998998450319491,0.0,0.62748694,0.0,0.8514312271149426,0,0.99573994
34,0,5,1,2,1,1,40,1.0,1.0,0.19669425,1.0,0.20063996384405502,1.0,0.35321617,1.0,0.2333736794529574,1,2.6511934e-06
21,1,7,3,1,1,0,5,0.0,0.0,0.9979281,0.0,0.9887981186950392,0.0,0.9947331,0.0,0.9795846740159107,0,0.99998796
20,2,7,3,5,0,0,30,0.0,0.0,0.99470305,0.0,0.9907679703664632,0.0,0.98899484,0.0,0.9838241508629151,0,0.9999224
19,2,7,3,3,1,0,10,0.0,0.0,0.9989913,0.0,0.9850655595243331,0.0,0.994231,0.0,0.9899697592334556,0,0.99984694
30,2,3,0,0,1,1,40,0.0,0.0,0.97195387,0.0,0.9514548974040357,0.0,0.98044384,0.0,0.9859906533506766,0,0.99978334
42,2,3,1,5,1,1,48,0.0,1.0,0.43817574,1.0,0.39367964587246684,0.0,0.59102017,0.0,0.5276365388459907,1,0.011425564
19,2,7,3,3,0,0,18,0.0,0.0,0.9988631,0.0,0.9912114358767811,0.0,0.99587435,0.0,0.9899697592334556,0,0.999851
30,2,1,3,4,1,0,40,0.0,0.0,0.94778883,0.0,0.9739443624850463,0.0,0.97044474,0.0,0.9586833799318533,0,0.9991824
56,2,6,0,5,1,1,40,0.0,0.0,0.93892145,0.0,0.9352974115285977,0.0,0.9493377,0.0,0.9699410371488052,0,0.99988616
31,2,6,3,0,1,1,40,0.0,0.0,0.99431497,0.0,0.9736224890139612,0.0,0.9919826,0.0,0.9894470222177112,0,0.9998343
46,2,1,0,2,1,0,40,0.0,0.0,0.73240185,0.0,0.7373134371741068,0.0,0.8259295,0.0,0.8294804378835255,0,0.99970585
32,3,0,0,3,1,1,50,0.0,0.0,0.86521196,0.0,0.7830320643863731,0.0,0.8448477,0.0,0.8613632359887498,0,0.9989598
66,2,1,1,4,1,1,99,0.0,1.0,0.14679575,1.0,0.45199151311770713,1.0,0.20586962,1.0,0.17734971812946598,1,5.612746e-07
18,2,6,3,4,1,1,12,0.0,0.0,0.99986476,0.0,0.9898587615976677,0.0,0.9969937,0.0,0.9899697592334556,0,0.99983895
40,2,6,1,0,1,1,40,0.0,0.0,0.8970931,0.0,0.9031130481711994,0.0,0.9012379,0.0,0.9024606956917652,0,0.9929395
50,2,7,0,0,1,1,40,0.0,0.0,0.9043352,0.0,0.913225061209882,0.0,0.9261051,0.0,0.9737726645168168,0,0.9998549
77,2,3,4,5,1,0,32,0.0,0.0,0.9293399,0.0,0.9469033715921433,0.0,0.95100635,0.0,0.9165272808288867,0,0.9993337
42,2,1,1,5,0,0,40,0.0,1.0,0.39365506,1.0,0.3203859580074503,1.0,0.16101694,1.0,0.20861537804017338,1,4.6556158e-07
37,0,1,1,2,1,1,36,1.0,1.0,0.4206385,0.0,0.5250078396843341,1.0,0.4870236,1.0,0.4888320314968394,1,4.5163356e-06
34,1,1,1,1,1,0,10,1.0,0.0,0.79571027,1.0,0.49250011459575027,0.0,0.6712367,0.0,0.7972459451176787,1,0.414402
48,2,7,0,5,1,0,38,0.0,0.0,0.94089,0.0,0.9704351045506414,0.0,0.9555098,0.0,0.9751989369346568,0,0.99996173
36,2,1,0,5,1,0,40,0.0,0.0,0.8232002,0.0,0.88020153768777,0.0,0.8872447,0.0,0.9096490938701356,0,0.99965405
42,2,1,0,2,1,0,15,0.0,0.0,0.86802465,0.0,0.8910105418759298,0.0,0.8452005,0.0,0.9324656838585546,0,0.9999516
55,2,3,2,0,1,1,40,0.0,0.0,0.9566869,0.0,0.9359520052432286,0.0,0.9411169,0.0,0.9442695024754441,0,0.99957424
45,2,3,1,0,1,1,40,1.0,0.0,0.74046123,0.0,0.6982123750476055,0.0,0.73359066,0.0,0.7392101445267152,0,0.72283393
46,3,5,1,2,1,1,40,1.0,1.0,0.15981567,1.0,0.12846586287436723,1.0,0.19198346,1.0,0.18829764759264866,1,4.7790655e-07
61,2,7,1,0,1,1,20,0.0,0.0,0.7177199,0.0,0.7514717562528647,0.0,0.6683355,0.0,0.6594626480676056,1,0.3297617
25,2,3,3,0,1,1,37,0.0,0.0,0.9946607,0.0,0.9864832783490246,0.0,0.9916176,0.0,0.9896973455652845,0,0.9998148
69,3,3,1,3,1,1,48,0.0,1.0,0.43219006,0.0,0.5931573947029548,0.0,0.57297146,0.0,0.5044027267399023,1,0.00012633306
35,2,3,1,0,1,1,50,0.0,0.0,0.69048107,0.0,0.6670014219840698,0.0,0.715214,0.0,0.7277306171796802,0,0.51802194
54,2,6,0,5,1,1,40,1.0,0.0,0.9412373,0.0,0.9387605468814442,0.0,0.94844985,0.0,0.9699410371488052,0,0.99988055
26,1,6,3,1,1,0,35,0.0,0.0,0.99787897,0.0,0.9854558356288541,0.0,0.99299204,0.0,0.9796861305431934,0,0.999982
39,2,7,1,5,1,0,35,1.0,0.0,0.6938996,0.0,0.5618266208041414,0.0,0.54550874,0.0,0.5543934543435285,1,0.080492154
43,0,5,1,2,0,1,40,0.0,1.0,0.19784164,1.0,0.1458244392289043,1.0,0.32416266,1.0,0.1904689769043737,1,4.156433e-06
41,0,4,3,2,1,0,40,0.0,0.0,0.79927516,0.0,0.8827614398915737,0.0,0.88995606,0.0,0.8921534404410119,0,0.9677301
22,2,3,1,4,1,0,40,0.0,0.0,0.9030995,0.0,0.9273169158457646,0.0,0.8862405,0.0,0.8833870635839788,0,0.97967666
61,2,0,1,4,1,1,40,1.0,1.0,0.44338965,0.0,0.5407321492555223,0.0,0.5076992,1.0,0.4719673107363551,1,0.0036130305
43,2,1,1,2,1,1,42,1.0,1.0,0.24626172,1.0,0.22219635801446658,1.0,0.24673074,1.0,0.18409668940547397,1,5.7868726e-07
31,3,2,1,2,1,1,40,1.0,1.0,0.24986005,1.0,0.21948857213632444,1.0,0.13591766,1.0,0.16048977213004434,1,4.6809924e-07
46,0,4,0,5,1,0,65,1.0,0.0,0.6237972,1.0,0.3873060788116057,0.0,0.6079328,1.0,0.44665761506614143,1,0.002938269
63,0,4,1,2,1,1,48,0.0,1.0,0.17608696,1.0,0.12638694518864768,1.0,0.26829422,1.0,0.22230979164083087,1,6.3978405e-07
24,2,0,3,0,1,1,40,0.0,0.0,0.9760023,0.0,0.9684750684184379,0.0,0.9838635,0.0,0.9748378131289205,0,0.99980944
45,2,1,0,2,1,0,48,1.0,0.0,0.6882632,0.0,0.7205023202989648,1.0,0.35744,0.0,0.516967090492048,1,0.016907722
25,2,3,3,5,1,0,40,0.0,0.0,0.98578244,0.0,0.9887801953392277,0.0,0.98975927,0.0,0.9899697592334556,0,0.9998311
48,2,6,0,4,0,0,40,0.0,0.0,0.99040693,0.0,0.9785532285636876,0.0,0.9954714,0.0,0.9855313156610583,0,0.99981505
39,1,6,4,1,1,0,15,0.0,0.0,0.99512786,0.0,0.9765373403815134,0.0,0.9954877,0.0,0.979953371400512,0,0.9999858
25,2,4,1,0,1,1,99,1.0,1.0,0.3056833,0.0,0.5278404569321946,1.0,0.19255912,1.0,0.19758770568151074,1,5.756033e-07
47,2,7,0,0,1,0,40,0.0,0.0,0.9442823,0.0,0.94239706593981,0.0,0.93936384,0.0,0.9742518924466687,0,0.9998343
21,2,7,3,4,1,0,40,0.0,0.0,0.9900038,0.0,0.9869991576671626,0.0,0.9903869,0.0,0.9861709950891865,0,0.99982244
24,2,3,3,3,1,1,45,0.0,0.0,0.981303,0.0,0.9749100943778183,0.0,0.98035,0.0,0.9819824887897047,0,0.99976414
54,2,4,4,5,1,0,38,0.0,0.0,0.68847454,0.0,0.8241933259616123,0.0,0.70520407,0.0,0.6328880729424256,1,0.16718839
32,2,6,1,0,0,1,40,0.0,0.0,0.9402617,0.0,0.929813682319565,0.0,0.94862175,0.0,0.9351220137114257,0,0.9964271
36,2,1,1,2,1,1,45,0.0,1.0,0.26852542,1.0,0.2602691086952835,1.0,0.2536971,1.0,0.20290718933884255,1,5.3848555e-07
31,2,3,2,5,1,0,20,0.0,0.0,0.9792109,0.0,0.9792877685912172,0.0,0.9874816,0.0,0.9899697592334556,0,0.99979717
33,0,0,1,4,1,1,40,1.0,0.0,0.58403695,0.0,0.6017150780428797,0.0,0.57974464,0.0,0.6524337101140745,1,0.2749803
29,2,3,1,0,1,1,40,0.0,0.0,0.842921,0.0,0.8530644548181698,0.0,0.8668237,0.0,0.8700664057474417,0,0.9651129
29,2,3,1,4,0,1,50,0.0,0.0,0.7541137,0.0,0.8629047571745383,0.0,0.7217283,0.0,0.7183930588032134,0,0.59657985
34,2,3,1,4,1,1,40,1.0,0.0,0.78622115,0.0,0.7974045060189557,0.0,0.8064543,0.0,0.7931498056313406,0,0.8744486
29,2,3,3,5,0,0,40,0.0,0.0,0.9844121,0.0,0.9879401848147991,0.0,0.9892922,0.0,0.9855729607798328,0,0.99982953
32,2,3,3,0,1,1,40,0.0,0.0,0.98393226,0.0,0.9806113063845955,0.0,0.9885155,0.0,0.9894470222177112,0,0.999801
23,2,1,3,5,1,1,30,0.0,0.0,0.96396226,0.0,0.974786557412998,0.0,0.96927196,0.0,0.9699410371488052,0,0.99990964
22,2,3,3,5,1,0,60,0.0,0.0,0.97468084,0.0,0.982235470813713,0.0,0.9335477,0.0,0.9438678373114687,0,0.99961936
64,2,6,4,4,1,0,16,0.0,0.0,0.9936581,0.0,0.9650992477353215,0.0,0.9902617,0.0,0.9899153546152761,0,0.9998092
58,0,4,1,2,1,1,40,1.0,1.0,0.20817697,1.0,0.15390750676343312,1.0,0.19740385,1.0,0.22258622037827225,1,8.0230194e-07
44,3,7,3,0,1,1,60,0.0,0.0,0.91528344,0.0,0.8812246107501983,0.0,0.9483962,0.0,0.8916418380999526,0,0.99987996
42,0,7,0,5,1,1,40,0.0,0.0,0.85531235,0.0,0.8925187786761211,0.0,0.9673331,0.0,0.9590826510785776,0,0.9999391
32,2,1,1,3,1,1,60,1.0,1.0,0.26970434,1.0,0.2352410101969944,1.0,0.20807427,1.0,0.23874157669230134,1,4.8876734e-07
55,2,4,1,2,1,1,40,1.0,1.0,0.15485758,1.0,0.15330811286993484,1.0,0.284222,1.0,0.21710815637065495,1,5.543114e-07
43,2,6,1,0,0,1,40,0.0,0.0,0.9108404,0.0,0.86065181221261,0.0,0.8985811,0.0,0.894325481484722,0,0.9898718
42,3,7,1,5,0,1,60,0.0,1.0,0.39872497,1.0,0.30818732232536394,1.0,0.3170783,1.0,0.2853134099589567,1,6.189443e-07
36,3,3,1,0,1,1,65,1.0,0.0,0.6723457,0.0,0.688479617053908,0.0,0.67998874,0.0,0.6377819862649474,1,0.21736506
31,2,3,0,4,1,1,40,0.0,0.0,0.97116727,0.0,0.9674046381525274,0.0,0.9875998,0.0,0.9821220594613431,0,0.99980146
26,0,3,3,5,0,1,40,0.0,0.0,0.976077,0.0,0.9739215735048516,0.0,0.9610083,0.0,0.9669431947965386,0,0.9999584
30,2,7,1,0,1,1,40,0.0,0.0,0.74941707,0.0,0.7830580780233696,0.0,0.74758196,0.0,0.7617795959830724,0,0.8263304
29,2,6,0,0,1,0,55,0.0,0.0,0.98720217,0.0,0.9609949358461338,0.0,0.9637,0.0,0.9565107056576201,0,0.9997727
69,1,3,4,1,1,0,20,0.0,0.0,0.97413474,0.0,0.9655413989003968,0.0,0.9825955,0.0,0.9715842763131524,0,0.99987304
31,0,6,1,4,1,0,40,1.0,0.0,0.9314975,0.0,0.9439083627544933,0.0,0.9450024,0.0,0.9064350227207163,0,0.9970776
29,2,0,3,5,1,0,40,0.0,0.0,0.9543092,0.0,0.9710958898442089,0.0,0.9643944,0.0,0.9679168581803899,0,0.99984396
35,2,1,3,4,1,0,45,0.0,0.0,0.9134695,0.0,0.9610054343170282,0.0,0.8396297,0.0,0.8871089564138644,0,0.99552995
21,2,3,3,0,1,1,40,0.0,0.0,0.9940467,0.0,0.9839535596896772,0.0,0.98820007,0.0,0.9894470222177112,0,0.9997998
54,2,7,1,0,1,1,50,0.0,1.0,0.45403057,1.0,0.44324961077922376,1.0,0.38409,1.0,0.4549795828523413,1,0.0015713912
33,1,3,1,1,1,0,38,0.0,0.0,0.87079716,0.0,0.8751178551881875,0.0,0.947545,0.0,0.86955478045223,0,0.9962579
45,2,7,1,2,1,1,40,1.0,1.0,0.40592432,1.0,0.4265070264438616,1.0,0.4334432,1.0,0.43313186423423866,1,4.5850998e-06
49,3,3,1,0,1,1,98,0.0,0.0,0.5587354,0.0,0.7186665988470695,0.0,0.6079916,0.0,0.532611681533426,1,0.0039933096
22,0,1,3,2,0,0,18,0.0,0.0,0.98209697,0.0,0.9749669997935088,0.0,0.94465655,0.0,0.9574490292799223,0,0.99999595
21,2,3,3,5,1,0,40,0.0,0.0,0.99002784,0.0,0.9887718555540658,0.0,0.9899146,0.0,0.9899697592334556,0,0.99983025
24,2,6,1,0,1,0,40,0.0,0.0,0.9546499,0.0,0.9462849416292292,0.0,0.962097,0.0,0.9520676065851291,0,0.99731547
24,2,7,3,2,1,0,40,0.0,0.0,0.97391856,0.0,0.9768124926885121,0.0,0.90773785,0.0,0.9693438363382854,0,0.9999161
33,2,1,1,5,1,1,55,0.0,1.0,0.21936023,1.0,0.1606523851955275,1.0,0.18115991,1.0,0.1709718643740099,1,4.850951e-07
23,2,3,3,4,1,0,25,0.0,0.0,0.99704826,0.0,0.9895574510436048,0.0,0.9922177,0.0,0.989972401351476,0,0.99982506
42,2,6,1,0,0,1,43,1.0,0.0,0.89176285,0.0,0.8646571405334058,0.0,0.8771151,0.0,0.8741853458116003,0,0.96633565
20,2,3,3,5,1,0,40,0.0,0.0,0.9912332,0.0,0.9895188432916793,0.0,0.9899927,0.0,0.9899697592334556,0,0.9998299
26,2,3,1,0,1,1,40,1.0,0.0,0.86434996,0.0,0.9245526407641094,0.0,0.8824911,0.0,0.8868368665865113,0,0.98454106
30,2,6,3,3,1,1,40,0.0,0.0,0.9928804,0.0,0.977133420871308,0.0,0.9940942,0.0,0.9894470222177112,0,0.99983156
39,2,3,1,0,1,1,40,0.0,0.0,0.7760284,0.0,0.6982123750476055,0.0,0.7670251,0.0,0.7492192642783739,0,0.8142412
28,2,3,1,0,0,1,40,0.0,0.0,0.88140386,0.0,0.9268913456235383,0.0,0.8635098,0.0,0.8737517909641446,0,0.97557324
48,2,0,1,4,1,1,50,1.0,1.0,0.40433884,0.0,0.5247978547992966,0.0,0.53254664,1.0,0.4549795828523413,1,0.002982249
22,2,3,3,4,1,0,36,0.0,0.0,0.9961341,0.0,0.989796157262187,0.0,0.9913565,0.0,0.989972401351476,0,0.9998228
34,0,1,1,5,1,1,20,0.0,0.0,0.5502268,0.0,0.6556568927347544,1.0,0.35004944,0.0,0.5337655322367494,1,0.0008815301
58,3,6,1,0,1,0,35,1.0,0.0,0.91506636,0.0,0.9341421640554716,0.0,0.8466164,0.0,0.879008374648214,0,0.9882157
45,2,0,3,3,1,0,38,0.0,0.0,0.9653094,0.0,0.9423099809708311,0.0,0.9923464,0.0,0.987495765315082,0,0.9998229
46,2,4,1,2,1,1,41,0.0,1.0,0.16336572,1.0,0.19815576721044892,1.0,0.26719868,1.0,0.23049042508978745,1,5.44008e-07
38,2,3,0,4,0,0,32,0.0,0.0,0.9811176,0.0,0.979424979028266,0.0,0.9923064,0.0,0.9855351098496185,0,0.9998166
34,2,1,1,5,1,1,60,1.0,1.0,0.19671392,1.0,0.14746761891313542,1.0,0.201765,1.0,0.16490532514368594,1,5.094974e-07
65,2,7,4,4,1,0,24,0.0,0.0,0.9611143,0.0,0.9507964296768855,0.0,0.9689078,0.0,0.9739199656519253,0,0.9996487
48,2,3,1,0,1,1,70,0.0,1.0,0.47964412,0.0,0.5145129108418728,0.0,0.64749336,0.0,0.5494164969838116,1,0.03571724
44,2,1,1,5,1,1,45,1.0,1.0,0.18696684,1.0,0.1405008266974741,1.0,0.20358461,1.0,0.22170631207000435,1,5.158086e-07
41,3,3,1,4,1,1,60,0.0,0.0,0.6078842,0.0,0.6966266889045469,0.0,0.5163436,0.0,0.6032148183164494,1,0.087042004
61,2,1,1,2,1,1,40,1.0,1.0,0.2332815,1.0,0.21995253623157873,1.0,0.23088127,1.0,0.18858769050823176,1,5.2309963e-07
44,2,7,1,3,1,1,60,1.0,1.0,0.32585776,1.0,0.3569052018409429,0.0,0.57346964,1.0,0.3928071743474405,1,5.005785e-06
74,3,3,4,4,1,1,20,0.0,0.0,0.9547389,0.0,0.9113082636528308,0.0,0.9702361,0.0,0.9488646857762854,0,0.99966574
41,2,6,1,0,1,1,40,0.0,0.0,0.8945012,0.0,0.8986468241515649,0.0,0.899674,0.0,0.9024606956917652,0,0.9920521
35,2,5,1,2,1,1,50,1.0,1.0,0.12623328,1.0,0.17781421294586564,1.0,0.22675884,1.0,0.19553813683016352,1,5.2932995e-07
23,2,1,3,3,1,0,45,0.0,0.0,0.9582613,0.0,0.9627170224025368,0.0,0.9045137,0.0,0.8836042456063873,0,0.9985044
35,2,1,3,3,1,1,55,0.0,0.0,0.7677708,0.0,0.6871028238678285,0.0,0.63281655,0.0,0.5650874847831322,1,0.34536988
46,2,0,0,0,1,1,40,0.0,0.0,0.9090922,0.0,0.9110696409767421,0.0,0.95328057,0.0,0.9350777073282602,0,0.99974054
22,2,7,3,3,1,0,30,0.0,0.0,0.9960966,0.0,0.9857313578244267,0.0,0.99538153,0.0,0.9899697592334556,0,0.99985003
36,2,5,3,2,0,1,40,1.0,0.0,0.72488165,0.0,0.6233204418225544,1.0,0.47587574,0.0,0.6474044380775155,0,0.9884173
25,3,7,1,0,1,1,50,1.0,0.0,0.738219,0.0,0.7959503357617185,0.0,0.6295543,0.0,0.6825579628145674,1,0.4508695
17,2,3,3,3,1,0,20,0.0,0.0,0.9999586,0.0,0.9902446158095479,0.0,0.9887794,0.0,0.9894470222177112,0,0.99980384
24,2,1,3,0,1,0,40,0.0,0.0,0.95812964,0.0,0.9517146365861553,0.0,0.95831674,0.0,0.951331347119149,0,0.99973553
47,2,0,1,3,1,1,40,1.0,1.0,0.42767835,1.0,0.40149036497996726,1.0,0.4958458,1.0,0.4768260059827242,1,0.0034480204
32,2,3,1,0,1,1,55,0.0,0.0,0.6834363,0.0,0.7235921688528753,0.0,0.7078762,0.0,0.7043444045664533,1,0.49294052
50,0,4,0,5,1,0,70,0.0,0.0,0.59978986,1.0,0.37207534834532274,0.0,0.53635716,1.0,0.4452715595301149,1,0.001115129
28,2,3,3,5,1,0,20,0.0,0.0,0.9930987,0.0,0.9889603481545268,0.0,0.9936293,0.0,0.9899697592334556,0,0.9998392
59,2,7,0,4,1,0,32,0.0,0.0,0.96105736,0.0,0.9699732039787866,0.0,0.9869325,0.0,0.9789985669158763,0,0.9997693
60,0,3,0,5,1,1,40,1.0,0.0,0.86186355,0.0,0.898290254412017,0.0,0.95949405,0.0,0.9443106969716603,0,0.99981374
68,3,3,1,3,1,1,40,0.0,0.0,0.5481756,0.0,0.7271380732026064,0.0,0.63336885,0.0,0.532611681533426,1,0.005983001
35,2,0,0,5,1,0,40,0.0,0.0,0.9257996,0.0,0.9477485712368043,0.0,0.9514253,0.0,0.9616298239367893,0,0.9998173
28,2,6,3,0,1,1,50,0.0,0.0,0.99158746,0.0,0.9663524070380777,0.0,0.9823721,0.0,0.9810567097828234,0,0.9998142
30,1,3,1,1,0,1,40,0.0,0.0,0.8864064,0.0,0.9034620878785841,0.0,0.8740256,0.0,0.8560446014239883,0,0.99042994
51,2,0,1,4,1,1,55,0.0,1.0,0.3587994,0.0,0.5382221848351896,1.0,0.34320313,1.0,0.3929331608071036,1,0.00018870369
43,2,3,1,0,1,1,40,0.0,0.0,0.75252104,0.0,0.6982123750476055,0.0,0.72584796,0.0,0.7492192642783739,0,0.76001495
27,2,1,3,0,1,1,50,0.0,0.0,0.9012655,0.0,0.909654450675513,0.0,0.9037628,0.0,0.9064432968716183,0,0.99946386
54,2,4,1,5,1,1,44,1.0,1.0,0.103904426,1.0,0.11154405929839917,1.0,0.16264588,1.0,0.1891961395613636,1,4.7131059e-07
33,2,6,1,0,1,1,33,0.0,0.0,0.94962525,0.0,0.9551568971896732,0.0,0.96611756,0.0,0.9704076941478545,0,0.99804556
38,2,1,0,2,0,0,45,1.0,0.0,0.7743224,0.0,0.7361822100918191,0.0,0.7295277,0.0,0.7425682876523358,0,0.97464424
26,2,0,3,4,0,0,15,0.0,0.0,0.99548566,0.0,0.9856996990233697,0.0,0.99201167,0.0,0.9899180109183517,0,0.9998292
22,2,7,3,3,0,1,20,0.0,0.0,0.99734,0.0,0.9855064970373907,0.0,0.9946478,0.0,0.9899697592334556,0,0.9998522
78,1,6,1,1,1,1,40,0.0,0.0,0.884746,0.0,0.8774145660157209,0.0,0.92048144,0.0,0.8515864853758313,0,0.97638935
35,2,7,1,5,1,1,40,1.0,0.0,0.536577,0.0,0.5579732934977755,0.0,0.5035057,0.0,0.5017969405313809,1,0.0060364427
63,2,6,1,4,0,0,40,0.0,0.0,0.8997541,0.0,0.9194322555960467,0.0,0.79424953,0.0,0.8228240440172282,0,0.85227937
46,0,7,3,5,0,0,40,0.0,0.0,0.9535332,0.0,0.9723518176955659,0.0,0.97882557,0.0,0.9591797449255232,0,0.999864
22,2,3,3,0,0,1,40,0.0,0.0,0.99344593,0.0,0.9809641516465788,0.0,0.9882902,0.0,0.9894470222177112,0,0.99980015
51,2,3,3,5,0,0,40,0.0,0.0,0.9643209,0.0,0.9742718006063726,0.0,0.95434195,0.0,0.9680639161909133,0,0.9996506
42,2,6,2,5,1,1,40,0.0,0.0,0.96382177,0.0,0.9149452018144132,0.0,0.9605665,0.0,0.9711784593574729,0,0.9997634
36,2,6,0,0,1,1,40,0.0,0.0,0.9850115,0.0,0.9655577742763785,0.0,0.98588294,0.0,0.9810567097828234,0,0.999819
25,2,7,3,0,0,1,40,0.0,0.0,0.98768604,0.0,0.9735548049699491,0.0,0.9930832,0.0,0.9896973455652845,0,0.99984026
59,2,3,4,5,1,0,60,0.0,0.0,0.8654313,0.0,0.7105705946751746,0.0,0.683727,0.0,0.7557446594294843,0,0.79456294
40,2,3,1,5,1,0,40,1.0,0.0,0.6926113,1.0,0.4424108915963625,0.0,0.57238257,0.0,0.6032148183164494,1,0.1375552
32,2,6,3,0,0,1,60,1.0,0.0,0.9879281,0.0,0.9572777757482899,0.0,0.9707097,0.0,0.9725090357374676,0,0.99978894
46,1,3,1,1,0,1,40,0.0,0.0,0.7906682,0.0,0.8692386016235591,0.0,0.85120046,0.0,0.8529893187301176,0,0.9508808
22,2,1,3,0,1,1,40,0.0,0.0,0.96590775,0.0,0.9623820998991375,0.0,0.9593724,0.0,0.951331347119149,0,0.9997478
31,2,3,1,5,1,0,40,1.0,0.0,0.7500601,0.0,0.6041468982955622,0.0,0.67726755,0.0,0.6890323240608502,1,0.49405706
40,2,0,0,5,0,0,32,0.0,0.0,0.9564717,0.0,0.9671139622084655,0.0,0.96721226,0.0,0.9699410371488052,0,0.9998827
63,2,1,4,5,1,0,25,0.0,0.0,0.84478176,0.0,0.8464181779544677,0.0,0.9316066,0.0,0.8435215857028597,0,0.99860376
18,2,7,3,3,1,1,15,0.0,0.0,0.9990905,0.0,0.9860746338067634,0.0,0.9960127,0.0,0.9899697592334556,0,0.9998504
27,2,1,1,3,1,1,50,1.0,1.0,0.3741569,1.0,0.3192135694387259,1.0,0.46012884,1.0,0.360459315362028,1,6.365916e-06
49,2,3,1,0,1,1,50,0.0,0.0,0.589176,0.0,0.5148238422252025,0.0,0.5812266,0.0,0.6032148183164494,1,0.14993183
47,2,0,0,3,0,0,25,0.0,0.0,0.9754112,0.0,0.9577121055514478,0.0,0.98974705,0.0,0.9868458066073523,0,0.99982244
30,2,3,0,0,1,1,52,0.0,0.0,0.9418204,0.0,0.9401850095792122,0.0,0.9436782,0.0,0.9438532442432891,0,0.9996474
36,2,5,1,2,1,1,50,0.0,1.0,0.122835875,1.0,0.15876803305913,1.0,0.22414714,1.0,0.20199959310403504,1,5.305838e-07
19,2,3,3,3,1,0,30,0.0,0.0,0.9983611,0.0,0.9884477409420563,0.0,0.99172777,0.0,0.9899697592334556,0,0.99981934
44,2,7,1,2,1,1,45,1.0,1.0,0.3420605,1.0,0.30341025808863265,1.0,0.39789313,1.0,0.4385487912700464,1,1.1482756e-06
61,1,1,1,1,1,1,15,1.0,0.0,0.69382507,0.0,0.698382160922157,0.0,0.65845823,0.0,0.5832671629190382,1,0.18240291
40,2,2,1,2,0,1,45,1.0,1.0,0.17776453,1.0,0.22677688526421969,1.0,0.15934205,1.0,0.2135808113906611,1,4.1817572e-07
22,2,7,3,4,1,1,40,0.0,0.0,0.9916137,0.0,0.9886364970374241,0.0,0.9894706,0.0,0.9861709950891865,0,0.9998211
38,3,3,1,5,1,1,50,0.0,0.0,0.5116476,0.0,0.6082818724777714,0.0,0.5487695,0.0,0.5434820805983384,1,0.008631683
37,2,3,2,5,1,1,40,0.0,0.0,0.9319502,0.0,0.9398529176135175,0.0,0.9396147,0.0,0.9417226782364728,0,0.99953353
50,2,1,1,0,1,1,40,0.0,1.0,0.37922335,1.0,0.4094698850401902,1.0,0.4162252,1.0,0.4612109306612001,1,5.625922e-05
42,2,3,1,0,1,1,45,1.0,0.0,0.67557573,0.0,0.626072500619258,0.0,0.6456137,0.0,0.6704731657380872,1,0.352459
31,0,3,1,0,0,1,40,0.0,0.0,0.82016563,0.0,0.8386246458347624,0.0,0.8515887,0.0,0.8049689286343573,0,0.90236294
41,2,7,1,0,1,1,45,0.0,0.0,0.56130445,1.0,0.49045970522405824,0.0,0.57885426,0.0,0.566742125015939,1,0.10491266
40,2,1,1,2,1,1,50,0.0,1.0,0.23914433,1.0,0.24125741051984917,1.0,0.20879751,1.0,0.2599844859126418,1,5.771517e-07
28,2,3,1,0,1,0,40,0.0,0.0,0.8471069,0.0,0.9063481341778661,0.0,0.8635098,0.0,0.8737517909641446,0,0.97557324
55,2,2,1,5,1,1,80,1.0,1.0,0.053210795,1.0,0.14266416942324645,1.0,0.2049076,1.0,0.18974804089243347,1,6.963856e-07
20,2,0,3,0,1,0,40,0.0,0.0,0.98444736,0.0,0.9839467797316749,0.0,0.98525274,0.0,0.986017382146455,0,0.9998109
67,3,3,1,5,0,1,40,1.0,0.0,0.568532,1.0,0.4720663379660599,0.0,0.54851633,0.0,0.5240524262074211,1,0.00030809006
27,2,3,3,5,0,0,40,0.0,0.0,0.9859861,0.0,0.9879401848147991,0.0,0.9896448,0.0,0.9855729607798328,0,0.9998307
47,3,6,1,3,1,1,55,1.0,0.0,0.7478082,0.0,0.7647347264492603,0.0,0.7480687,0.0,0.7723129182333668,0,0.74266475
49,2,7,1,5,1,1,50,1.0,1.0,0.26385343,1.0,0.2645517131967092,1.0,0.24791062,1.0,0.2877783471562828,1,4.856455e-07
26,0,1,3,2,1,1,40,0.0,0.0,0.9190352,0.0,0.9175809580909786,0.0,0.9380592,0.0,0.9429648883443956,0,0.999985
28,2,0,0,5,1,1,50,1.0,0.0,0.83344835,0.0,0.8161806173430389,0.0,0.9058101,0.0,0.9420679492918738,0,0.9996245
38,2,3,3,4,1,1,40,0.0,0.0,0.9788836,0.0,0.9832827563648303,0.0,0.98910534,0.0,0.9819824887897047,0,0.9998061
42,2,7,1,4,1,1,40,1.0,0.0,0.6355363,0.0,0.6447495176515621,0.0,0.6307695,0.0,0.646717427696337,1,0.17348501
23,2,7,3,4,1,0,40,0.0,0.0,0.9879583,0.0,0.9869991576671626,0.0,0.9885783,0.0,0.9861709950891865,0,0.99981934
24,2,1,3,3,0,1,55,0.0,0.0,0.9072518,0.0,0.8918924578388178,0.0,0.85038835,0.0,0.8031659549521322,0,0.9936265
37,2,1,1,2,1,1,50,1.0,1.0,0.25144142,1.0,0.24926649456164318,1.0,0.22390336,1.0,0.172032055694882,1,5.8141217e-07
22,1,7,3,1,1,0,40,0.0,0.0,0.99123037,0.0,0.9894550847293911,0.0,0.99356294,0.0,0.9797728347232381,0,0.99998
31,0,1,1,4,1,1,97,1.0,1.0,0.31283695,1.0,0.28081921316278013,1.0,0.2596215,1.0,0.3225005055942133,1,6.547662e-07
40,2,7,1,4,1,1,48,1.0,0.0,0.5332993,1.0,0.4690095052063179,0.0,0.5253465,1.0,0.47435621152083396,1,0.03338572
18,2,6,3,4,1,0,15,0.0,0.0,0.99976206,0.0,0.9897582726096436,0.0,0.9969812,0.0,0.9899697592334556,0,0.9998387
25,2,7,3,5,1,0,40,0.0,0.0,0.9773019,0.0,0.9861827339799554,0.0,0.98809785,0.0,0.979396889613158,0,0.9999348
34,2,1,1,5,0,1,45,1.0,1.0,0.31026083,1.0,0.25263982863127754,1.0,0.1638323,1.0,0.20861537804017338,1,4.7301583e-07
31,0,6,1,4,1,0,40,0.0,0.0,0.9314975,0.0,0.9439083627544933,0.0,0.9450024,0.0,0.9064350227207163,0,0.9970776
37,2,0,0,0,0,1,48,0.0,0.0,0.91402596,0.0,0.8925884976337966,0.0,0.91635466,0.0,0.9260864182397619,0,0.9996619
23,1,0,1,1,1,1,40,0.0,0.0,0.85073215,0.0,0.8558856190104488,0.0,0.90184414,0.0,0.8916871054006089,0,0.97369194
38,2,3,1,0,1,1,40,0.0,0.0,0.7821986,0.0,0.7646235342535945,0.0,0.8207389,0.0,0.8194254020385872,0,0.89830863
38,2,3,2,4,0,0,32,0.0,0.0,0.9778954,0.0,0.9864727047472448,0.0,0.9868928,0.0,0.9821267314608476,0,0.9997875
44,3,5,1,2,1,1,60,1.0,1.0,0.1257242,1.0,0.11517540709238672,1.0,0.1857118,1.0,0.1124884375658124,1,6.3576545e-07
36,2,7,0,5,1,0,40,0.0,0.0,0.9430914,0.0,0.9663494757625954,0.0,0.9759439,0.0,0.9751989369346568,0,0.9999385
37,2,7,1,3,1,1,44,1.0,0.0,0.5259852,1.0,0.45258969458208254,1.0,0.38982058,1.0,0.4948423564123673,1,0.009375555
31,2,0,1,0,0,1,50,1.0,0.0,0.70115125,0.0,0.8213105799631975,0.0,0.6568533,0.0,0.6355626975876217,1,0.21833408
61,2,4,4,2,1,0,40,1.0,0.0,0.6388858,0.0,0.6480112677739394,0.0,0.5679597,0.0,0.7636066282152523,1,2.963109e-05
25,2,6,3,0,0,0,40,0.0,0.0,0.9976946,0.0,0.9853747609531742,0.0,0.99247444,0.0,0.9894470222177112,0,0.9998373
37,2,7,0,4,1,0,40,0.0,0.0,0.96477276,0.0,0.9715665439985932,0.0,0.9881075,0.0,0.9854531904165189,0,0.9998185
61,2,6,4,0,1,0,40,0.0,0.0,0.9826434,0.0,0.9628380984531963,0.0,0.98963046,0.0,0.978073885572989,0,0.9998115
27,2,1,3,2,1,0,48,0.0,0.0,0.87223446,0.0,0.9241837629470802,0.0,0.8583881,0.0,0.8204030036452238,0,0.99937755
32,2,7,0,5,1,0,50,1.0,0.0,0.91670364,0.0,0.9432594288289988,0.0,0.9342368,0.0,0.9664435693132375,0,0.99988973
18,2,6,3,4,0,0,40,0.0,0.0,0.99910045,0.0,0.9903402788360028,0.0,0.99605906,0.0,0.9894470222177112,0,0.9998272
25,3,0,1,4,1,0,45,0.0,0.0,0.68473065,0.0,0.804275949061377,0.0,0.59918153,0.0,0.6398072865580324,1,0.318873
60,2,5,1,2,1,1,70,1.0,1.0,0.07792586,1.0,0.18456472727480022,1.0,0.18426204,1.0,0.1740294646797137,1,5.1270814e-07
21,2,3,3,0,1,1,40,0.0,0.0,0.9940467,0.0,0.9839535596896772,0.0,0.98820007,0.0,0.9894470222177112,0,0.9997998
30,1,1,1,1,1,0,4,0.0,0.0,0.8639122,0.0,0.5579078801031334,0.0,0.8893168,0.0,0.9012782653540367,0,0.96016055
25,2,3,1,5,1,1,40,0.0,0.0,0.7622802,0.0,0.8123044723439319,0.0,0.74617636,0.0,0.7492192642783739,0,0.75528204
43,0,7,0,5,1,1,40,0.0,0.0,0.8504313,0.0,0.8925187786761211,0.0,0.9696425,0.0,0.96105553376129,0,0.99992764
45,3,1,1,2,1,1,40,1.0,1.0,0.3403229,1.0,0.3178562295967955,1.0,0.2054146,1.0,0.22160037191412996,1,4.8716277e-07
45,2,3,3,0,1,1,40,0.0,0.0,0.97323674,0.0,0.9720633758437274,0.0,0.983547,0.0,0.9894470222177112,0,0.99979
44,0,7,0,5,1,1,60,1.0,0.0,0.7540835,0.0,0.8114752290323417,0.0,0.8749287,0.0,0.9226473932581766,0,0.9850168
18,2,6,3,0,1,1,40,0.0,0.0,0.99910086,0.0,0.9890447973511087,0.0,0.9932896,0.0,0.9894470222177112,0,0.99984133
49,2,5,1,2,1,1,60,1.0,1.0,0.08866125,1.0,0.11465812073035564,1.0,0.1979062,1.0,0.16547189764372017,1,4.8512516e-07
52,2,7,0,3,1,1,50,0.0,0.0,0.7648257,0.0,0.7810188473661992,0.0,0.7307404,0.0,0.9045701223181857,0,0.99927217
49,2,3,1,0,1,1,50,0.0,0.0,0.589176,0.0,0.5148238422252025,0.0,0.5812266,0.0,0.6032148183164494,1,0.14993183
30,2,1,0,3,1,1,40,1.0,0.0,0.8254127,0.0,0.6942099822649719,0.0,0.8986071,0.0,0.8973021879379324,0,0.9993839
36,3,7,1,0,1,1,8,0.0,0.0,0.89472854,0.0,0.8480269820349222,0.0,0.9271474,0.0,0.9084462455321587,0,0.99324715
45,2,6,1,4,1,0,36,0.0,0.0,0.94105667,0.0,0.9615344082697603,0.0,0.9503447,0.0,0.916040866131305,0,0.99438196
39,2,3,1,0,1,1,60,0.0,0.0,0.5933263,0.0,0.6412810344406998,0.0,0.618958,0.0,0.6307793578535944,1,0.18305291
37,2,2,2,2,1,0,40,0.0,0.0,0.6656042,0.0,0.6774598628954009,1.0,0.28683376,0.0,0.6028910735011579,1,4.070149e-05
51,2,3,1,0,1,1,40,0.0,0.0,0.70439446,0.0,0.6563174083121924,0.0,0.64312047,0.0,0.6802250298160285,1,0.3973566
47,3,5,3,2,1,1,40,1.0,0.0,0.64891434,1.0,0.3532445466203611,0.0,0.5160036,0.0,0.8203674274570417,1,0.003836919
64,3,6,1,0,1,1,20,0.0,0.0,0.9243749,0.0,0.8910677343316347,0.0,0.88704747,0.0,0.8846054255701135,0,0.9933119
20,1,7,3,1,1,0,15,0.0,0.0,0.99706405,0.0,0.98862073545169,0.0,0.9931576,0.0,0.9795846740159107,0,0.9999825
40,2,0,1,5,1,1,40,0.0,1.0,0.43131965,1.0,0.4811423072484481,1.0,0.35823065,1.0,0.4268325333757689,1,0.0005419385
41,2,3,2,5,1,0,40,0.0,0.0,0.93980885,0.0,0.9582143311500508,0.0,0.92866105,0.0,0.9355644792704981,0,0.99949074
40,2,3,3,3,0,1,40,0.0,0.0,0.9717952,0.0,0.9738173590876238,0.0,0.9849985,0.0,0.9894470222177112,0,0.9997912
20,2,3,3,5,1,0,10,0.0,0.0,0.99784505,0.0,0.989070283861633,0.0,0.99454856,0.0,0.9899697592334556,0,0.99984396
28,2,6,1,0,0,1,40,0.0,0.0,0.95112884,0.0,0.9315688914469263,0.0,0.9588581,0.0,0.9453412262246254,0,0.9970221
56,0,3,1,0,1,1,40,0.0,0.0,0.6350775,0.0,0.6029070171510782,0.0,0.6794394,0.0,0.675541605166949,1,0.34899133
38,0,4,1,5,1,1,70,1.0,1.0,0.12698019,1.0,0.09107291275112661,1.0,0.21814066,1.0,0.21160233844132714,1,1.1874881e-06
42,2,4,1,2,1,1,40,1.0,1.0,0.20635158,1.0,0.2193639527463226,1.0,0.28159195,1.0,0.2755717807678564,1,5.5600935e-07
23,2,1,3,5,1,0,5,0.0,0.0,0.9917623,0.0,0.9859054778774186,0.0,0.98807114,0.0,0.9838241508629151,0,0.99989927
51,3,6,1,4,1,1,99,0.0,0.0,0.63273406,0.0,0.6149726697385196,0.0,0.6978824,0.0,0.532611681533426,1,0.009664049
25,2,7,1,3,1,1,43,0.0,0.0,0.70761716,0.0,0.6977240995780785,0.0,0.64132065,0.0,0.6342640684749676,1,0.2725414
41,2,7,3,0,0,1,40,0.0,0.0,0.9671203,0.0,0.9425059590186995,0.0,0.9916125,0.0,0.984442045415811,0,0.99983096
34,2,7,3,0,1,1,40,1.0,0.0,0.96928185,0.0,0.9707418936488321,0.0,0.9916273,0.0,0.984442045415811,0,0.9998374
18,2,3,3,5,1,0,20,0.0,0.0,0.9978299,0.0,0.989683608086213,0.0,0.99319285,0.0,0.9899697592334556,0,0.99983406
42,2,7,1,2,1,1,32,1.0,0.0,0.5468544,1.0,0.4153859801323875,1.0,0.47161007,1.0,0.4838514454854034,1,0.0063650208
49,0,1,1,5,1,1,40,1.0,1.0,0.30588162,1.0,0.25823533719891734,1.0,0.28888106,1.0,0.2633116658640029,1,1.0993223e-05
39,2,3,1,3,1,1,50,0.0,0.0,0.50684977,0.0,0.5297002588352522,0.0,0.5412005,0.0,0.566742125015939,1,0.10659186
26,2,7,0,2,1,0,40,0.0,0.0,0.94565636,0.0,0.9497471937614355,0.0,0.92064095,0.0,0.9739642551770346,0,0.9999292
41,0,3,1,4,1,1,40,0.0,0.0,0.6448025,0.0,0.6929288237911049,0.0,0.7137066,0.0,0.6825579628145674,1,0.49245724
43,2,3,1,0,1,1,40,0.0,0.0,0.75252104,0.0,0.6982123750476055,0.0,0.72584796,0.0,0.7492192642783739,0,0.76001495
27,2,6,3,0,1,1,40,0.0,0.0,0.99587023,0.0,0.9762422509021753,0.0,0.9923086,0.0,0.9894470222177112,0,0.9998363
32,2,1,3,5,1,1,55,0.0,0.0,0.7216299,0.0,0.6176226094709365,0.0,0.7134355,0.0,0.5917450189889644,1,0.2575535
46,2,2,1,2,1,1,60,1.0,1.0,0.1043455,1.0,0.16643449581975212,1.0,0.18072116,1.0,0.10765805482560975,1,4.321567e-07
41,0,1,1,2,1,0,40,1.0,1.0,0.33356404,1.0,0.24184951869204296,1.0,0.28870285,1.0,0.29437309058382344,1,2.9425842e-06
41,2,1,1,3,1,1,55,0.0,1.0,0.21921223,1.0,0.22753906059705375,1.0,0.2272147,1.0,0.27198896899865554,1,4.8801047e-07
19,2,3,3,2,1,1,40,0.0,0.0,0.9885439,0.0,0.9763619817179122,0.0,0.9915539,0.0,0.9837617216563679,0,0.999876
70,2,1,4,0,0,1,32,0.0,0.0,0.8811812,0.0,0.7741101794467242,0.0,0.7052103,0.0,0.9198113821797458,0,0.99945456
53,1,6,1,1,1,0,40,0.0,0.0,0.8844225,0.0,0.9040162137938434,0.0,0.96155745,0.0,0.8838268280906886,0,0.99900156
39,2,7,0,5,0,0,40,0.0,0.0,0.94904035,0.0,0.9655177905566353,0.0,0.97308505,0.0,0.9748208407418906,0,0.9999411
45,0,3,2,4,0,0,40,0.0,0.0,0.938014,0.0,0.9549664867723352,0.0,0.90279186,0.0,0.9333642690838582,0,0.99955064
27,2,6,1,0,1,1,24,0.0,0.0,0.97104996,0.0,0.9633159701516165,0.0,0.96029085,0.0,0.9760750157523282,0,0.9992341
60,2,3,2,3,1,0,32,0.0,0.0,0.97304904,0.0,0.9403208920086668,0.0,0.9715212,0.0,0.964355482156185,0,0.99955267
25,2,7,3,5,1,1,46,0.0,0.0,0.94670993,0.0,0.9689482182538417,0.0,0.96642804,0.0,0.969195036166044,0,0.99991906
30,2,3,1,3,1,1,45,0.0,0.0,0.657668,0.0,0.5870027332652552,0.0,0.69962907,0.0,0.6482283831182719,1,0.40923148
20,2,6,3,0,1,1,40,0.0,0.0,0.99834996,0.0,0.9848544968734129,0.0,0.99298584,0.0,0.9894470222177112,0,0.9998399
49,2,7,1,5,1,0,40,0.0,0.0,0.5081321,1.0,0.44386933454608535,1.0,0.3633535,1.0,0.3975429834962415,1,2.0770685e-06
46,0,1,1,2,0,1,40,1.0,1.0,0.3484,1.0,0.26873571514492356,1.0,0.29352677,1.0,0.3106642656804277,1,3.9301317e-06
34,2,0,1,5,0,1,45,1.0,1.0,0.46108508,1.0,0.3432008148268383,1.0,0.3851226,1.0,0.47708511215689264,1,0.00012983273
27,2,6,1,0,1,1,40,0.0,0.0,0.9402405,0.0,0.9500336723081295,0.0,0.9597414,0.0,0.9453412262246254,0,0.9970981
46,2,0,0,3,1,0,25,0.0,0.0,0.96833354,0.0,0.9480901785277126,0.0,0.98995996,0.0,0.9868458066073523,0,0.99982446
64,3,0,1,0,1,1,30,0.0,0.0,0.6290904,0.0,0.6822888649470222,0.0,0.5351092,0.0,0.6038374128819285,1,0.042734176
33,1,3,0,1,0,0,41,0.0,0.0,0.97454375,0.0,0.9552884566666395,0.0,0.9649786,0.0,0.9548365159179668,0,0.9999368
31,2,1,3,5,1,0,60,1.0,0.0,0.8235878,0.0,0.781680211363804,0.0,0.7920443,0.0,0.6008800526056216,1,0.11005969
58,2,3,4,5,1,0,40,0.0,0.0,0.90879834,0.0,0.9429615375859103,0.0,0.94714797,0.0,0.9149265233084883,0,0.9995735
42,2,7,1,2,1,0,50,1.0,1.0,0.41296405,1.0,0.41219512084854526,1.0,0.42058426,1.0,0.4130462271653236,1,9.3491013e-07
39,2,0,1,4,1,1,40,0.0,0.0,0.6016041,0.0,0.5900269275464671,0.0,0.67704237,0.0,0.6307551497623776,1,0.20602353
40,1,3,0,1,1,1,25,0.0,0.0,0.97831094,0.0,0.9655365300175823,0.0,0.9935538,0.0,0.9740562676983328,0,0.99997246
21,2,3,3,0,1,1,40,0.0,0.0,0.9940467,0.0,0.9839535596896772,0.0,0.98820007,0.0,0.9894470222177112,0,0.9997998
31,3,1,1,5,1,1,50,1.0,1.0,0.2959013,1.0,0.44072176127217977,1.0,0.25341648,1.0,0.24186234241999494,1,6.944961e-07
39,2,1,1,2,1,1,40,1.0,1.0,0.2938466,1.0,0.23795348890643908,1.0,0.21787584,1.0,0.24897083871612624,1,5.586099e-07
20,2,6,1,0,1,1,40,0.0,0.0,0.9725457,0.0,0.9656706096401482,0.0,0.9660912,0.0,0.9706342463660895,0,0.9978448
24,2,7,3,5,0,0,35,0.0,0.0,0.9899223,0.0,0.9902440473015862,0.0,0.9831357,0.0,0.9832932887117538,0,0.99994123
42,2,7,1,2,1,1,40,1.0,1.0,0.42892128,1.0,0.408234780933882,1.0,0.32332486,1.0,0.3449538038742237,1,1.1757926e-05
27,2,0,1,4,1,1,40,0.0,0.0,0.74764866,0.0,0.7482867096144125,0.0,0.7361491,0.0,0.714487680213816,0,0.616173
30,2,1,3,5,0,0,52,0.0,0.0,0.8610709,0.0,0.8391470574862002,0.0,0.73457706,0.0,0.7281482158389321,0,0.522795
28,3,7,3,5,1,1,30,0.0,0.0,0.98182267,0.0,0.9684341568725225,0.0,0.98497635,0.0,0.9773959973554563,0,0.9999932
50,2,3,1,0,1,1,40,0.0,0.0,0.71069086,0.0,0.627693206171709,0.0,0.66098297,0.0,0.6916737970963738,1,0.4375639
19,2,3,3,3,1,1,48,0.0,0.0,0.990813,0.0,0.9806675362004604,0.0,0.98046964,0.0,0.9808173172732457,0,0.9997708
20,2,7,3,4,1,1,60,0.0,0.0,0.9797352,0.0,0.9825805272941606,0.0,0.96403897,0.0,0.9759470763622591,0,0.99971
46,2,7,0,5,1,0,70,0.0,0.0,0.8341784,0.0,0.9181398935800916,0.0,0.73138285,0.0,0.813866003035169,0,0.9781261
47,3,6,1,3,1,1,50,0.0,0.0,0.7609447,0.0,0.7782086683385185,0.0,0.78481245,0.0,0.7723129182333668,0,0.8175991
24,2,3,3,0,1,1,42,0.0,0.0,0.98624843,0.0,0.9794783872309457,0.0,0.9825445,0.0,0.9859906533506766,0,0.9997863
17,2,6,3,4,1,0,20,0.0,0.0,0.9999864,0.0,0.9898587615976677,0.0,0.9961801,0.0,0.9894470222177112,0,0.9998349
36,0,5,0,2,0,0,40,0.0,0.0,0.7645155,0.0,0.5708979361464892,0.0,0.8223828,0.0,0.8021654114355068,0,0.9949122
18,2,3,3,4,1,0,30,0.0,0.0,0.99831206,0.0,0.9900602327076536,0.0,0.992087,0.0,0.9899697592334556,0,0.99982244
42,2,0,3,5,1,0,40,0.0,0.0,0.9183198,0.0,0.9582928373996575,0.0,0.95910776,0.0,0.9543087973383382,0,0.99981207
33,1,3,0,1,1,0,32,0.0,0.0,0.9839845,0.0,0.9750610396021814,0.0,0.9939476,0.0,0.9740562676983328,0,0.9999759
41,2,7,2,0,1,1,35,0.0,0.0,0.96701545,0.0,0.9236429001479707,0.0,0.9953585,0.0,0.9894470222177112,0,0.99982435
45,2,4,1,5,0,1,40,1.0,1.0,0.18421769,1.0,0.1857354947776133,1.0,0.27941763,1.0,0.244556772491068,1,5.6552835e-07
38,2,3,1,0,1,1,40,0.0,0.0,0.7821986,0.0,0.7646235342535945,0.0,0.8207389,0.0,0.8194254020385872,0,0.89830863
39,2,4,3,4,1,0,32,0.0,0.0,0.93784845,0.0,0.9768683647021141,0.0,0.9265764,0.0,0.9223128782013309,0,0.99674326
33,2,7,3,0,0,1,40,0.0,0.0,0.97689766,0.0,0.965896598530978,0.0,0.99169147,0.0,0.984442045415811,0,0.99983835
28,2,0,1,0,1,1,40,0.0,0.0,0.7426065,0.0,0.8169375088443358,0.0,0.74871826,0.0,0.7392101445267152,0,0.7776726
58,0,3,1,4,1,1,40,0.0,0.0,0.5650844,0.0,0.6596099909228497,0.0,0.6389509,0.0,0.6248175265626701,1,0.10460365
32,2,0,1,2,1,1,45,1.0,1.0,0.39207125,1.0,0.41306779587207687,1.0,0.4693063,1.0,0.46523305723943986,1,0.00010719592
47,2,7,1,5,1,0,50,0.0,1.0,0.4300735,1.0,0.45395754515543163,1.0,0.26347643,1.0,0.2894647184886501,1,4.7906786e-07
45,0,0,1,0,1,1,40,0.0,0.0,0.56639004,0.0,0.5693243741336018,0.0,0.600093,0.0,0.5189040083059567,1,0.07091023
52,1,0,1,1,1,1,50,1.0,0.0,0.5536839,1.0,0.4845461738657397,0.0,0.5137809,0.0,0.5625631519356388,1,0.07354836
40,2,3,1,0,1,1,40,1.0,0.0,0.7701949,0.0,0.6982123750476055,0.0,0.74944496,0.0,0.7492192642783739,0,0.7872783
60,1,3,1,1,1,1,40,0.0,0.0,0.7056111,0.0,0.788375253904503,0.0,0.66048,0.0,0.7154376828658169,0,0.60060775
33,3,7,1,2,1,0,60,1.0,1.0,0.43918806,1.0,0.35602191046003195,1.0,0.32754093,1.0,0.4118003592862759,1,6.6494147e-07
43,0,5,1,2,1,1,70,1.0,1.0,0.12113023,1.0,0.19241849416490586,1.0,0.27882278,1.0,0.2872290649359238,1,3.6487093e-06
45,3,6,1,0,1,1,70,0.0,0.0,0.83906955,0.0,0.7981634269288992,0.0,0.82756335,0.0,0.7709174524085747,0,0.8379332
27,2,6,3,4,1,0,24,0.0,0.0,0.9988899,0.0,0.9879196236221772,0.0,0.99658555,0.0,0.9899697592334556,0,0.99983
44,2,1,3,2,1,0,45,0.0,0.0,0.7896939,0.0,0.8321087095425125,0.0,0.80494535,0.0,0.6310410602274098,1,0.1745909
23,2,3,3,5,1,0,40,0.0,0.0,0.98783344,0.0,0.9887801953392277,0.0,0.98981935,0.0,0.9899697592334556,0,0.99983084
42,0,1,3,5,1,0,40,0.0,0.0,0.9009832,0.0,0.9345858979424925,0.0,0.9044327,0.0,0.8830524767098139,0,0.94808054
43,2,3,0,4,1,0,35,0.0,0.0,0.975805,0.0,0.9749498804957477,0.0,0.9923871,0.0,0.9855351098496185,0,0.99981445
63,2,3,0,2,1,0,72,0.0,0.0,0.7762088,0.0,0.774317590620206,0.0,0.8491383,0.0,0.7708125673275198,1,0.3384478
34,3,1,0,0,1,1,50,0.0,0.0,0.82157624,0.0,0.7266649529008244,0.0,0.67701614,0.0,0.8692052425417461,0,0.99842167
17,2,6,3,4,1,0,40,0.0,0.0,0.99995804,0.0,0.9901483524577914,0.0,0.9946676,0.0,0.9894470222177112,0,0.99982363
36,2,3,1,0,1,1,85,0.0,0.0,0.5201684,0.0,0.5848144395122268,0.0,0.52630234,0.0,0.566742125015939,1,0.06964137
24,2,3,2,3,1,0,48,0.0,0.0,0.9764713,0.0,0.9686130919628086,0.0,0.9592127,0.0,0.9480588665432244,0,0.99912924
49,0,0,0,5,0,0,44,0.0,0.0,0.87996125,0.0,0.8906075066583462,0.0,0.9317577,0.0,0.9276300427626517,0,0.9934988
41,2,1,3,5,1,1,40,0.0,0.0,0.791547,0.0,0.8908199569950369,0.0,0.86750567,0.0,0.8292615669186051,0,0.9994874
58,2,1,0,3,1,1,50,0.0,0.0,0.5228342,1.0,0.36146670083505694,1.0,0.356425,1.0,0.4872699885523204,1,0.00015861716
36,2,0,3,4,1,1,45,0.0,0.0,0.92991775,0.0,0.9654880750704706,0.0,0.95510495,0.0,0.971160855632983,0,0.9995222
24,2,3,2,4,1,0,50,1.0,0.0,0.9685501,0.0,0.9741787220610099,0.0,0.9627775,0.0,0.9747334775287213,0,0.9991285
23,0,7,3,5,1,0,20,0.0,0.0,0.9923594,0.0,0.9849183429532773,0.0,0.9747859,0.0,0.961320663059833,0,0.99999404
67,1,3,1,5,0,1,12,0.0,0.0,0.7862928,0.0,0.865022885707697,0.0,0.82383627,0.0,0.791214928183419,0,0.9280279
37,2,3,1,4,0,1,40,0.0,0.0,0.79866266,0.0,0.85796413305101,0.0,0.7383739,0.0,0.777537829304877,0,0.7411394
45,2,1,1,4,0,1,38,0.0,1.0,0.4909206,1.0,0.4277849119079,0.0,0.5304607,1.0,0.4612826061398806,1,0.0029419295
42,2,1,1,5,0,0,40,1.0,1.0,0.39365512,1.0,0.3203859580074503,1.0,0.16101694,1.0,0.20861537804017338,1,4.6556158e-07
53,2,7,1,0,1,1,40,0.0,0.0,0.57039964,0.0,0.5586646038855545,0.0,0.5109726,0.0,0.5309679499908395,1,0.04358893
42,2,3,0,0,0,1,40,0.0,0.0,0.96444225,0.0,0.9533064973520999,0.0,0.97711575,0.0,0.9680756794968552,0,0.99977905
53,2,0,1,0,1,1,40,1.0,0.0,0.5441958,0.0,0.5825107881606494,0.0,0.52287555,0.0,0.5494164969838116,1,0.04028476
60,2,3,1,4,1,1,40,1.0,0.0,0.61883837,0.0,0.706510911996796,0.0,0.6806257,0.0,0.6255513479812433,1,0.19593647
39,2,3,1,4,1,1,40,1.0,0.0,0.75036705,0.0,0.7307047183204866,0.0,0.7242324,0.0,0.7655526523003772,0,0.7027267
27,2,7,1,5,1,1,60,0.0,1.0,0.42364603,1.0,0.4445724981045266,1.0,0.42496812,1.0,0.36230982650290544,1,9.2877635e-06
65,1,1,1,1,1,1,40,0.0,0.0,0.56102157,1.0,0.48506002464211373,1.0,0.47706515,1.0,0.3699359212884612,1,0.00036501314
29,2,3,1,0,1,1,40,0.0,0.0,0.842921,0.0,0.8530644548181698,0.0,0.8668237,0.0,0.8700664057474417,0,0.9651129
59,0,7,3,5,0,0,40,0.0,0.0,0.9341805,0.0,0.9610069693454326,0.0,0.9684385,0.0,0.9431144091005262,0,0.9940433
28,2,7,0,4,0,1,24,0.0,0.0,0.9900209,0.0,0.9789597307309664,0.0,0.99291277,0.0,0.9899153546152761,0,0.99982303
35,0,1,1,2,0,1,40,0.0,1.0,0.41705942,1.0,0.49303186267952814,1.0,0.3374974,1.0,0.47702339592214815,1,2.5025945e-06
25,2,3,3,4,1,1,30,0.0,0.0,0.99596375,0.0,0.9881389387329687,0.0,0.99202794,0.0,0.989972401351476,0,0.9998242
35,2,1,1,0,1,1,40,0.0,1.0,0.47436398,0.0,0.6618489702735324,1.0,0.4839341,0.0,0.5056248516003692,1,0.009743646
32,3,1,1,3,1,1,55,1.0,1.0,0.32391447,1.0,0.3418845469897188,1.0,0.35432184,1.0,0.32324266615063313,1,7.9487796e-07
22,2,3,3,4,1,1,20,0.0,0.0,0.99798375,0.0,0.9895318220235824,0.0,0.99237496,0.0,0.989972401351476,0,0.9998259
21,1,7,3,1,1,0,24,0.0,0.0,0.995664,0.0,0.9877892487148571,0.0,0.9911959,0.0,0.979953371400512,0,0.9999802
17,2,6,3,0,1,1,10,0.0,0.0,0.99999577,0.0,0.9929011782440854,0.0,0.9962762,0.0,0.9899697592334556,0,0.99984777
25,2,7,3,5,1,0,30,0.0,0.0,0.98874164,0.0,0.9881194252093694,0.0,0.9799622,0.0,0.9832932887117538,0,0.9999411
25,2,7,3,5,1,0,40,0.0,0.0,0.9773019,0.0,0.9861827339799554,0.0,0.98809785,0.0,0.979396889613158,0,0.9999348
19,2,3,1,0,1,1,25,0.0,0.0,0.96758443,0.0,0.972073095590915,0.0,0.97341555,0.0,0.9548152704142367,0,0.9968823
39,2,2,0,2,1,0,80,0.0,1.0,0.48395234,1.0,0.4513831519232694,1.0,0.32960582,1.0,0.2968675497260991,1,1.8298371e-06
31,2,7,1,0,1,1,40,0.0,0.0,0.73925734,0.0,0.7482009202155103,0.0,0.7409061,0.0,0.7392101445267152,0,0.78594625
23,3,6,1,0,1,1,60,1.0,0.0,0.9175686,0.0,0.8879044271507796,0.0,0.8630093,0.0,0.8733383290272616,0,0.9807992
45,2,3,2,0,0,0,40,0.0,0.0,0.96806306,0.0,0.9715487671538372,0.0,0.9729937,0.0,0.9699557045344511,0,0.9997111
64,0,3,1,5,1,1,40,0.0,1.0,0.46372187,1.0,0.4569201411147741,0.0,0.56322706,0.0,0.5636976944096721,1,0.00069478736
49,0,1,1,2,1,1,50,1.0,1.0,0.26273406,1.0,0.34855088104507237,1.0,0.2927078,1.0,0.35933807361473646,1,3.8980265e-06
44,3,1,0,5,1,0,40,0.0,0.0,0.8086381,0.0,0.8947047509316207,0.0,0.9572286,0.0,0.8815521429331182,0,0.9751617
60,3,7,1,5,1,1,40,0.0,1.0,0.39041692,1.0,0.40888178270607045,1.0,0.3161242,1.0,0.3480270045696109,1,1.7723638e-06
50,3,7,1,0,1,1,70,0.0,1.0,0.47527045,0.0,0.7785840698594738,1.0,0.4148413,0.0,0.5069531477198226,1,1.0878069e-05
35,3,3,0,0,1,1,50,0.0,0.0,0.94843227,0.0,0.9164465386505389,0.0,0.9181049,0.0,0.9139785076295719,0,0.99904984
49,2,4,0,5,1,0,75,0.0,0.0,0.5367961,1.0,0.3817847906373254,1.0,0.4320523,1.0,0.44759213133360776,1,8.546851e-06
40,2,7,3,5,0,0,40,0.0,0.0,0.9590682,0.0,0.9684545914793925,0.0,0.97235703,0.0,0.9666902958205786,0,0.99994755
48,2,1,0,5,1,1,40,0.0,0.0,0.6500279,0.0,0.6042340813453678,0.0,0.8134241,0.0,0.7445718781200338,0,0.90498537
22,2,7,3,3,1,1,20,0.0,0.0,0.99674386,0.0,0.9831899388308786,0.0,0.9946478,0.0,0.9899697592334556,0,0.9998522
17,2,6,3,3,0,1,22,0.0,0.0,0.9999927,0.0,0.9911647128156184,0.0,0.9961886,0.0,0.9894470222177112,0,0.9998472
50,3,7,1,0,1,1,35,0.0,0.0,0.72656834,0.0,0.7158544421441824,0.0,0.60805833,0.0,0.6825579628145674,1,0.37785235
32,2,1,1,3,0,1,40,0.0,1.0,0.48397386,1.0,0.3501308006220627,1.0,0.3976488,1.0,0.44805050875402486,1,6.758051e-05
36,2,4,1,2,1,1,50,1.0,1.0,0.1804325,1.0,0.22641617950097537,1.0,0.26624566,1.0,0.2354880963244017,1,5.1434085e-07
39,2,7,3,0,1,1,40,0.0,0.0,0.9611607,0.0,0.9674543554978713,0.0,0.9918348,0.0,0.984442045415811,0,0.99983203
28,2,3,1,5,0,1,40,1.0,0.0,0.7534975,0.0,0.8175675304489672,0.0,0.7842638,0.0,0.7492192642783739,0,0.6822579
17,2,6,3,4,1,0,10,0.0,0.0,0.9999916,0.0,0.9903164954447732,0.0,0.9966202,0.0,0.9899697592334556,0,0.9998394
50,0,1,1,5,1,1,40,0.0,1.0,0.30244964,1.0,0.25823533719891734,1.0,0.2802313,1.0,0.2604007526078569,1,1.0737032e-05
48,2,7,0,0,0,1,40,0.0,0.0,0.932469,0.0,0.8868596838595577,0.0,0.93542403,0.0,0.9742518924466687,0,0.9998419
46,0,4,1,2,1,1,40,1.0,1.0,0.23560041,1.0,0.14952257626017917,1.0,0.21717638,1.0,0.27686220821695895,1,6.862466e-07
33,1,0,1,1,1,0,50,1.0,0.0,0.72841334,0.0,0.7329465231552841,0.0,0.66177356,0.0,0.6235501577061224,1,0.18965559
41,2,3,1,0,1,1,44,1.0,0.0,0.6935138,0.0,0.6311605117206847,0.0,0.67015743,0.0,0.7043444045664533,1,0.46721587
33,2,3,0,5,0,0,40,0.0,0.0,0.9645048,0.0,0.9801318574011895,0.0,0.9468023,0.0,0.9720766088812319,0,0.999746
42,2,7,1,2,1,0,36,0.0,0.0,0.5630035,0.0,0.6508158840144429,0.0,0.6154032,1.0,0.47630480368892947,1,0.0028158005
26,2,1,3,5,0,1,40,0.0,0.0,0.92492276,0.0,0.9190629362808427,0.0,0.92524517,0.0,0.958591550653886,0,0.99979216
29,3,2,1,2,1,1,35,1.0,1.0,0.3368336,1.0,0.3202445080927673,1.0,0.20170367,1.0,0.2358888999945542,1,4.7434935e-07
17,0,6,3,0,1,1,35,0.0,0.0,0.9999781,0.0,0.991749701702509,0.0,0.9881288,0.0,0.9796631529947727,0,0.99996233
41,2,7,1,0,1,1,40,1.0,0.0,0.6523744,0.0,0.6589721125139261,0.0,0.6798624,0.0,0.6440673257910199,1,0.32547796
20,2,7,3,4,1,1,16,0.0,0.0,0.99865484,0.0,0.9894338552914397,0.0,0.99178,0.0,0.9899180109183517,0,0.99982965
17,2,6,3,0,1,1,17,0.0,0.0,0.99999434,0.0,0.9920508658277523,0.0,0.9959899,0.0,0.9894470222177112,0,0.9998472
49,0,0,1,5,1,1,40,0.0,1.0,0.3623277,1.0,0.364965072941296,1.0,0.26956904,1.0,0.417388131525708,1,7.376101e-05
40,2,3,1,0,1,1,40,0.0,0.0,0.7701949,0.0,0.6982123750476055,0.0,0.74944496,0.0,0.7492192642783739,0,0.7872783
46,2,4,1,2,1,1,46,1.0,1.0,0.15563971,1.0,0.19501200534546914,1.0,0.22908348,1.0,0.21964771658273707,1,5.4992535e-07
36,2,1,1,2,1,1,50,1.0,1.0,0.25580144,1.0,0.2602691086952835,1.0,0.23088568,1.0,0.172032055694882,1,5.7892686e-07
20,2,0,3,4,1,0,20,0.0,0.0,0.9957426,0.0,0.9826414152730933,0.0,0.9939901,0.0,0.9899697592334556,0,0.9998286
41,2,6,1,0,1,1,40,1.0,0.0,0.8945012,0.0,0.8986468241515649,0.0,0.899674,0.0,0.9024606956917652,0,0.9920521
47,0,2,1,2,1,1,40,1.0,1.0,0.16654599,1.0,0.12973620122012675,1.0,0.17995739,1.0,0.15913158693523555,1,1.1675586e-05
59,0,1,1,4,0,1,30,0.0,1.0,0.4988948,0.0,0.5060742104176411,1.0,0.44125164,0.0,0.5464518606840191,1,1.201417e-06
54,3,7,1,3,1,1,40,0.0,1.0,0.4841166,0.0,0.5973326255269698,1.0,0.48123348,1.0,0.43107584480960714,1,2.4728544e-05
23,2,6,1,0,1,1,25,0.0,0.0,0.97862214,0.0,0.9622760695395663,0.0,0.9600582,0.0,0.9760750157523282,0,0.9993173
33,2,3,1,0,1,1,40,0.0,0.0,0.81647575,0.0,0.8260061073058818,0.0,0.8508402,0.0,0.8514576748514968,0,0.9541912
39,2,0,0,5,1,0,40,0.0,0.0,0.9142989,0.0,0.9462066431808456,0.0,0.9326146,0.0,0.9543087973383382,0,0.9997507
37,3,7,1,5,1,1,50,1.0,1.0,0.4272067,1.0,0.438444793807957,1.0,0.40167093,1.0,0.42026918719590545,1,4.3742657e-06
28,3,6,3,0,1,1,40,0.0,0.0,0.9952707,0.0,0.963017613933299,0.0,0.97221977,0.0,0.9789038034107622,0,0.9998747
44,2,1,1,5,1,1,60,1.0,1.0,0.14820278,1.0,0.12979690600194804,1.0,0.21257031,1.0,0.15508180428082907,1,5.3213955e-07
53,2,3,1,0,1,1,40,0.0,0.0,0.6945021,0.0,0.5649443162141652,0.0,0.63396585,0.0,0.667714424362824,1,0.29097065
47,2,3,1,0,1,1,50,1.0,0.0,0.6011679,0.0,0.5369761295973987,0.0,0.60069466,0.0,0.6256856875894514,1,0.17365716
